data/Clay content_kg_per_ha_Clipped_EPSG32636.asc
ncols        799
nrows        396
xllcorner    230039.885700000013
yllcorner    4148060.143399999943
cellsize     100.000000000000
NODATA_value  -1000
[rows 87 to 115 of 396, columns 726 to 791 of 799]
6199555 6199555 6199555 6259170 6259170 6564340 6564340 6964280 6964280 6948470 6948470 6948470 6948470 6661510 6661510 6574850 6574850 6566720 6566720 6210630 6210630 6210630 6210630 5952715 5952715 5480775 5480775 5490045 5490045 5378895 5378895 5378895 5378895 5017630 5017630 5400000 5400000 5168335 5168335 5456245 5456245 5456245 5456245 5648490 5648490 6180440 6180440 6060065 6060065 6342345 6342345 6349365 6349365 7123340 7123340 7844740 7844740 7665240 7665240 7665240 7665240 7223610 7223610 7224650 7224650 7230360
6443570 6443570 6443570 6377530 6377530 6690380 6690380 6831460 6831460 6920845 6920845 6920845 6920845 6918520 6918520 6874200 6874200 6491635 6491635 6653125 6653125 6653125 6653125 6483485 6483485 5775655 5775655 5607175 5607175 5330220 5330220 5330220 5330220 5017630 5017630 5400000 5400000 5168335 5168335 5456245 5456245 5456245 5456245 5648490 5648490 6180440 6180440 6060065 6060065 6342345 6342345 6349365 6349365 7123340 7123340 7844740 7844740 7665240 7665240 7665240 7665240 7223610 7223610 7224650 7224650 7230360
6443570 6443570 6443570 6377530 6377530 6690380 6690380 6831460 6831460 6920845 6920845 6920845 6920845 6918520 6918520 6874200 6874200 6491635 6491635 6653125 6653125 6653125 6653125 6483485 6483485 5775655 5775655 5607175 5607175 5330220 5330220 5330220 5330220 5004015 5004015 5202840 5202840 5381665 5381665 5579970 5579970 5579970 5579970 5525525 5525525 5990220 5990220 6164285 6164285 6852880 6852880 6861070 6861070 7192540 7192540 8137785 8137785 7867080 7867080 7867080 7867080 7247450 7247450 6933635 6933635 7342765
6245390 6245390 6245390 6284775 6377530 6690380 6690380 6831460 6831460 6920845 6920845 6920845 6920845 6918520 6918520 6874200 6874200 6491635 6491635 6653125 6653125 6653125 6653125 6483485 6483485 5775655 5775655 5607175 5607175 5330220 5330220 5330220 5330220 5004015 5004015 5202840 5202840 5381665 5381665 5579970 5579970 5579970 5579970 5525525 5525525 5990220 5990220 6164285 6164285 6852880 6852880 6861070 6861070 7192540 7192540 8137785 8137785 7867080 7867080 7867080 7867080 7247450 7247450 6933635 6933635 7342765
6245390 6245390 6245390 6284775 6284775 6582135 6582135 6589285 6589285 6713260 6713260 6713260 6713260 6984585 6984585 6627500 6627500 6597180 6597180 6308710 6308710 6308710 6308710 6714900 6714900 6304600 6304600 5785865 5785865 5586680 5586680 5586680 5586680 5344110 5344110 5296115 5296115 5486240 5486240 5634175 5634175 5634175 5634175 5908690 5908690 5912630 5912630 6804390 6164285 6852880 6852880 6861070 6861070 7192540 7192540 8137785 8137785 7867080 7867080 7867080 7867080 7247450 7247450 6933635 6933635 7342765
6245390 6245390 6245390 6284775 6284775 6582135 6582135 6589285 6589285 6713260 6713260 6713260 6713260 6984585 6984585 6627500 6627500 6597180 6597180 6308710 6308710 6308710 6308710 6714900 6714900 6304600 6304600 5785865 5785865 5586680 5586680 5586680 5586680 5344110 5344110 5296115 5296115 5486240 5486240 5634175 5634175 5634175 5634175 5908690 5908690 5912630 5912630 6804390 6804390 6641570 6641570 6641570 6641570 6896855 6896855 7674210 7674210 7573410 7573410 7573410 7573410 7338260 7338260 7131770 7131770 7367130
8064755 8064755 8064755 8035590 8035590 7369305 7369305 7212950 7212950 7178430 7178430 7178430 7178430 7114555 7114555 6661830 6661830 6716580 6716580 6308710 6308710 6308710 6308710 6714900 6714900 6304600 6304600 5785865 5785865 5586680 5586680 5586680 5586680 5344110 5344110 5296115 5296115 5486240 5486240 5634175 5634175 5634175 5634175 5908690 5908690 5912630 5912630 6804390 6804390 6641570 6641570 6641570 6641570 6896855 6896855 7674210 7674210 7573410 7573410 7573410 7573410 7338260 7338260 7131770 7131770 7367130
8064755 8064755 8064755 8035590 8035590 7369305 7369305 7212950 7212950 7178430 7178430 7178430 7178430 7114555 7114555 6661830 6661830 6716580 6716580 6670515 6670515 6670515 6670515 6644415 6644415 6157355 6157355 6101840 6101840 6167360 6167360 6167360 6167360 5878950 5878950 6041195 6041195 6147005 6147005 6476355 6476355 6476355 6476355 6621965 6621965 7177490 7177490 7129630 7129630 7233300 7233300 7233300 7233300 7224610 7224610 7688750 7688750 7887495 7887495 7677000 7677000 7668320 7668320 7131770 7131770 7367130
8064755 8064755 8064755 8035590 8035590 7369305 7369305 7212950 7212950 7178430 7178430 7178430 7178430 7114555 7114555 6661830 6661830 6716580 6716580 6670515 6670515 6670515 6670515 6644415 6644415 6157355 6157355 6101840 6101840 6167360 6167360 6167360 6167360 5878950 5878950 6041195 6041195 6147005 6147005 6476355 6476355 6476355 6476355 6621965 6621965 7177490 7177490 7129630 7129630 7233300 7233300 7233300 7233300 7224610 7224610 7688750 7688750 7887495 7887495 7677000 7677000 7668320 7668320 7420530 7420530 7279260
7944120 7944120 7944120 7959715 7959715 7530675 7530675 7499905 7499905 7436530 7436530 7436530 7436530 6997600 6997600 6658765 6658765 6791380 6791380 6736560 6736560 6736560 6736560 6582150 6582150 6253500 6253500 6132480 6132480 6127415 6127415 6127415 6127415 5908335 5878950 6041195 6041195 6147005 6147005 6476355 6476355 6476355 6476355 6621965 6621965 7177490 7177490 7129630 7129630 7233300 7233300 7233300 7233300 7224610 7224610 7688750 7688750 7887495 7887495 7677000 7677000 7668320 7668320 7420530 7420530 7279260
7944120 7944120 7944120 7959715 7959715 7530675 7530675 7499905 7499905 7436530 7436530 7436530 7436530 6997600 6997600 6658765 6658765 6791380 6791380 6736560 6736560 6736560 6736560 6582150 6582150 6253500 6253500 6132480 6132480 6127415 6127415 6127415 6127415 5908335 5908335 6013060 6013060 6201825 6201825 6559650 6559650 6559650 6559650 6745760 6745760 7035420 7035420 7217780 7217780 7067995 7067995 7067995 7067995 7653820 7653820 7719315 7719315 7761050 7761050 7692920 7692920 7687430 7687430 7502335 7502335 7389685
7632935 7632935 7632935 7637420 7637420 7482680 7530675 7499905 7499905 7436530 7436530 7436530 7436530 6997600 6997600 6658765 6658765 6791380 6791380 6736560 6736560 6736560 6736560 6582150 6582150 6253500 6253500 6132480 6132480 6127415 6127415 6127415 6127415 5908335 5908335 6013060 6013060 6201825 6201825 6559650 6559650 6559650 6559650 6745760 6745760 7035420 7035420 7217780 7217780 7067995 7067995 7067995 7067995 7653820 7653820 7719315 7719315 7761050 7761050 7692920 7692920 7687430 7687430 7502335 7502335 7389685
7632935 7632935 7632935 7637420 7637420 7482680 7482680 7349260 7349260 7321005 7321005 7321005 7321005 7100550 7100550 6841585 6841585 6682800 6682800 6802670 6802670 6802670 6802670 6730370 6730370 6291220 6291220 6151365 6151365 6234370 6234370 6234370 6234370 6076615 6076615 6299265 6299265 6474630 6474630 6566245 6566245 6566245 6566245 6777610 6777610 7326070 7326070 7065915 7065915 7067995 7067995 7067995 7067995 7653820 7653820 7719315 7719315 7761050 7761050 7692920 7692920 7687430 7687430 7502335 7502335 7389685
7632935 7632935 7632935 7637420 7637420 7482680 7482680 7349260 7349260 7321005 7321005 7321005 7321005 7100550 7100550 6841585 6841585 6682800 6682800 6802670 6802670 6802670 6802670 6730370 6730370 6291220 6291220 6151365 6151365 6234370 6234370 6234370 6234370 6076615 6076615 6299265 6299265 6474630 6474630 6566245 6566245 6566245 6566245 6777610 6777610 7326070 7326070 7065915 7065915 6978780 6978780 6978780 6978780 7277270 7277270 7736390 7736390 7904720 7904720 7722200 7722200 7722200 7722200 7439360 7439360 7432390
7616140 7616140 7616140 7427550 7427550 7489995 7489995 7297405 7297405 6925145 6925145 6925145 6925145 6621780 6621780 6470760 6470760 6706190 6706190 7010460 7010460 6802670 6802670 6730370 6730370 6291220 6291220 6151365 6151365 6234370 6234370 6234370 6234370 6076615 6076615 6299265 6299265 6474630 6474630 6566245 6566245 6566245 6566245 6777610 6777610 7326070 7326070 7065915 7065915 6978780 6978780 6978780 6978780 7277270 7277270 7736390 7736390 7904720 7904720 7722200 7722200 7722200 7722200 7439360 7439360 7432390
7616140 7616140 7616140 7427550 7427550 7489995 7489995 7297405 7297405 6925145 6925145 6925145 6925145 6621780 6621780 6470760 6470760 6706190 6706190 7010460 7010460 7010460 7010460 6845510 6845510 6529320 6529320 6381155 6381155 6202990 6202990 6202990 6202990 6264340 6264340 6387310 6387310 6595180 6595180 6667340 6667340 6667340 6667340 6709685 6709685 7338780 7338780 7141450 7141450 7117230 7117230 7117230 7117230 7153120 7153120 7640140 7640140 7577875 7577875 7657880 7657880 7657880 7657880 7392385 7439360 7432390
7616140 7616140 7616140 7427550 7427550 7489995 7489995 7297405 7297405 6925145 6925145 6925145 6925145 6621780 6621780 6470760 6470760 6706190 6706190 7010460 7010460 7010460 7010460 6845510 6845510 6529320 6529320 6381155 6381155 6202990 6202990 6202990 6202990 6264340 6264340 6387310 6387310 6595180 6595180 6667340 6667340 6667340 6667340 6709685 6709685 7338780 7338780 7141450 7141450 7117230 7117230 7117230 7117230 7153120 7153120 7640140 7640140 7577875 7577875 7657880 7657880 7657880 7657880 7392385 7392385 7416080
7757385 7757385 7757385 7953785 7953785 7549420 7549420 7576700 7576700 7451580 7451580 7451580 7451580 7330075 7330075 6633000 6633000 6496120 6496120 6880970 6880970 6880970 6880970 7012350 7012350 6974810 6974810 7014580 7014580 6965020 6965020 6965020 6965020 6983690 6983690 7194660 6387310 6595180 6595180 6667340 6667340 6667340 6667340 6709685 6709685 7338780 7338780 7141450 7141450 7117230 7117230 7117230 7117230 7153120 7153120 7640140 7640140 7577875 7577875 7657880 7657880 7657880 7657880 7392385 7392385 7416080
7757385 7757385 7757385 7953785 7953785 7549420 7549420 7576700 7576700 7451580 7451580 7451580 7451580 7330075 7330075 6633000 6633000 6496120 6496120 6880970 6880970 6880970 6880970 7012350 7012350 6974810 6974810 7014580 7014580 6965020 6965020 6965020 6965020 6983690 6983690 7194660 7194660 7225405 7225405 7114415 7114415 7114415 7114415 7228170 7228170 7634270 7634270 7338125 7338125 7300850 7300850 7300850 7300850 7188840 7188840 8301305 8301305 8481015 8481015 8258320 8258320 8258320 8258320 8327100 8327100 8330200
7321380 7321380 7321380 7750130 7750130 7361425 7361425 7512850 7576700 7451580 7451580 7451580 7451580 7330075 7330075 6633000 6633000 6496120 6496120 6880970 6880970 6880970 6880970 7012350 7012350 6974810 6974810 7014580 7014580 6965020 6965020 6965020 6965020 6983690 6983690 7194660 7194660 7225405 7225405 7114415 7114415 7114415 7114415 7228170 7228170 7634270 7634270 7338125 7338125 7300850 7300850 7300850 7300850 7188840 7188840 8301305 8301305 8481015 8481015 8258320 8258320 8258320 8258320 8327100 8327100 8330200
7321380 7321380 7321380 7750130 7750130 7361425 7361425 7512850 7512850 7518770 7518770 7518770 7518770 7305930 7305930 6771960 6771960 6599090 6599090 6568125 6568125 6568125 6568125 6846080 6846080 7129665 7129665 7158820 7158820 7109000 7109000 7109000 7109000 7050425 7050425 7239050 7239050 7165885 7165885 7496185 7496185 7496185 7496185 7545210 7545210 7711300 7711300 7555650 7555650 7487810 7487810 7300850 7300850 7188840 7188840 8301305 8301305 8481015 8481015 8258320 8258320 8258320 8258320 8327100 8327100 8330200
7321380 7321380 7321380 7750130 7750130 7361425 7361425 7512850 7512850 7518770 7518770 7518770 7518770 7305930 7305930 6771960 6771960 6599090 6599090 6568125 6568125 6568125 6568125 6846080 6846080 7129665 7129665 7158820 7158820 7109000 7109000 7109000 7109000 7050425 7050425 7239050 7239050 7165885 7165885 7496185 7496185 7496185 7496185 7545210 7545210 7711300 7711300 7555650 7555650 7487810 7487810 7487810 7487810 7449530 7449530 8362125 8362125 8530860 8530860 8181705 8181705 8181705 8181705 8491765 8491765 8398335
7669525 7669525 7669525 7805280 7805280 7222290 7222290 7397815 7397815 7438030 7438030 7438030 7438030 7428710 7428710 6620135 6620135 6724400 6724400 6593160 6593160 6593160 6593160 6846080 6846080 7129665 7129665 7158820 7158820 7109000 7109000 7109000 7109000 7050425 7050425 7239050 7239050 7165885 7165885 7496185 7496185 7496185 7496185 7545210 7545210 7711300 7711300 7555650 7555650 7487810 7487810 7487810 7487810 7449530 7449530 8362125 8362125 8530860 8530860 8181705 8181705 8181705 8181705 8491765 8491765 8398335
7669525 7669525 7669525 7805280 7805280 7222290 7222290 7397815 7397815 7438030 7438030 7438030 7438030 7428710 7428710 6620135 6620135 6724400 6724400 6593160 6593160 6593160 6593160 6578925 6578925 6786600 6786600 7132450 7132450 7191230 7191230 7191230 7191230 7107895 7107895 7124170 7124170 7348195 7348195 7242825 7242825 7242825 7242825 7125585 7125585 7157365 7157365 7299740 7299740 7458920 7458920 7458920 7458920 7387740 7387740 8227065 8227065 8373700 8373700 8533400 8533400 8533400 8533400 8541750 8541750 8574955
7669525 7669525 7669525 7805280 7805280 7222290 7222290 7397815 7397815 7438030 7438030 7438030 7438030 7428710 7428710 6620135 6620135 6724400 6724400 6593160 6593160 6593160 6593160 6578925 6578925 6786600 6786600 7132450 7132450 7191230 7191230 7191230 7191230 7107895 7107895 7124170 7124170 7348195 7348195 7242825 7242825 7242825 7242825 7125585 7125585 7157365 7157365 7299740 7299740 7458920 7458920 7458920 7458920 7387740 7387740 8227065 8227065 8373700 8373700 8533400 8533400 8533400 8533400 8541750 8541750 8574955
7643575 7643575 7643575 7829720 7829720 7232970 7232970 7157655 7157655 7248745 7248745 7248745 7248745 7581055 7581055 6776510 6776510 6451220 6451220 6635260 6635260 6635260 6635260 6693660 6693660 6941520 6941520 7002240 7002240 7138195 7138195 7138195 7138195 7239555 7239555 7239285 7239285 7293720 7348195 7242825 7242825 7242825 7242825 7125585 7125585 7157365 7157365 7299740 7299740 7458920 7458920 7458920 7458920 7387740 7387740 8227065 8227065 8373700 8373700 8533400 8533400 8533400 8533400 8541750 8541750 8574955
7643575 7643575 7643575 7829720 7829720 7232970 7232970 7157655 7157655 7248745 7248745 7248745 7248745 7581055 7581055 6776510 6776510 6451220 6451220 6635260 6635260 6635260 6635260 6693660 6693660 6941520 6941520 7002240 7002240 7138195 7138195 7138195 7138195 7239555 7239555 7239285 7239285 7293720 7293720 7176875 7176875 7176875 7176875 7110650 7110650 7337510 7337510 7506090 7506090 7324230 7324230 7324230 7324230 7045460 7045460 8229235 8229235 8325835 8325835 8578835 8578835 8578835 8578835 8492410 8492410 8385630
6884695 6884695 6884695 6927935 6927935 6582890 6582890 6536260 6536260 6537455 7248745 7248745 7248745 7581055 7581055 6776510 6776510 6451220 6451220 6635260 6635260 6635260 6635260 6693660 6693660 6941520 6941520 7002240 7002240 7138195 7138195 7138195 7138195 7239555 7239555 7239285 7239285 7293720 7293720 7176875 7176875 7176875 7176875 7110650 7110650 7337510 7337510 7506090 7506090 7324230 7324230 7324230 7324230 7045460 7045460 8229235 8229235 8325835 8325835 8578835 8578835 8578835 8578835 8492410 8492410 8385630
6884695 6884695 6884695 6927935 6927935 6582890 6582890 6536260 6536260 6537455 6537455 6537455 6537455 6659360 6659360 6237520 6237520 6299715 6299715 6823115 6823115 6823115 6823115 7056240 7056240 6991080 6991080 7656045 7656045 7628480 7628480 7628480 7628480 7529445 7529445 7298540 7298540 7075800 7075800 7354485 7354485 7354485 7354485 7392755 7392755 7679065 7679065 7803185 7803185 7622890 7622890 7622890 7622890 7045460 7045460 8229235 8229235 8325835 8325835 8578835 8578835 8578835 8578835 8492410 8492410 8385630
