data/Clay content_kg_per_ha_Clipped_EPSG32636.asc
ncols        799
nrows        396
xllcorner    230039.885700000013
yllcorner    4148060.143399999943
cellsize     100.000000000000
NODATA_value  -1000
[rows 290 to 318 of 396, columns 396 to 461 of 799]
6519725 6708520 6708520 7023530 7023530 7078260 7078260 7078260 7078260 7045515 7045515 7127840 7127840 6942895 6942895 6861525 6861525 6861525 6861525 6978865 6978865 7278400 7278400 7384865 7384865 7308675 7308675 7308675 7308675 7275670 7275670 7290365 7290365 7124740 7124740 7830995 7830995 7830995 7830995 9085450 9085450 9187010 9187010 9374080 9374080 9232485 9232485 9232485 9232485 8904080 8904080 8718545 8718545 8926210 8926210 9005450 9005450 9005450 9005450 8861355 8861355 8916735 8916735 8967360 8967360 8867820
7359715 6708520 6708520 7023530 7023530 7078260 7078260 7078260 7078260 7045515 7045515 7127840 7127840 6942895 6942895 6861525 6861525 6861525 6861525 6978865 6978865 7278400 7278400 7384865 7384865 7308675 7308675 7308675 7308675 7275670 7275670 7290365 7290365 7124740 7124740 7830995 7830995 7830995 7830995 9085450 9085450 9187010 9187010 9374080 9374080 9232485 9232485 9232485 9232485 8904080 8904080 8718545 8718545 8926210 8926210 9005450 9005450 9005450 9005450 9052625 9052625 9023070 9023070 8865005 8865005 8927440
7359715 7231695 7231695 7296895 7296895 7219745 7219745 7219745 7219745 7130465 7130465 6880380 6880380 6785010 6785010 6724810 6724810 6724810 6724810 7345920 7345920 7262250 7262250 7283205 7283205 7246905 7246905 7246905 7246905 7262050 7262050 7160090 7160090 7249600 7249600 8035370 7830995 7830995 7830995 9085450 9085450 9187010 9187010 9374080 9374080 9232485 9232485 9232485 9232485 8904080 8904080 8718545 8718545 8926210 8926210 9005450 9005450 9005450 9005450 9052625 9052625 9023070 9023070 8865005 8865005 8927440
7359715 7231695 7231695 7296895 7296895 7219745 7219745 7219745 7219745 7130465 7130465 6880380 6880380 6785010 6785010 6724810 6724810 6724810 6724810 7345920 7345920 7262250 7262250 7283205 7283205 7246905 7246905 7246905 7246905 7262050 7262050 7160090 7160090 7249600 7249600 8035370 8035370 8035370 8035370 9073090 9073090 9085095 9085095 9048460 9048460 8804460 8804460 8804460 8804460 8733750 8733750 8189900 8189900 8446650 8446650 8611320 8611320 8611320 8611320 8498965 8498965 8512890 8512890 8776505 8776505 8861870
6936760 6639605 6639605 6811245 6811245 6573860 6573860 6573860 6573860 7373730 7373730 7166410 7166410 6785010 6785010 6724810 6724810 6724810 6724810 7345920 7345920 7262250 7262250 7283205 7283205 7246905 7246905 7246905 7246905 7262050 7262050 7160090 7160090 7249600 7249600 8035370 8035370 8035370 8035370 9073090 9073090 9085095 9085095 9048460 9048460 8804460 8804460 8804460 8804460 8733750 8733750 8189900 8189900 8446650 8446650 8611320 8611320 8611320 8611320 8498965 8498965 8512890 8512890 8776505 8776505 8861870
6936760 6639605 6639605 6811245 6811245 6573860 6573860 6573860 6573860 7373730 7373730 7166410 7166410 7256980 7256980 7267530 7267530 7267530 7267530 7431575 7431575 7195245 7195245 7379050 7379050 7445370 7445370 7445370 7445370 7273505 7273505 7281025 7281025 7411390 7411390 7249050 7249050 7249050 7249050 7044865 7044865 7067760 7067760 7981330 7981330 7956820 7956820 7956820 8804460 8733750 8733750 8189900 8189900 8446650 8446650 8611320 8611320 8611320 8611320 8498965 8498965 8512890 8512890 8776505 8776505 8861870
6936760 6639605 6639605 6811245 6811245 6573860 6573860 6573860 6573860 7373730 7373730 7166410 7166410 7256980 7256980 7267530 7267530 7267530 7267530 7431575 7431575 7195245 7195245 7379050 7379050 7445370 7445370 7445370 7445370 7273505 7273505 7281025 7281025 7411390 7411390 7249050 7249050 7249050 7249050 7044865 7044865 7067760 7067760 7981330 7981330 7956820 7956820 7956820 7956820 6835800 6835800 6990190 6990190 7299280 7299280 7210970 7210970 7210970 7210970 7690430 7690430 7736030 7736030 7797220 7797220 8069585
6675050 6579470 6579470 6892585 6892585 6529025 6529025 6529025 6529025 7115280 7115280 7286070 7286070 7365665 7365665 7057280 7057280 7057280 7057280 7222145 7222145 7334255 7334255 7392660 7392660 7445370 7445370 7445370 7445370 7273505 7273505 7281025 7281025 7411390 7411390 7249050 7249050 7249050 7249050 7044865 7044865 7067760 7067760 7981330 7981330 7956820 7956820 7956820 7956820 6835800 6835800 6990190 6990190 7299280 7299280 7210970 7210970 7210970 7210970 7690430 7690430 7736030 7736030 7797220 7797220 8069585
6675050 6579470 6579470 6892585 6892585 6529025 6529025 6529025 6529025 7115280 7115280 7286070 7286070 7365665 7365665 7057280 7057280 7057280 7057280 7222145 7222145 7334255 7334255 7392660 7392660 7369920 7369920 7369920 7369920 7547280 7547280 6987500 6987500 7032925 7032925 7101500 7101500 7101500 7101500 7085450 7085450 7113745 7113745 7378670 7378670 7220775 7220775 7220775 7220775 6915600 6915600 7126495 7126495 7272910 7272910 7489110 7489110 7489110 7489110 7822890 7690430 7736030 7736030 7797220 7797220 8069585
6865980 6740915 6579470 6892585 6892585 6529025 6529025 6529025 6529025 7115280 7115280 7286070 7286070 7365665 7365665 7057280 7057280 7057280 7057280 7222145 7222145 7334255 7334255 7392660 7392660 7369920 7369920 7369920 7369920 7547280 7547280 6987500 6987500 7032925 7032925 7101500 7101500 7101500 7101500 7085450 7085450 7113745 7113745 7378670 7378670 7220775 7220775 7220775 7220775 6915600 6915600 7126495 7126495 7272910 7272910 7489110 7489110 7489110 7489110 7822890 7822890 7806880 7806880 7623770 7623770 7590285
6865980 6740915 6740915 6482810 6482810 6665820 6665820 6665820 6665820 7802080 7802080 7750560 7750560 7670570 7670570 7298150 7298150 7298150 7298150 7202650 7202650 7360130 7360130 7310490 7310490 7380120 7380120 7380120 7380120 7628740 7628740 7034835 7034835 7004860 7004860 7053345 7053345 7101500 7101500 7085450 7085450 7113745 7113745 7378670 7378670 7220775 7220775 7220775 7220775 6915600 6915600 7126495 7126495 7272910 7272910 7489110 7489110 7489110 7489110 7822890 7822890 7806880 7806880 7623770 7623770 7590285
6865980 6740915 6740915 6482810 6482810 6665820 6665820 6665820 6665820 7802080 7802080 7750560 7750560 7670570 7670570 7298150 7298150 7298150 7298150 7202650 7202650 7360130 7360130 7310490 7310490 7380120 7380120 7380120 7380120 7628740 7628740 7034835 7034835 7004860 7004860 7053345 7053345 7053345 7053345 7121810 7121810 7147455 7147455 7195565 7195565 7182760 7182760 7182760 7182760 7091480 7091480 7152990 7152990 7017565 7017565 7163680 7163680 7163680 7163680 7646725 7646725 7548230 7548230 7478350 7478350 7349690
6808380 6631590 6631590 6815800 6815800 6833920 6833920 6833920 6833920 7838735 7838735 7512830 7512830 7480420 7670570 7298150 7298150 7298150 7298150 7202650 7202650 7360130 7360130 7310490 7310490 7380120 7380120 7380120 7380120 7628740 7628740 7034835 7034835 7004860 7004860 7053345 7053345 7053345 7053345 7121810 7121810 7147455 7147455 7195565 7195565 7182760 7182760 7182760 7182760 7091480 7091480 7152990 7152990 7017565 7017565 7163680 7163680 7163680 7163680 7646725 7646725 7548230 7548230 7478350 7478350 7349690
6808380 6631590 6631590 6815800 6815800 6833920 6833920 6833920 6833920 7838735 7838735 7512830 7512830 7480420 7480420 7354610 7354610 7354610 7354610 7597310 7597310 7714280 7714280 7842760 7842760 8271175 8271175 8271175 8271175 7621215 7621215 6965630 6965630 7107980 7107980 7312930 7312930 7312930 7312930 7037630 7037630 7028745 7028745 7246090 7246090 7462810 7462810 7462810 7462810 7226705 7152990 7152990 7017565 7017565 7163680 7163680 7163680 7163680 7646725 7646725 7548230 7548230 7478350 7478350 7349690 7349690
6808380 6631590 6631590 6815800 6833920 6833920 6833920 6833920 7838735 7838735 7512830 7512830 7480420 7480420 7354610 7354610 7354610 7354610 7597310 7597310 7714280 7714280 7842760 7842760 8271175 8271175 8271175 8271175 7621215 7621215 6965630 6965630 7107980 7107980 7312930 7312930 7312930 7312930 7037630 7037630 7028745 7028745 7246090 7246090 7462810 7462810 7462810 7462810 7226705 7226705 6769650 6769650 7206670 7206670 7094075 7094075 7094075 7094075 7382360 7382360 7627325 7627325 7578695 7578695 7513340 7513340
7563980 7563980 7465930 7465930 7334875 7334875 7334875 7334875 7498160 7498160 7273200 7273200 7250090 7250090 7253440 7253440 7253440 7253440 8634715 8634715 9220470 9220470 9216040 9216040 9058600 9058600 9058600 8271175 7621215 7621215 6965630 6965630 7107980 7107980 7312930 7312930 7312930 7312930 7037630 7037630 7028745 7028745 7246090 7246090 7462810 7462810 7462810 7462810 7226705 7226705 6769650 6769650 7206670 7206670 7094075 7094075 7094075 7094075 7382360 7382360 7627325 7627325 7578695 7578695 7513340 7513340
7563980 7563980 7465930 7465930 7334875 7334875 7334875 7334875 7498160 7498160 7273200 7273200 7250090 7250090 7253440 7253440 7253440 7253440 8634715 8634715 9220470 9220470 9216040 9216040 9058600 9058600 9058600 9058600 9233630 9233630 9194630 9194630 9204620 9204620 9214770 9214770 9214770 9214770 7421010 7421010 7396855 7396855 7510365 7510365 7566965 7566965 7566965 7566965 7222510 7222510 6865165 6865165 7087420 7087420 7108025 7108025 7108025 7108025 6908460 6908460 7128680 7128680 7578695 7578695 7513340 7513340
7067700 7067700 7114650 7114650 7334875 7334875 7334875 7334875 7498160 7498160 7273200 7273200 7250090 7250090 7253440 7253440 7253440 7253440 8634715 8634715 9220470 9220470 9216040 9216040 9058600 9058600 9058600 9058600 9233630 9233630 9194630 9194630 9204620 9204620 9214770 9214770 9214770 9214770 7421010 7421010 7396855 7396855 7510365 7510365 7566965 7566965 7566965 7566965 7222510 7222510 6865165 6865165 7087420 7087420 7108025 7108025 7108025 7108025 6908460 6908460 7128680 7128680 7421520 7421520 7541520 7541520
7067700 7067700 7114650 7114650 7317520 7317520 7317520 7317520 7921045 7921045 8101340 8101340 7459490 7459490 7799480 7799480 7799480 7799480 8868400 8868400 8866960 8866960 9287880 9287880 9301540 9301540 9301540 9301540 9476870 9476870 9362140 9362140 9362650 9362650 8956160 8956160 8956160 8956160 7362565 7421010 7396855 7396855 7510365 7510365 7566965 7566965 7566965 7566965 7222510 7222510 6865165 6865165 7087420 7087420 7108025 7108025 7108025 7108025 6908460 6908460 7128680 7128680 7421520 7421520 7541520 7541520
7067700 7067700 7114650 7114650 7317520 7317520 7317520 7317520 7921045 7921045 8101340 8101340 7459490 7459490 7799480 7799480 7799480 7799480 8868400 8868400 8866960 8866960 9287880 9287880 9301540 9301540 9301540 9301540 9476870 9476870 9362140 9362140 9362650 9362650 8956160 8956160 8956160 8956160 7362565 7362565 7342400 7342400 6933060 6933060 7234825 7234825 7234825 7234825 7429275 7429275 7212225 7212225 7207790 7207790 7227010 7227010 7227010 7227010 7293340 7293340 7200570 7200570 6838815 6838815 7084200 7084200
7128930 7128930 7235180 7235180 7966740 7966740 7966740 7966740 8203230 8203230 8292450 8292450 8180750 8180750 7992110 7992110 7799480 7799480 8868400 8868400 8866960 8866960 9287880 9287880 9301540 9301540 9301540 9301540 9476870 9476870 9362140 9362140 9362650 9362650 8956160 8956160 8956160 8956160 7362565 7362565 7342400 7342400 6933060 6933060 7234825 7234825 7234825 7234825 7429275 7429275 7212225 7212225 7207790 7207790 7227010 7227010 7227010 7227010 7293340 7293340 7200570 7200570 6838815 6838815 7084200 7084200
7128930 7128930 7235180 7235180 7966740 7966740 7966740 7966740 8203230 8203230 8292450 8292450 8180750 8180750 7992110 7992110 7992110 7992110 9029620 9029620 9059980 9059980 9225470 9225470 8858210 8858210 8858210 8858210 9302940 9302940 9189440 9189440 9169085 9169085 8357930 8357930 8357930 8357930 7245400 7245400 7390140 7390140 7283080 7283080 7413505 7413505 7413505 7413505 7367060 7367060 7182750 7212225 7207790 7207790 7227010 7227010 7227010 7227010 7293340 7293340 7200570 7200570 6838815 6838815 7084200 7084200
7128930 7128930 7235180 7235180 7966740 7966740 7966740 7966740 8203230 8203230 8292450 8292450 8180750 8180750 7992110 7992110 7992110 7992110 9029620 9029620 9059980 9059980 9225470 9225470 8858210 8858210 8858210 8858210 9302940 9302940 9189440 9189440 9169085 9169085 8357930 8357930 8357930 8357930 7245400 7245400 7390140 7390140 7283080 7283080 7413505 7413505 7413505 7413505 7367060 7367060 7182750 7182750 7281930 7281930 7552910 7552910 7552910 7552910 6887860 6887860 6975745 6975745 7036280 7036280 7068260 7068260
8141415 8141415 8277780 8277780 8169235 8169235 8169235 8169235 8268015 8268015 8216855 8216855 7922505 7922505 7933405 7933405 7933405 7933405 9159905 9159905 9055275 9055275 8809495 8809495 8764320 8764320 8764320 8764320 9302940 9302940 9189440 9189440 9169085 9169085 8357930 8357930 8357930 8357930 7245400 7245400 7390140 7390140 7283080 7283080 7413505 7413505 7413505 7413505 7367060 7367060 7182750 7182750 7281930 7281930 7552910 7552910 7552910 7552910 6887860 6887860 6975745 6975745 7036280 7036280 7068260 7068260
8141415 8141415 8277780 8277780 8169235 8169235 8169235 8169235 8268015 8268015 8216855 8216855 7922505 7922505 7933405 7933405 7933405 7933405 9159905 9159905 9055275 9055275 8809495 8809495 8764320 8764320 8764320 8764320 8906130 8906130 8924860 8924860 8892055 8892055 8306560 8306560 8306560 8306560 7357300 7357300 7266000 7266000 7356660 7356660 7424020 7424020 7424020 7424020 7358550 7358550 7367185 7367185 7233390 7233390 7358280 7358280 7358280 7358280 7245605 7245605 7248245 7248245 7022110 7022110 7068260 7068260
9204820 9204820 9241270 9241270 9150120 8169235 8169235 8169235 8268015 8268015 8216855 8216855 7922505 7922505 7933405 7933405 7933405 7933405 9159905 9159905 9055275 9055275 8809495 8809495 8764320 8764320 8764320 8764320 8906130 8906130 8924860 8924860 8892055 8892055 8306560 8306560 8306560 8306560 7357300 7357300 7266000 7266000 7356660 7356660 7424020 7424020 7424020 7424020 7358550 7358550 7367185 7367185 7233390 7233390 7358280 7358280 7358280 7358280 7245605 7245605 7248245 7248245 7022110 7022110 7047260 7047260
9204820 9204820 9241270 9241270 9150120 9150120 9150120 9150120 9082645 9082645 9172170 9172170 9017450 9017450 8805950 8805950 8805950 8805950 8903290 8903290 8261450 8261450 8439745 8439745 8580135 8580135 8580135 8580135 8679475 8679475 8860890 8860890 8891140 8891140 8488325 8488325 8488325 8488325 8055960 8055960 7266000 7266000 7356660 7356660 7424020 7424020 7424020 7424020 7358550 7358550 7367185 7367185 7233390 7233390 7358280 7358280 7358280 7358280 7245605 7245605 7248245 7248245 7022110 7022110 7047260 7047260
9204820 9204820 9241270 9241270 9150120 9150120 9150120 9150120 9082645 9082645 9172170 9172170 9017450 9017450 8805950 8805950 8805950 8805950 8903290 8903290 8261450 8261450 8439745 8439745 8580135 8580135 8580135 8580135 8679475 8679475 8860890 8860890 8891140 8891140 8488325 8488325 8488325 8488325 8055960 8055960 8081495 8081495 7916625 7916625 7720445 7720445 7720445 7720445 7302865 7302865 7459940 7459940 7395270 7395270 7500240 7500240 7500240 7500240 7580330 7580330 7603970 7603970 7708610 7708610 7391700 7391700
9240870 9240870 9150200 9150200 8984130 8984130 8984130 8984130 8884560 8884560 8722680 8722680 8493780 8493780 8364975 8364975 8364975 8805950 8903290 8903290 8261450 8261450 8439745 8439745 8580135 8580135 8580135 8580135 8679475 8679475 8860890 8860890 8891140 8891140 8488325 8488325 8488325 8488325 8055960 8055960 8081495 8081495 7916625 7916625 7720445 7720445 7720445 7720445 7302865 7302865 7459940 7459940 7395270 7395270 7500240 7500240 7500240 7500240 7580330 7580330 7603970 7603970 7708610 7708610 7391700 7391700
