data/Clay content_kg_per_ha_Clipped_EPSG32636.asc
ncols        799
nrows        396
xllcorner    230039.885700000013
yllcorner    4148060.143399999943
cellsize     100.000000000000
NODATA_value  -1000
[rows 232 to 260 of 396, columns 594 to 659 of 799]
6419450 6419450 6604905 6604905 6564060 6564060 6564060 6564060 6851955 6851955 6625435 6625435 6290780 6290780 6532420 6532420 6532420 6532420 6470220 6470220 6418805 6418805 6479650 6479650 6748525 6748525 6748525 6748525 6606635 6606635 6578100 6578100 6179730 6179730 6230780 6230780 6230780 6230780 6427420 6427420 6545755 6545755 6625220 6625220 6669215 6669215 6669215 6669215 7051660 7051660 6635350 6635350 7142480 7142480 6889210 6889210 6889210 6889210 6928550 6928550 7230505 7230505 7399320 7399320 7531815 7531815
6804165 6804165 6847385 6847385 6854350 6854350 6854350 6854350 6975300 6975300 6920660 6920660 6566865 6566865 6411240 6411240 6411240 6411240 6470220 6470220 6418805 6418805 6479650 6479650 6748525 6748525 6748525 6748525 6606635 6606635 6578100 6578100 6179730 6179730 6230780 6230780 6230780 6230780 6427420 6427420 6545755 6545755 6625220 6625220 6669215 6669215 6669215 6669215 7051660 7051660 6635350 6635350 7142480 7142480 6889210 6889210 6889210 6889210 6928550 6928550 7230505 7230505 7399320 7399320 7531815 7531815
6804165 6804165 6847385 6847385 6854350 6854350 6854350 6854350 6975300 6975300 6920660 6920660 6566865 6566865 6411240 6411240 6411240 6411240 6384835 6384835 6363770 6363770 6354045 6354045 6592780 6592780 6592780 6592780 6453795 6453795 6472370 6472370 6356150 6356150 6410945 6410945 6410945 6410945 6194700 6194700 6195015 6195015 6547140 6547140 6783605 6783605 6783605 6783605 6624660 6624660 6663860 6663860 7006185 7006185 6984650 6984650 6984650 6889210 6928550 6928550 7230505 7230505 7399320 7399320 7531815 7531815
6804165 6804165 6847385 6847385 6854350 6854350 6854350 6854350 6975300 6975300 6920660 6920660 6566865 6566865 6411240 6411240 6411240 6411240 6384835 6384835 6363770 6363770 6354045 6354045 6592780 6592780 6592780 6592780 6453795 6453795 6472370 6472370 6356150 6356150 6410945 6410945 6410945 6410945 6194700 6194700 6195015 6195015 6547140 6547140 6783605 6783605 6783605 6783605 6624660 6624660 6663860 6663860 7006185 7006185 6984650 6984650 6984650 6984650 6951800 6951800 7046595 7046595 7234475 7234475 7303005 7303005
6412570 6412570 6395980 6395980 6562340 6562340 6562340 6562340 6997945 6997945 6982650 6982650 6792395 6792395 6695615 6695615 6695615 6695615 6653965 6653965 6393035 6393035 6482930 6482930 6602850 6602850 6602850 6602850 6590580 6590580 6535840 6472370 6356150 6356150 6410945 6410945 6410945 6410945 6194700 6194700 6195015 6195015 6547140 6547140 6783605 6783605 6783605 6783605 6624660 6624660 6663860 6663860 7006185 7006185 6984650 6984650 6984650 6984650 6951800 6951800 7046595 7046595 7234475 7234475 7303005 7303005
6412570 6412570 6395980 6395980 6562340 6562340 6562340 6562340 6997945 6997945 6982650 6982650 6792395 6792395 6695615 6695615 6695615 6695615 6653965 6653965 6393035 6393035 6482930 6482930 6602850 6602850 6602850 6602850 6590580 6590580 6535840 6535840 6261555 6261555 6387560 6387560 6387560 6387560 6261640 6261640 6422515 6422515 6743590 6743590 6667320 6667320 6667320 6667320 6624120 6624120 6449290 6449290 7112040 7112040 7149695 7149695 7149695 7149695 7230120 7230120 6980560 6980560 7306430 7306430 7410670 7410670
6055585 6055585 6022120 6022120 6350345 6350345 6562340 6562340 6997945 6997945 6982650 6982650 6792395 6792395 6695615 6695615 6695615 6695615 6653965 6653965 6393035 6393035 6482930 6482930 6602850 6602850 6602850 6602850 6590580 6590580 6535840 6535840 6261555 6261555 6387560 6387560 6387560 6387560 6261640 6261640 6422515 6422515 6743590 6743590 6667320 6667320 6667320 6667320 6624120 6624120 6449290 6449290 7112040 7112040 7149695 7149695 7149695 7149695 7230120 7230120 6980560 6980560 7306430 7306430 7410670 7410670
6055585 6055585 6022120 6022120 6350345 6350345 6350345 6350345 6341190 6341190 6260330 6260330 6498270 6498270 6766030 6766030 6766030 6766030 6605480 6605480 6328880 6328880 6477180 6477180 6290165 6290165 6290165 6290165 6690755 6690755 6643760 6643760 6507935 6507935 6496645 6496645 6496645 6496645 6431635 6431635 6469010 6469010 6665160 6665160 6769095 6667320 6667320 6667320 6624120 6624120 6449290 6449290 7112040 7112040 7149695 7149695 7149695 7149695 7230120 7230120 6980560 6980560 7306430 7306430 7410670 7410670
6055585 6055585 6022120 6022120 6350345 6350345 6350345 6350345 6341190 6341190 6260330 6260330 6498270 6498270 6766030 6766030 6766030 6766030 6605480 6605480 6328880 6328880 6477180 6477180 6290165 6290165 6290165 6290165 6690755 6690755 6643760 6643760 6507935 6507935 6496645 6496645 6496645 6496645 6431635 6431635 6469010 6469010 6665160 6665160 6769095 6769095 6769095 6769095 6671075 6671075 6554415 6554415 6882250 6882250 6864770 6864770 6864770 6864770 6844020 6844020 7120800 7120800 7399320 7399320 7292460 7292460
5945475 5945475 6226060 6226060 6154640 6154640 6154640 6154640 6237865 6237865 6214570 6214570 6255140 6255140 6425165 6425165 6425165 6425165 6591915 6605480 6328880 6328880 6477180 6477180 6290165 6290165 6290165 6290165 6690755 6690755 6643760 6643760 6507935 6507935 6496645 6496645 6496645 6496645 6431635 6431635 6469010 6469010 6665160 6665160 6769095 6769095 6769095 6769095 6671075 6671075 6554415 6554415 6882250 6882250 6864770 6864770 6864770 6864770 6844020 6844020 7120800 7120800 7399320 7399320 7292460 7292460
5945475 5945475 6226060 6226060 6154640 6154640 6154640 6154640 6237865 6237865 6214570 6214570 6255140 6255140 6425165 6425165 6425165 6425165 6591915 6591915 6124200 6124200 6381525 6381525 6296915 6296915 6296915 6296915 6384600 6384600 6405040 6405040 7163095 7163095 7127605 7127605 7127605 7127605 7214860 7214860 7334910 7334910 6839675 6839675 6785790 6785790 6785790 6785790 6897160 6897160 6827315 6827315 7035545 7035545 7076645 7076645 7076645 7076645 6844020 6844020 7120800 7120800 7399320 7399320 7292460 7292460
5945475 5945475 6226060 6226060 6154640 6154640 6154640 6154640 6237865 6237865 6214570 6214570 6255140 6255140 6425165 6425165 6425165 6425165 6591915 6591915 6124200 6124200 6381525 6381525 6296915 6296915 6296915 6296915 6384600 6384600 6405040 6405040 7163095 7163095 7127605 7127605 7127605 7127605 7214860 7214860 7334910 7334910 6839675 6839675 6785790 6785790 6785790 6785790 6897160 6897160 6827315 6827315 7035545 7035545 7076645 7076645 7076645 7076645 6931580 6931580 7058285 7058285 7175345 7175345 7290465 7290465
6130185 6130185 6021405 6021405 6163135 6163135 6163135 6163135 5890260 5890260 6013095 6013095 6145450 6145450 6109095 6109095 6109095 6109095 6358870 6358870 6038175 6038175 6468290 6468290 6333520 6333520 6333520 6333520 6632070 6632070 6595255 6595255 7350855 7163095 7127605 7127605 7127605 7127605 7214860 7214860 7334910 7334910 6839675 6839675 6785790 6785790 6785790 6785790 6897160 6897160 6827315 6827315 7035545 7035545 7076645 7076645 7076645 7076645 6931580 6931580 7058285 7058285 7175345 7175345 7290465 7290465
6130185 6130185 6021405 6021405 6163135 6163135 6163135 6163135 5890260 5890260 6013095 6013095 6145450 6145450 6109095 6109095 6109095 6109095 6358870 6358870 6038175 6038175 6468290 6468290 6333520 6333520 6333520 6333520 6632070 6632070 6595255 6595255 7350855 7350855 7427050 7427050 7427050 7427050 7059710 7059710 7631510 7631510 7146000 7146000 7176135 7176135 7176135 7176135 6686565 6686565 6704090 6704090 6859050 6859050 6924930 6924930 6924930 6924930 7022425 7022425 6832405 6832405 7168370 7168370 7093640 7093640
5886605 5886605 6014745 6014745 5962440 5962440 5962440 6163135 5890260 5890260 6013095 6013095 6145450 6145450 6109095 6109095 6109095 6109095 6358870 6358870 6038175 6038175 6468290 6468290 6333520 6333520 6333520 6333520 6632070 6632070 6595255 6595255 7350855 7350855 7427050 7427050 7427050 7427050 7059710 7059710 7631510 7631510 7146000 7146000 7176135 7176135 7176135 7176135 6686565 6686565 6704090 6704090 6859050 6859050 6924930 6924930 6924930 6924930 7022425 7022425 6832405 6832405 7168370 7168370 7093640 7093640
5886605 5886605 6014745 6014745 5962440 5962440 5962440 5962440 6001055 6001055 5947100 5947100 5925860 5925860 5889165 5889165 5889165 5889165 6010590 6010590 6300705 6300705 6369780 6369780 6686640 6686640 6686640 6686640 6661105 6661105 6742925 6742925 7145660 7145660 7482895 7482895 7482895 7482895 7495245 7495245 7293550 7293550 6888770 6888770 6887050 6887050 7176135 7176135 6686565 6686565 6704090 6704090 6859050 6859050 6924930 6924930 6924930 6924930 7022425 7022425 6832405 6832405 7168370 7168370 7093640 7093640
5886605 5886605 6014745 6014745 5962440 5962440 5962440 5962440 6001055 6001055 5947100 5947100 5925860 5925860 5889165 5889165 5889165 5889165 6010590 6010590 6300705 6300705 6369780 6369780 6686640 6686640 6686640 6686640 6661105 6661105 6742925 6742925 7145660 7145660 7482895 7482895 7482895 7482895 7495245 7495245 7293550 7293550 6888770 6888770 6887050 6887050 6887050 6887050 6768875 6768875 7096820 7096820 7010180 7010180 6841800 6841800 6841800 6841800 6912285 6912285 6996915 6996915 7052075 7052075 6865970 6865970
5745185 5745185 5900620 5900620 5886110 5886110 5909680 5909680 5916720 5916720 5861140 5861140 5803800 5803800 5861735 5861735 5861735 5861735 5957450 5957450 6249220 6300705 6369780 6369780 6686640 6686640 6686640 6686640 6661105 6661105 6742925 6742925 7145660 7145660 7482895 7482895 7482895 7482895 7495245 7495245 7293550 7293550 6888770 6888770 6887050 6887050 6887050 6887050 6768875 6768875 7096820 7096820 7010180 7010180 6841800 6841800 6841800 6841800 6912285 6912285 6996915 6996915 7052075 7052075 6865970 6865970
5745185 5745185 5900620 5900620 5886110 5886110 5909680 5909680 5916720 5916720 5861140 5861140 5803800 5803800 5861735 5861735 5861735 5861735 5957450 5957450 6249220 6249220 6446620 6446620 6630055 6630055 6630055 6630055 6849945 6849945 6860750 6860750 7200230 7200230 7392900 7392900 7392900 7392900 7087805 7087805 7390000 7390000 7080595 7080595 6674135 6674135 6674135 6674135 6454440 6454440 6412825 6412825 7109670 7109670 6928780 6928780 6928780 6928780 6871055 6871055 6996915 6996915 7052075 7052075 6865970 6865970
5745185 5745185 5900620 5900620 5886110 5886110 5909680 5909680 5916720 5916720 5861140 5861140 5803800 5803800 5861735 5861735 5861735 5861735 5957450 5957450 6249220 6249220 6446620 6446620 6630055 6630055 6630055 6630055 6849945 6849945 6860750 6860750 7200230 7200230 7392900 7392900 7392900 7392900 7087805 7087805 7390000 7390000 7080595 7080595 6674135 6674135 6674135 6674135 6454440 6454440 6412825 6412825 7109670 7109670 6928780 6928780 6928780 6928780 6871055 6871055 6656045 6656045 6767390 6767390 6847240 6847240
6425925 6425925 6039305 6039305 5924500 5924500 5747790 5747790 5743980 5743980 5714260 5714260 5958660 5958660 5855380 5855380 5966935 5966935 5967580 5967580 6532195 6532195 6425675 6425675 6543190 6543190 6543190 6543190 7021460 7021460 7063050 7063050 7254735 7254735 7392900 7392900 7392900 7392900 7087805 7087805 7390000 7390000 7080595 7080595 6674135 6674135 6674135 6674135 6454440 6454440 6412825 6412825 7109670 7109670 6928780 6928780 6928780 6928780 6871055 6871055 6656045 6656045 6767390 6767390 6847240 6847240
6425925 6425925 6039305 6039305 5924500 5924500 5747790 5747790 5743980 5743980 5714260 5714260 5958660 5958660 5855380 5855380 5966935 5966935 5967580 5967580 6532195 6532195 6425675 6425675 6543190 6543190 6543190 6543190 7021460 7021460 7063050 7063050 7254735 7254735 7269175 7269175 7269175 7269175 7054745 7054745 7048310 7048310 7310580 7310580 7330905 7330905 7330905 7330905 7029200 7029200 6963980 6963980 6962530 6962530 6960830 6960830 6960830 6960830 6775205 6775205 6745620 6745620 6644935 6644935 6599190 6599190
5948320 5948320 6071535 6071535 6349160 6349160 6336705 6336705 6336705 5743980 5714260 5714260 5958660 5958660 5855380 5855380 5966935 5966935 5967580 5967580 6532195 6532195 6425675 6425675 6543190 6543190 6543190 6543190 7021460 7021460 7063050 7063050 7254735 7254735 7269175 7269175 7269175 7269175 7054745 7054745 7048310 7048310 7310580 7310580 7330905 7330905 7330905 7330905 7029200 7029200 6963980 6963980 6962530 6962530 6960830 6960830 6960830 6960830 6775205 6775205 6745620 6745620 6644935 6644935 6599190 6599190
5948320 5948320 6071535 6071535 6349160 6349160 6336705 6336705 6336705 6336705 6148970 6148970 6701420 6701420 6541745 6541745 6315580 6315580 6313630 6313630 6374675 6374675 6284410 6284410 6904590 6904590 6904590 6904590 6851445 6851445 7322720 7322720 6955640 6955640 6882670 6882670 6882670 6882670 6997190 6997190 6863440 6863440 7002675 7002675 7165105 7165105 7165105 7165105 7029200 7029200 6963980 6963980 6962530 6962530 6960830 6960830 6960830 6960830 6775205 6775205 6745620 6745620 6644935 6644935 6599190 6599190
5948320 5948320 6071535 6071535 6349160 6349160 6336705 6336705 6336705 6336705 6148970 6148970 6701420 6701420 6541745 6541745 6315580 6315580 6313630 6313630 6374675 6374675 6284410 6284410 6904590 6904590 6904590 6904590 6851445 6851445 7322720 7322720 6955640 6955640 6882670 6882670 6882670 6882670 6997190 6997190 6863440 6863440 7002675 7002675 7165105 7165105 7165105 7165105 7532210 7604800 7604800 7561405 7561405 7222690 7222690 7222690 7222690 7549790 7549790 6889580 6889580 7026730 7026730 7128060 7128060 7128060
5994640 5994640 6229890 6229890 6400440 6400440 6396340 6396340 6396340 6396340 6221130 6221130 6514095 6514095 6578240 6578240 6651920 6651920 6643470 6643470 6201340 6201340 6284410 6284410 6904590 6904590 6904590 6904590 6851445 6851445 7322720 6955640 6955640 6882670 6882670 6882670 6882670 6997190 6997190 6863440 6863440 7002675 7002675 7165105 7165105 7165105 7165105 7532210 7532210 7604800 7604800 7561405 7561405 7222690 7222690 7222690 7222690 7549790 7549790 6889580 6889580 7026730 7026730 7128060 7128060 7128060
5994640 5994640 6229890 6229890 6400440 6400440 6396340 6396340 6396340 6396340 6221130 6221130 6514095 6578240 6578240 6651920 6651920 6643470 6643470 6201340 6201340 6573910 6573910 6929545 6929545 6973650 6973650 6976150 6976150 7007675 7007675 7260560 7260560 7135545 7135545 7135545 7135545 7187250 7187250 7334040 7334040 7145190 7145190 7111090 7111090 7111090 7111090 7646120 7646120 7376180 7376180 7468010 7468010 7596390 7596390 7596390 7596390 7344850 7344850 6984145 6984145 7026730 7026730 7128060 7128060 7128060
5994640 6229890 6229890 6400440 6400440 6396340 6396340 6396340 6396340 6221130 6221130 6514095 6514095 6578240 6578240 6651920 6651920 6643470 6643470 6201340 6201340 6573910 6573910 6929545 6929545 6973650 6973650 6976150 6976150 7007675 7007675 7260560 7260560 7135545 7135545 7135545 7135545 7187250 7187250 7334040 7334040 7145190 7145190 7111090 7111090 7111090 7111090 7646120 7646120 7376180 7376180 7468010 7468010 7596390 7596390 7596390 7596390 7344850 7344850 6984145 6984145 7056080 7056080 7049795 7049795 7049795
6037195 6754730 6754730 6957725 6957725 6666380 6666380 6666380 6666380 6802510 6802510 6894600 6894600 6981955 6981955 6929255 6929255 6929255 6929255 6925900 6925900 6937075 6937075 7366470 7366470 7280685 7280685 7280050 7280050 7384930 7384930 7287400 7287400 7348760 7348760 7348760 7135545 7187250 7187250 7334040 7334040 7145190 7145190 7111090 7111090 7111090 7111090 7646120 7646120 7376180 7376180 7468010 7468010 7596390 7596390 7596390 7596390 7344850 7344850 6984145 6984145 7056080 7056080 7049795 7049795 7049795
