data/Clay content_kg_per_ha_Clipped_EPSG32636.asc
ncols        799
nrows        396
xllcorner    230039.885700000013
yllcorner    4148060.143399999943
cellsize     100.000000000000
NODATA_value  -1000
[rows 0 to 28 of 396, columns 330 to 395 of 799]
0 0 0 0 0 0 0 0 0 0 0 0 0 0 0 0 0 0 0 0 0 0 0 0 0 7274235 7274235 7274235 7274235 8247135 8247135 8787475 8787475 8602850 8602850 8572565 8572565 8572565 8572565 8616010 8616010 8848660 8848660 9092985 9092985 9091280 9091280 9091280 9091280 9074540 9074540 9023500 9023500 9012470 9012470 8877825 8877825 8877825 8877825 8830150 8830150 8957240 8957240 8209355 8209355 8104015
0 0 0 0 0 0 0 0 0 0 0 0 0 0 0 0 0 0 0 0 0 0 0 0 0 7674930 7674930 7674930 7674930 8378770 8378770 8652930 8652930 8482655 8482655 8408945 8408945 8408945 8408945 8614555 8614555 8848660 8848660 9092985 9092985 9091280 9091280 9091280 9091280 9074540 9074540 9023500 9023500 9012470 9012470 8877825 8877825 8877825 8877825 8830150 8830150 8957240 8957240 8209355 8209355 8104015
0 0 0 0 0 0 0 0 0 0 0 0 0 0 0 0 0 0 0 0 0 0 0 0 0 7674930 7674930 7674930 7674930 8378770 8378770 8652930 8652930 8482655 8482655 8408945 8408945 8408945 8408945 8614555 8614555 8804650 8804650 9006215 9006215 8986560 8986560 8986560 8986560 9114665 9114665 8865595 8865595 9090650 9090650 9020190 9020190 9020190 9020190 8674240 8674240 9256370 9256370 7857365 7857365 7707595
0 0 0 0 0 0 0 0 0 0 0 0 0 0 0 0 0 0 0 0 0 0 0 0 0 7674930 7674930 7674930 7674930 8378770 8378770 8652930 8652930 8482655 8482655 8408945 8408945 8408945 8408945 8614555 8614555 8804650 8804650 9006215 9006215 8986560 8986560 8986560 8986560 9114665 9114665 8865595 8865595 9090650 9090650 9020190 9020190 9020190 9020190 8674240 8674240 9256370 9256370 7857365 7857365 7707595
0 0 0 0 0 0 0 0 0 0 0 0 0 0 0 0 0 0 0 0 0 0 0 8455840 8455840 8717665 8717665 8717665 8717665 9657580 9657580 9682135 9682135 9183050 9183050 9488510 9488510 9488510 9488510 9402550 9402550 9445240 9445240 9499585 9499585 9506380 9506380 9506380 9506380 9619940 9619940 9406385 9406385 9090650 9090650 9020190 9020190 9020190 9020190 8674240 8674240 9256370 9256370 7857365 7857365 7707595
0 0 0 0 0 0 0 0 0 0 0 0 0 0 0 0 0 0 0 0 0 0 0 8455840 8455840 8717665 8717665 8717665 8717665 9657580 9657580 9682135 9682135 9183050 9183050 9488510 9488510 9488510 9488510 9402550 9402550 9445240 9445240 9499585 9499585 9506380 9506380 9506380 9506380 9619940 9619940 9406385 9406385 8236650 8236650 8191215 8191215 8191215 8191215 7915525 7915525 8450090 8450090 7838115 7838115 7578885
0 0 0 0 0 0 0 0 0 0 0 0 0 0 0 0 0 0 0 0 0 0 0 9096740 9096740 9583180 9583180 9583180 9583180 9923620 9657580 9682135 9682135 9183050 9183050 9488510 9488510 9488510 9488510 9402550 9402550 9445240 9445240 9499585 9499585 9506380 9506380 9506380 9506380 9619940 9619940 9406385 9406385 8236650 8236650 8191215 8191215 8191215 8191215 7915525 7915525 8450090 8450090 7838115 7838115 7578885
0 0 0 0 0 0 0 0 0 0 0 0 0 0 0 0 0 0 0 0 0 0 0 9096740 9096740 9583180 9583180 9583180 9583180 9923620 9923620 9963575 9963575 9453415 9453415 9370045 9370045 9370045 9370045 9567700 9567700 9495065 9495065 9507945 9507945 9537755 9537755 9537755 9537755 9651045 9651045 9480465 9480465 8763650 8763650 8880410 8880410 8880410 8880410 8529670 8529670 8662450 8662450 7745220 7745220 7578885
0 0 0 0 0 0 0 0 0 0 0 0 0 0 0 0 0 0 0 0 0 0 0 9096740 9096740 9583180 9583180 9583180 9583180 9923620 9923620 9963575 9963575 9453415 9453415 9370045 9370045 9370045 9370045 9567700 9567700 9495065 9495065 9507945 9507945 9537755 9537755 9537755 9537755 9651045 9651045 9480465 9480465 8763650 8763650 8880410 8880410 8880410 8880410 8529670 8529670 8662450 8662450 7745220 7745220 7609785
0 0 0 0 0 0 0 0 0 0 0 0 0 0 0 0 0 0 0 0 0 8512140 8512140 9855255 9855255 9861365 9861365 9861365 9861365 9745320 9745320 9961355 9961355 9371295 9371295 9301260 9301260 9301260 9301260 9120775 9120775 9223510 9495065 9507945 9507945 9537755 9537755 9537755 9537755 9651045 9651045 9480465 9480465 8763650 8763650 8880410 8880410 8880410 8880410 8529670 8529670 8662450 8662450 7745220 7745220 7609785
0 0 0 0 0 0 0 0 0 0 0 0 0 0 0 0 0 0 0 0 0 8512140 8512140 9855255 9855255 9861365 9861365 9861365 9861365 9745320 9745320 9961355 9961355 9371295 9371295 9301260 9301260 9301260 9301260 9120775 9120775 9223510 9223510 9355065 9355065 9379110 9379110 9379110 9379110 9314670 9314670 9454560 9454560 8717275 8717275 8768340 8768340 8768340 8768340 8541840 8541840 8571270 8571270 8256410 8256410 8159910
0 0 0 0 0 0 0 0 0 0 0 0 0 0 0 0 0 8594810 8594810 8594810 0 8512140 8512140 9855255 9855255 9861365 9861365 9861365 9861365 9745320 9745320 9961355 9961355 9371295 9371295 9301260 9301260 9301260 9301260 9120775 9120775 9223510 9223510 9355065 9355065 9379110 9379110 9379110 9379110 9314670 9314670 9454560 9454560 8717275 8717275 8768340 8768340 8768340 8768340 8541840 8541840 8571270 8571270 8256410 8256410 8159910
0 0 0 0 0 0 0 0 0 0 0 0 0 0 0 0 0 8594810 8594810 8594810 8594810 9049790 9049790 9624120 9624120 9734445 9734445 9734445 9734445 9639700 9639700 10040310 10040310 9378735 9378735 9167825 9167825 9167825 9167825 9341640 9341640 9403565 9403565 9455835 9455835 9496100 9496100 9496100 9496100 9402390 9402390 9456420 9456420 8793540 8793540 8768340 8768340 8768340 8768340 8541840 8541840 8571270 8571270 8256410 8256410 8159910
0 0 0 0 0 0 0 0 0 0 0 0 0 0 0 0 0 8594810 8594810 8594810 8594810 9049790 9049790 9624120 9624120 9734445 9734445 9734445 9734445 9639700 9639700 10040310 10040310 9378735 9378735 9167825 9167825 9167825 9167825 9341640 9341640 9403565 9403565 9455835 9455835 9496100 9496100 9496100 9496100 9402390 9402390 9456420 9456420 8793540 8793540 8806820 8806820 8806820 8806820 8688775 8688775 8576035 8576035 8068420 8068420 8034990
0 0 0 0 0 0 0 0 0 0 0 0 0 0 0 8385150 8385150 8961865 8961865 8961865 8961865 9821490 9821490 9740260 9740260 9855930 9855930 9855930 9855930 9951510 9951510 10123125 10040310 9378735 9378735 9167825 9167825 9167825 9167825 9341640 9341640 9403565 9403565 9455835 9455835 9496100 9496100 9496100 9496100 9402390 9402390 9456420 9456420 8793540 8793540 8806820 8806820 8806820 8806820 8688775 8688775 8576035 8576035 8068420 8068420 8034990
0 0 0 0 0 0 0 0 0 0 0 0 0 0 0 8385150 8385150 8961865 8961865 8961865 8961865 9821490 9821490 9740260 9740260 9855930 9855930 9855930 9855930 9951510 9951510 10123125 10123125 8400440 8400440 8991335 8991335 8991335 8991335 8960390 8960390 8942755 8942755 8508865 8508865 8561240 8561240 8561240 8561240 8535670 8535670 8600220 8600220 8795725 8795725 8721330 8721330 8721330 8721330 8659760 8659760 8646215 8646215 8561950 8561950 8513865
0 0 0 0 0 0 0 0 0 0 0 0 0 0 0 8385150 8385150 8961865 8961865 8961865 8961865 9821490 9821490 9740260 9740260 9855930 9855930 9855930 9855930 9951510 9951510 10123125 10123125 8400440 8400440 8991335 8991335 8991335 8991335 8960390 8960390 8942755 8942755 8508865 8508865 8561240 8561240 8561240 8561240 8535670 8535670 8600220 8600220 8795725 8795725 8721330 8721330 8721330 8721330 8659760 8659760 8646215 8646215 8561950 8561950 8513865
0 0 0 0 0 0 0 0 0 0 0 0 0 9012280 9012280 9602310 9602310 9719030 9719030 9719030 9719030 9688860 9688860 10102380 10102380 9980865 9980865 9704855 9704855 9708845 9708845 9846800 9846800 8910170 8910170 9050700 9050700 9050700 9050700 9035930 9035930 9037595 9037595 8387055 8508865 8561240 8561240 8561240 8561240 8535670 8535670 8600220 8600220 8795725 8795725 8721330 8721330 8721330 8721330 8659760 8659760 8646215 8646215 8561950 8561950 8513865
0 0 0 0 0 0 0 0 0 0 0 0 0 9012280 9012280 9602310 9602310 9719030 9719030 9719030 9719030 9688860 9688860 10102380 10102380 9980865 9980865 9704855 9704855 9708845 9708845 9846800 9846800 8910170 8910170 9050700 9050700 9050700 9050700 9035930 9035930 9037595 9037595 8387055 8387055 8446180 8446180 8446180 8446180 8501260 8501260 8430540 8430540 8666160 8666160 8763470 8763470 8763470 8763470 8789795 8789795 8780045 8780045 8462635 8399100 8399100
0 0 0 0 0 7710940 7710940 0 0 0 0 0 0 9320920 9320920 9686855 9686855 9669250 9669250 9669250 9669250 9688860 9688860 10102380 10102380 9980865 9980865 9704855 9704855 9708845 9708845 9846800 9846800 8910170 8910170 9050700 9050700 9050700 9050700 9035930 9035930 9037595 9037595 8387055 8387055 8446180 8446180 8446180 8446180 8501260 8501260 8430540 8430540 8666160 8666160 8763470 8763470 8763470 8789795 8789795 8780045 8780045 8462635 8462635 8399100 8399100
0 0 0 0 0 7710940 7710940 0 0 0 0 0 0 9320920 9320920 9686855 9686855 9669250 9669250 9669250 9669250 9880235 9880235 9939955 9939955 9790785 9790785 9856160 9856160 9860120 9860120 10088730 10088730 9092700 9092700 9098665 9098665 9098665 9098665 8988985 8988985 9049555 9049555 8518000 8518000 8561680 8561680 8561680 8561680 8516980 8486020 8486020 8786330 8786330 8660400 8660400 8763470 8763470 8789795 8789795 8780045 8780045 8462635 8462635 8399100 8399100
0 0 0 0 0 7710940 7710940 0 0 0 0 0 0 9320920 9320920 9686855 9686855 9669250 9669250 9669250 9669250 9880235 9880235 9939955 9939955 9790785 9790785 9856160 9856160 9860120 9860120 10088730 10088730 9092700 9092700 9098665 9098665 9098665 9098665 8988985 8988985 9049555 9049555 8518000 8561680 8561680 8561680 8561680 8516980 8516980 8486020 8486020 8786330 8786330 8660400 8660400 8660400 8660400 8620505 8620505 8729810 8729810 8612235 8612235 8131365 8131365
0 0 0 0 0 8248645 8248645 9394145 9394145 9394145 9394145 9353580 9353580 9562705 9562705 9585070 9585070 9838260 9838260 9838260 9838260 9996965 9996965 10090480 10090480 9930605 9930605 9936760 9936760 9934765 9934765 10128260 10128260 9092700 9092700 9098665 9098665 9098665 8988985 8988985 9049555 9049555 8518000 8518000 8561680 8561680 8561680 8561680 8516980 8516980 8486020 8486020 8786330 8786330 8660400 8660400 8660400 8660400 8620505 8620505 8729810 8729810 8612235 8612235 8131365 8131365
0 0 0 0 0 8248645 8248645 9394145 9394145 9394145 9394145 9353580 9353580 9562705 9562705 9585070 9585070 9838260 9838260 9838260 9838260 9996965 9996965 10090480 10090480 9930605 9930605 9936760 9936760 9934765 10128260 10128260 9054660 9054660 9019740 9019740 9019740 9019740 9072775 9072775 8968640 8968640 8633420 8633420 8676490 8676490 8676490 8676490 8628645 8628645 8433580 8433580 8627405 8627405 8676860 8676860 8676860 8676860 8625100 8625100 8841130 8841130 8692140 8692140 8537955 8537955
0 0 0 8004015 8004015 8542185 8542185 8658135 8658135 8658135 9394145 9353580 9353580 9562705 9562705 9585070 9585070 9838260 9838260 9838260 9838260 9996965 10090480 10090480 9930605 9930605 9936760 9936760 9934765 9934765 10128260 10128260 9054660 9054660 9019740 9019740 9019740 9019740 9072775 9072775 8968640 8968640 8633420 8633420 8676490 8676490 8676490 8676490 8628645 8628645 8433580 8433580 8627405 8627405 8676860 8676860 8676860 8676860 8625100 8625100 8841130 8841130 8692140 8692140 8537955 8537955
0 0 0 8004015 8004015 8542185 8542185 8658135 8658135 8658135 8658135 9323745 9323745 9650895 9604360 9604360 10076930 10076930 10076930 10076930 9972870 9972870 9712845 9712845 9605300 9605300 9928960 9928960 9934900 9934900 10139380 10139380 9235090 9235090 9338780 9338780 9338780 9338780 9197980 9197980 9032140 9032140 8790590 8790590 8579915 8676490 8676490 8676490 8628645 8628645 8433580 8433580 8627405 8627405 8676860 8676860 8676860 8676860 8625100 8625100 8841130 8841130 8692140 8692140 8537955 8537955
0 0 0 8004015 8004015 8542185 8542185 8658135 8658135 8658135 9323745 9323745 9650895 9650895 9604360 9604360 10076930 10076930 10076930 10076930 9972870 9972870 9712845 9712845 9605300 9605300 9928960 9928960 9934900 9934900 10139380 10139380 9235090 9235090 9338780 9338780 9338780 9338780 9197980 9197980 9032140 9032140 8790590 8790590 8579915 8579915 8579915 8579915 8499180 8499180 8418085 8418085 8765730 8765730 8729925 8729925 8729925 8729925 8725655 8725655 9013305 9013305 8727855 8727855 8692475 8692475
7793820 7793820 8298040 8298040 9041210 9041210 9172435 9172435 9172435 9172435 9276265 9276265 9629705 9629705 10060970 10060970 9806540 9806540 9806540 9806540 9882670 9882670 9712845 9712845 9605300 9605300 9928960 9928960 9934900 9934900 10139380 10139380 9235090 9235090 9338780 9338780 9338780 9338780 9197980 9197980 9032140 9032140 8790590 8790590 8579915 8579915 8579915 8579915 8499180 8499180 8418085 8418085 8765730 8765730 8729925 8729925 8729925 8729925 8725655 8725655 9013305 9013305 8727855 8727855 8692475 8692475
7793820 7793820 8298040 8298040 9041210 9041210 9172435 9172435 9172435 9172435 9276265 9276265 9629705 9629705 10060970 10060970 9806540 9806540 9806540 9806540 9882670 9882670 9848195 9848195 9689285 9689285 9817125 9817125 9817125 9817125 10212715 10212715 9433980 9433980 9349460 9349460 9349460 9349460 9114260 9114260 9059080 9059080 8655370 8655370 8498365 8498365 8498365 8498365 8413965 8413965 8453940 8453940 8626875 8626875 8662290 8662290 8662290 8729925 8725655 8725655 9013305 9013305 8727855 8727855 8692475 8692475
