GIS data/Altitude_EPSG32636_Clipped_Resampled2.asc
ncols        799
nrows        396
xllcorner    230039.885700000013
yllcorner    4148060.143399999943
cellsize     100.000000000000
NODATA_value  0
[rows 351 to 389 of 396, columns 0 to 86 of 799]
1551 1571 1587 1602 1612 1618 1616 1621 1617 1612 1612 1604 1589 1560 1525 1495 1477 1451 1441 1426 1388 1382 1373 1334 1308 1291 1267 1250 1238 1230 1226 1228 1215 1170 1147 1136 1129 1113 1096 1086 1082 1075 1069 1071 1066 1067 1065 1061 1055 1051 1041 1032 1024 1021 1019 1018 1013 1007 1009 1013 1018 1013 1009 1008 1005 1004 1003 1000 999 1002 1005 1003 1005 997 991 992 987 982 980 978 975 971 971 971 971 970 970
1547 1565 1584 1600 1605 1600 1604 1614 1609 1590 1592 1579 1570 1549 1505 1467 1439 1411 1401 1393 1372 1355 1344 1330 1311 1287 1261 1243 1226 1214 1211 1211 1194 1156 1136 1124 1117 1104 1091 1080 1077 1068 1060 1067 1052 1056 1056 1052 1050 1042 1038 1029 1016 1015 1011 1015 1014 1010 1010 1010 1011 1008 1007 1006 997 997 997 996 995 1000 1008 1005 992 984 987 986 983 978 976 972 970 972 972 974 975 969 970
1538 1549 1560 1588 1592 1598 1606 1609 1599 1563 1545 1528 1513 1493 1454 1432 1395 1377 1374 1374 1357 1340 1327 1322 1307 1283 1259 1244 1220 1202 1193 1189 1168 1138 1121 1108 1099 1092 1086 1079 1075 1064 1052 1055 1047 1042 1041 1046 1042 1035 1032 1029 1015 1010 1013 1010 1009 1006 1006 1007 1005 1003 1001 1000 994 993 994 993 994 1003 1005 997 989 983 987 984 978 979 977 973 970 973 972 975 977 971 977
1528 1534 1540 1574 1584 1586 1581 1579 1567 1534 1511 1500 1489 1464 1437 1410 1380 1356 1351 1350 1337 1322 1311 1300 1285 1269 1262 1253 1216 1190 1181 1169 1146 1121 1112 1098 1085 1082 1079 1075 1066 1059 1053 1041 1045 1041 1037 1042 1039 1033 1027 1023 1015 1012 1016 1007 1005 1005 1002 1000 1003 1004 999 995 993 990 990 994 997 1002 999 991 987 985 986 984 981 977 971 969 969 976 976 974 973 974 975
1506 1515 1514 1522 1533 1528 1530 1536 1532 1508 1491 1463 1443 1431 1414 1394 1360 1321 1310 1308 1304 1294 1287 1286 1268 1246 1240 1228 1192 1170 1160 1161 1142 1127 1117 1090 1079 1077 1071 1073 1064 1053 1049 1037 1041 1039 1036 1039 1035 1029 1025 1018 1014 1010 1004 1004 1004 1003 1001 999 1000 1000 995 993 993 987 986 996 998 989 986 985 983 983 980 977 976 974 973 975 972 973 972 975 976 971 968
1477 1493 1490 1491 1498 1493 1492 1499 1495 1472 1460 1449 1424 1399 1381 1363 1331 1308 1288 1282 1282 1282 1277 1266 1249 1230 1214 1208 1186 1161 1150 1147 1134 1122 1115 1088 1079 1072 1066 1064 1062 1055 1046 1036 1036 1039 1036 1032 1031 1021 1019 1016 1014 1009 1000 1004 1000 997 995 1000 1001 998 993 988 990 988 988 993 991 983 984 984 983 982 977 976 976 977 976 971 972 971 972 973 974 970 967
1467 1487 1482 1471 1474 1469 1468 1483 1476 1455 1441 1424 1407 1375 1355 1330 1311 1295 1272 1264 1265 1272 1269 1257 1236 1219 1205 1192 1167 1147 1136 1132 1123 1106 1093 1081 1073 1067 1064 1057 1055 1053 1045 1038 1038 1033 1031 1023 1020 1020 1014 1012 1011 1007 1000 999 997 995 995 999 998 993 985 983 988 990 990 987 980 980 982 984 981 977 974 973 980 982 972 968 970 967 970 977 975 976 971
1454 1475 1475 1458 1449 1438 1437 1440 1447 1441 1424 1394 1372 1348 1326 1308 1294 1278 1257 1245 1239 1247 1248 1234 1222 1211 1197 1183 1156 1138 1126 1106 1093 1086 1082 1079 1072 1064 1059 1053 1047 1045 1042 1034 1031 1028 1029 1020 1012 1011 1007 1007 1007 1005 1001 995 996 998 994 988 986 984 981 982 985 987 984 983 981 981 978 977 975 973 976 975 974 972 972 969 972 973 975 980 978 975 979
1459 1476 1472 1459 1444 1431 1424 1430 1437 1433 1418 1382 1356 1333 1311 1302 1288 1272 1249 1234 1222 1225 1229 1231 1227 1211 1200 1177 1149 1126 1106 1100 1089 1079 1077 1072 1064 1056 1049 1045 1043 1037 1035 1021 1026 1023 1019 1014 1009 1012 1006 1003 1001 1002 1001 992 990 990 991 988 986 981 984 983 986 983 979 979 981 982 977 976 974 971 978 977 971 971 972 976 977 975 972 977 974 974 995
1463 1473 1474 1463 1444 1429 1414 1416 1420 1415 1394 1364 1338 1312 1298 1285 1273 1264 1250 1235 1218 1212 1214 1216 1220 1210 1192 1166 1140 1118 1099 1088 1084 1079 1077 1068 1060 1055 1049 1042 1045 1037 1028 1023 1027 1022 1014 1011 1004 1006 1006 1000 998 999 997 993 990 990 988 983 984 982 983 990 984 979 977 975 978 978 974 973 975 976 976 974 971 974 973 975 978 974 971 970 972 991 995
1455 1469 1471 1454 1430 1407 1396 1398 1399 1386 1363 1338 1321 1299 1290 1278 1262 1257 1251 1233 1213 1200 1196 1201 1207 1203 1186 1152 1127 1107 1092 1084 1080 1077 1075 1066 1057 1051 1046 1043 1043 1031 1024 1025 1022 1014 1007 1004 1004 998 1001 999 995 993 992 995 992 992 990 985 986 981 985 990 984 979 977 973 974 974 972 972 975 977 975 971 970 968 973 977 976 973 971 969 974 976 976
1439 1449 1438 1432 1407 1389 1388 1383 1374 1351 1332 1323 1307 1291 1285 1273 1252 1245 1238 1229 1208 1190 1182 1176 1185 1192 1170 1144 1124 1101 1085 1077 1069 1062 1060 1060 1054 1047 1045 1042 1034 1029 1022 1018 1014 1009 1006 1004 1002 998 1004 997 995 991 989 994 994 989 991 988 983 985 987 986 983 980 977 972 972 974 972 974 972 974 973 968 971 969 972 971 973 968 969 972 974 965 964
1423 1429 1421 1412 1392 1379 1373 1371 1360 1338 1321 1306 1292 1282 1279 1269 1248 1239 1230 1218 1200 1181 1169 1167 1178 1187 1163 1137 1121 1091 1075 1075 1067 1059 1056 1055 1055 1045 1042 1036 1034 1027 1020 1014 1011 1007 1004 1003 1002 1002 999 994 994 995 989 986 983 984 985 983 988 990 985 981 978 976 977 976 973 972 973 974 977 976 971 965 975 973 972 967 969 971 973 975 976 963 959
1397 1407 1399 1392 1379 1368 1359 1361 1350 1334 1317 1301 1288 1277 1270 1254 1241 1230 1220 1213 1196 1176 1163 1154 1158 1167 1149 1131 1118 1090 1075 1070 1063 1058 1057 1053 1046 1038 1041 1025 1023 1016 1013 1011 1010 1004 1002 999 997 999 996 991 990 990 985 982 980 980 980 979 986 987 982 980 978 976 978 977 974 974 974 977 976 976 972 969 979 971 969 967 977 980 978 974 972 962 958
1366 1380 1388 1385 1377 1356 1338 1336 1341 1328 1313 1301 1287 1269 1254 1240 1237 1228 1216 1212 1193 1168 1156 1145 1144 1141 1135 1125 1111 1100 1088 1080 1065 1057 1057 1046 1039 1038 1037 1028 1024 1017 1014 1008 1009 1003 1000 998 996 997 995 993 988 986 985 981 980 981 981 979 978 981 982 978 977 977 977 977 975 975 973 969 970 976 973 973 978 969 968 971 980 981 975 969 968 960 951
1350 1365 1375 1376 1368 1349 1335 1331 1332 1324 1312 1300 1274 1251 1238 1231 1229 1224 1210 1207 1190 1163 1150 1138 1132 1124 1119 1115 1107 1101 1095 1083 1068 1054 1051 1046 1040 1038 1034 1028 1027 1020 1012 1011 1007 1004 1000 995 998 998 993 990 988 985 985 984 984 985 985 982 977 980 983 978 976 976 973 973 971 973 974 971 973 977 975 967 971 965 975 977 971 971 973 963 964 964 948
1343 1359 1364 1365 1361 1346 1330 1323 1319 1313 1306 1285 1262 1245 1234 1222 1217 1212 1203 1198 1182 1163 1143 1131 1129 1123 1116 1111 1103 1095 1091 1080 1062 1050 1048 1053 1043 1040 1032 1026 1027 1017 1013 1008 1005 1002 997 994 995 995 991 989 989 986 985 985 985 985 983 979 977 978 980 978 978 976 969 971 972 976 977 977 972 972 975 967 970 971 972 974 971 970 968 967 962 962 954
1315 1337 1346 1348 1351 1338 1317 1305 1302 1300 1288 1271 1257 1243 1233 1222 1211 1200 1188 1185 1173 1158 1142 1127 1120 1115 1109 1104 1098 1093 1087 1078 1064 1055 1054 1053 1045 1035 1030 1023 1020 1014 1007 1007 1002 999 999 998 995 992 991 990 988 985 984 984 985 984 980 978 978 978 980 981 981 978 969 971 978 979 978 980 973 969 971 969 971 971 973 971 970 971 969 969 967 964 960
1300 1320 1334 1338 1334 1320 1298 1288 1290 1289 1277 1266 1255 1239 1229 1220 1209 1196 1182 1174 1165 1151 1137 1118 1110 1104 1101 1098 1093 1087 1081 1075 1068 1060 1055 1048 1042 1034 1028 1021 1017 1013 1007 1005 1005 1001 999 999 995 992 994 990 987 986 985 983 986 986 982 982 978 978 983 985 980 979 977 978 979 973 972 977 976 970 968 976 980 972 968 970 969 970 972 973 968 966 962
1296 1297 1318 1325 1312 1295 1278 1267 1271 1269 1260 1257 1254 1242 1233 1223 1211 1201 1180 1167 1159 1143 1129 1112 1103 1095 1089 1087 1085 1083 1077 1068 1064 1060 1056 1049 1043 1035 1028 1022 1017 1015 1011 1008 1006 1001 999 999 996 994 996 993 986 987 986 992 990 988 984 980 981 982 980 977 976 976 979 979 974 970 974 970 975 977 970 972 977 973 971 972 970 971 970 971 972 973 968
1281 1285 1304 1307 1293 1273 1258 1250 1256 1263 1259 1258 1256 1243 1232 1223 1207 1197 1178 1165 1154 1139 1126 1107 1096 1091 1085 1082 1081 1078 1072 1065 1061 1056 1054 1050 1043 1035 1028 1023 1020 1017 1011 1008 1008 1002 999 998 994 993 995 995 989 985 989 987 984 981 980 977 981 982 978 973 977 978 977 977 972 973 967 963 975 977 968 970 972 972 972 973 968 967 969 970 971 972 969
1275 1269 1286 1292 1277 1264 1246 1241 1250 1253 1252 1253 1249 1229 1224 1214 1204 1195 1178 1161 1148 1132 1119 1105 1095 1089 1082 1077 1076 1072 1071 1063 1056 1053 1049 1046 1040 1032 1028 1024 1020 1017 1014 1012 1009 1005 1001 997 993 992 993 994 992 991 990 983 981 980 981 978 982 977 974 972 974 978 977 975 969 969 969 972 975 975 970 968 965 970 971 972 969 969 971 971 971 970 971
1268 1251 1259 1271 1263 1256 1234 1213 1216 1232 1235 1232 1216 1191 1189 1187 1189 1190 1173 1155 1136 1122 1114 1105 1095 1087 1080 1077 1074 1069 1065 1057 1051 1049 1045 1041 1037 1031 1027 1023 1019 1017 1018 1014 1012 1007 999 997 997 996 994 993 994 999 995 985 982 980 983 986 986 977 975 973 972 977 978 976 972 974 976 973 971 970 969 970 966 972 972 972 971 971 973 973 972 971 973
1264 1239 1233 1239 1238 1245 1225 1204 1205 1209 1211 1211 1191 1179 1175 1175 1178 1177 1158 1143 1128 1120 1113 1102 1093 1086 1080 1075 1069 1062 1058 1055 1053 1046 1041 1037 1035 1033 1027 1024 1020 1014 1016 1015 1012 1005 1001 1000 1001 1001 996 994 995 996 995 987 981 980 986 987 986 983 977 976 974 976 976 976 975 972 973 972 973 967 972 969 972 974 972 972 972 971 973 974 973 971 973
1254 1238 1223 1219 1221 1222 1214 1199 1197 1192 1196 1193 1178 1169 1160 1159 1162 1157 1142 1132 1121 1115 1110 1103 1095 1086 1080 1075 1069 1062 1057 1055 1053 1048 1044 1038 1034 1033 1029 1025 1022 1015 1015 1015 1010 1005 1003 1000 1001 999 996 994 992 992 991 984 982 980 986 989 988 986 981 981 976 974 976 978 976 972 973 975 973 972 972 969 975 969 972 973 973 970 971 974 974 972 972
1252 1240 1226 1215 1205 1200 1199 1195 1188 1179 1179 1172 1166 1161 1153 1146 1149 1144 1131 1121 1112 1109 1105 1102 1096 1085 1078 1073 1070 1066 1064 1056 1051 1049 1047 1044 1038 1033 1029 1025 1022 1016 1014 1014 1007 1005 1006 1002 1001 1000 997 993 990 992 991 988 987 986 986 985 982 978 980 980 978 973 976 979 982 978 978 978 973 971 970 971 969 970 971 970 967 964 971 974 973 974 974
1248 1232 1224 1223 1211 1196 1193 1186 1180 1173 1166 1161 1160 1156 1142 1135 1137 1137 1127 1119 1112 1106 1104 1101 1095 1089 1082 1076 1074 1067 1060 1054 1050 1048 1047 1044 1039 1034 1031 1026 1017 1016 1016 1013 1007 1007 1005 1003 1002 1002 997 989 989 992 993 998 994 990 987 984 982 978 980 984 978 975 974 976 978 973 973 975 975 971 966 968 971 971 972 971 969 970 973 973 974 975 974
1253 1232 1220 1218 1208 1200 1197 1192 1189 1181 1169 1160 1158 1155 1145 1137 1133 1130 1122 1115 1109 1104 1102 1098 1093 1089 1083 1077 1072 1066 1059 1056 1052 1048 1047 1045 1039 1033 1032 1026 1019 1019 1017 1014 1011 1007 1005 1004 1003 1002 999 998 995 991 989 992 988 983 979 981 983 982 981 981 980 978 977 979 978 971 972 973 975 973 970 972 972 970 971 971 970 971 973 974 974 972 973
1250 1234 1219 1213 1204 1198 1198 1194 1186 1179 1173 1166 1160 1162 1161 1151 1136 1127 1117 1110 1106 1101 1097 1093 1090 1086 1081 1075 1071 1066 1062 1057 1053 1047 1048 1047 1040 1028 1030 1026 1021 1020 1018 1015 1013 1009 1006 1005 1001 1003 1001 995 994 991 988 993 989 980 979 983 985 986 985 982 981 980 980 980 978 971 972 973 974 974 975 972 972 972 970 969 968 970 972 973 974 974 974
1244 1229 1213 1205 1195 1188 1190 1188 1181 1175 1174 1171 1162 1160 1160 1153 1142 1132 1120 1113 1109 1103 1095 1089 1086 1082 1078 1073 1071 1067 1063 1056 1051 1047 1045 1045 1034 1029 1030 1025 1021 1020 1019 1016 1014 1013 1011 1007 1000 1004 998 993 993 991 990 993 992 981 985 986 985 984 985 985 985 983 981 974 971 973 975 973 974 976 977 972 973 973 970 967 969 969 969 970 972 975 975
1228 1211 1202 1199 1190 1181 1177 1174 1172 1167 1166 1171 1164 1154 1155 1156 1153 1143 1122 1113 1107 1102 1096 1086 1077 1075 1075 1071 1069 1066 1062 1058 1055 1050 1046 1043 1036 1029 1031 1027 1022 1021 1020 1017 1015 1014 1013 1009 1005 1005 997 994 993 991 993 990 989 986 986 988 985 984 983 984 988 991 982 971 970 974 975 974 974 978 979 974 975 972 969 969 972 974 973 971 971 978 981
1216 1200 1194 1191 1185 1179 1173 1168 1166 1163 1157 1158 1156 1147 1147 1153 1157 1150 1123 1112 1108 1104 1096 1088 1077 1071 1070 1066 1066 1066 1061 1058 1054 1051 1049 1043 1036 1026 1029 1028 1026 1024 1020 1018 1019 1014 1010 1007 1005 1004 996 994 993 991 994 988 988 987 986 991 986 986 988 988 987 989 978 976 972 972 973 974 974 977 980 975 974 975 973 973 979 979 974 970 972 977 979
1204 1192 1186 1183 1180 1176 1169 1162 1159 1155 1149 1151 1152 1142 1137 1149 1158 1154 1123 1112 1110 1100 1094 1085 1076 1069 1067 1066 1064 1063 1060 1057 1051 1049 1047 1042 1036 1031 1029 1028 1024 1021 1018 1017 1019 1010 1007 1007 1001 1002 996 994 993 993 995 990 988 985 980 986 988 990 992 994 990 981 976 977 972 971 970 969 969 971 974 974 975 978 978 977 983 982 973 974 973 978 978
1196 1185 1178 1172 1172 1166 1162 1158 1148 1144 1143 1144 1142 1139 1133 1139 1149 1142 1116 1105 1099 1093 1088 1078 1072 1065 1061 1060 1060 1059 1057 1055 1051 1048 1046 1043 1040 1032 1030 1028 1022 1019 1019 1019 1016 1008 1008 1008 999 999 998 995 992 992 995 996 989 988 989 989 990 995 996 993 986 975 977 979 973 973 979 977 972 974 975 973 977 980 977 976 975 977 977 975 974 977 978
1189 1180 1175 1171 1170 1164 1157 1154 1151 1141 1138 1140 1135 1132 1127 1128 1132 1121 1105 1097 1093 1090 1083 1076 1071 1065 1060 1057 1061 1059 1057 1054 1049 1046 1044 1043 1040 1034 1029 1026 1022 1020 1019 1016 1012 1010 1011 1005 997 1000 1001 995 993 992 995 993 985 987 984 986 989 996 997 994 984 975 977 980 975 977 978 977 973 976 980 976 976 978 970 970 972 976 981 979 976 982 980
1185 1176 1170 1167 1166 1162 1154 1148 1151 1143 1135 1132 1130 1127 1122 1121 1121 1109 1099 1091 1084 1084 1081 1076 1071 1067 1063 1060 1059 1056 1054 1053 1048 1045 1043 1042 1040 1035 1029 1026 1021 1022 1021 1013 1010 1010 1007 1005 1002 1002 999 997 999 995 992 989 982 978 982 979 987 989 988 988 980 975 975 982 982 976 976 977 975 979 981 976 978 976 974 972 975 979 981 982 981 981 981
1171 1167 1164 1162 1157 1154 1150 1143 1143 1142 1136 1130 1126 1123 1117 1110 1106 1104 1097 1090 1082 1080 1080 1079 1075 1068 1063 1059 1056 1051 1050 1049 1048 1045 1044 1044 1040 1035 1033 1030 1028 1030 1023 1016 1014 1011 1006 1004 1000 1003 998 996 1002 997 992 989 982 979 978 983 986 988 986 984 981 979 979 980 982 977 978 979 979 981 979 976 979 976 977 971 978 980 984 985 986 982 987
1166 1166 1160 1155 1151 1149 1150 1144 1140 1140 1140 1137 1129 1120 1113 1108 1106 1105 1097 1095 1091 1085 1081 1081 1074 1072 1071 1062 1054 1050 1050 1045 1046 1047 1045 1045 1039 1035 1032 1033 1035 1026 1019 1024 1020 1008 1002 1003 998 1006 1001 999 998 996 994 987 986 983 982 987 990 988 984 985 983 981 983 982 983 980 982 981 981 983 982 979 975 978 979 977 981 985 986 989 992 992 991
1162 1161 1157 1152 1147 1144 1145 1142 1136 1138 1143 1145 1130 1120 1114 1110 1112 1110 1103 1097 1093 1088 1082 1080 1078 1079 1077 1063 1054 1050 1049 1044 1042 1046 1046 1047 1039 1034 1030 1029 1028 1024 1023 1026 1017 1008 1004 1006 999 1004 1004 1003 999 994 994 991 989 980 980 987 989 984 984 983 987 981 977 981 984 985 986 986 987 984 982 982 979 983 988 985 978 978 981 983 994 995 997
