GIS data/Altitude_EPSG32636_Clipped_Resampled2.asc
ncols        799
nrows        396
xllcorner    230039.885700000013
yllcorner    4148060.143399999943
cellsize     100.000000000000
NODATA_value  0
[rows 312 to 350 of 396, columns 609 to 695 of 799]
1057 1071 1096 1098 1107 1124 1122 1130 1158 1197 1216 1219 1191 1168 1152 1150 1130 1100 1090 1065 1036 1004 998 1002 1005 1002 996 989 978 973 976 979 984 997 1004 1010 1009 1007 1005 1009 1009 1011 997 984 966 957 945 926 910 886 858 830 794 768 742 718 704 695 685 672 659 645 624 607 593 581 569 557 557 556 575 573 543 518 501 486 494 502 489 461 421 402 403 404 411 405 402
1036 1055 1072 1080 1094 1102 1099 1115 1149 1174 1197 1208 1204 1196 1185 1182 1157 1137 1128 1106 1078 1053 1038 1033 1027 1018 1006 996 975 965 972 977 978 987 985 988 993 1003 1002 1000 1001 1008 996 989 972 962 948 931 909 873 852 826 787 759 742 729 713 696 686 670 661 645 626 616 604 591 580 567 560 538 540 528 505 496 503 522 538 521 488 446 427 408 408 416 433 436 434
991 1014 1034 1047 1067 1070 1069 1086 1117 1149 1187 1226 1250 1247 1230 1206 1187 1167 1148 1124 1093 1065 1047 1032 1006 989 991 976 945 942 955 961 962 954 942 948 954 956 945 941 943 945 975 983 973 958 945 919 884 865 847 814 789 763 742 732 719 691 680 669 657 645 636 628 615 602 596 586 576 545 528 536 547 550 543 542 521 488 451 428 422 430 440 439 453 462 467
967 993 1013 1034 1051 1049 1064 1081 1119 1158 1200 1242 1267 1277 1260 1231 1196 1171 1142 1115 1072 1038 1028 1009 973 965 973 941 920 927 945 951 941 920 907 906 904 909 901 901 904 904 918 939 950 948 940 912 876 861 840 811 794 766 743 735 722 698 687 673 662 653 646 641 629 619 613 613 610 569 555 561 571 574 571 542 499 454 435 424 425 446 463 458 464 486 491
938 963 995 1023 1035 1042 1069 1096 1135 1167 1198 1232 1267 1291 1271 1238 1198 1150 1101 1070 1029 1003 1006 984 954 947 951 921 904 914 925 924 913 908 898 890 884 881 880 876 876 882 892 914 932 937 928 909 884 861 838 813 800 775 748 738 724 707 696 687 678 668 664 656 643 639 639 647 644 620 608 601 607 608 588 546 491 453 434 436 455 492 506 505 505 506 485
927 935 966 987 1014 1042 1082 1110 1135 1149 1173 1210 1258 1288 1253 1203 1164 1131 1079 1047 1018 994 983 967 945 934 933 911 895 904 906 901 895 893 882 872 865 861 860 862 861 868 878 882 894 900 888 880 869 853 836 816 803 782 763 754 746 731 720 714 701 692 689 680 664 656 659 666 662 639 622 618 621 611 588 533 489 448 444 459 480 509 523 524 526 510 486
933 916 938 976 1007 1042 1068 1081 1102 1136 1176 1216 1243 1263 1220 1170 1121 1074 1040 1021 1002 984 967 958 941 925 922 909 882 873 869 866 869 871 864 858 848 832 828 829 834 841 842 845 854 853 850 846 838 833 832 817 802 779 769 759 750 736 723 716 713 706 693 683 677 673 666 662 657 637 627 623 617 602 566 522 471 446 470 496 505 526 549 555 539 523 503
942 913 935 967 992 1021 1044 1062 1095 1136 1172 1200 1230 1230 1188 1153 1099 1060 1030 1015 1000 986 964 954 936 919 913 904 878 861 856 855 860 855 852 842 819 802 801 816 823 827 828 834 840 840 838 837 830 823 817 802 787 765 742 729 718 706 699 701 708 696 676 659 652 654 641 618 602 584 591 578 576 577 543 497 457 475 512 532 542 547 566 565 544 535 528
962 910 913 944 976 1000 1031 1056 1087 1113 1134 1168 1205 1196 1152 1120 1066 1027 1015 1006 995 983 963 942 932 916 910 902 883 856 838 837 843 841 844 831 804 791 789 795 801 798 797 800 807 813 818 819 815 808 798 782 772 750 719 710 702 691 684 687 690 687 669 647 630 625 619 596 578 555 542 531 532 530 497 471 462 496 528 548 563 583 594 581 565 552 533
939 908 905 930 961 984 1013 1042 1063 1085 1122 1158 1199 1179 1117 1078 1037 1016 1006 1000 988 975 954 932 916 907 904 900 891 859 822 819 820 826 824 811 801 792 781 780 779 774 774 777 784 787 790 795 796 790 777 750 744 735 715 699 683 668 656 657 659 676 674 648 622 604 589 573 552 517 501 491 487 481 460 454 462 499 533 556 569 595 610 609 589 576 548
941 905 889 910 940 956 981 1001 1033 1070 1110 1152 1181 1144 1094 1045 1013 996 985 978 959 945 932 918 906 896 887 883 883 866 829 800 790 792 789 787 783 776 763 752 745 742 746 747 753 757 757 757 751 737 721 702 707 706 696 683 670 654 639 628 622 627 632 636 610 582 563 542 520 494 483 485 483 481 490 482 475 479 495 516 537 558 585 591 588 593 574
951 908 876 894 929 949 971 992 1028 1055 1088 1120 1128 1109 1057 1011 994 981 967 962 952 937 922 913 904 894 886 882 875 863 829 795 777 772 771 770 764 762 747 740 736 733 733 733 732 732 736 737 730 719 708 690 682 679 668 657 650 638 623 607 603 604 586 571 564 542 521 510 503 492 492 495 502 518 540 541 522 501 493 502 524 549 558 554 558 572 573
955 916 873 880 913 937 956 984 1014 1042 1070 1098 1100 1086 1037 997 977 963 954 950 945 930 917 911 904 894 884 872 862 850 827 801 777 762 761 759 752 744 735 729 724 723 726 726 720 717 719 719 705 691 680 655 644 653 644 634 625 613 597 585 575 562 551 552 545 522 513 514 517 512 507 510 524 549 566 561 539 516 503 507 519 529 527 522 531 555 565
953 919 879 869 902 923 950 972 1005 1029 1045 1052 1052 1036 1016 989 959 947 938 935 931 919 906 900 892 890 882 868 851 835 826 809 784 739 728 731 730 731 727 723 721 719 716 715 712 710 709 702 686 669 663 629 612 612 611 602 589 576 573 563 555 543 540 542 533 526 535 548 556 540 532 536 550 573 587 578 553 532 512 496 496 510 516 512 518 534 546
938 917 881 871 896 916 938 954 969 980 994 1013 1014 1010 1007 984 953 937 928 924 921 912 902 897 885 883 879 866 856 840 827 808 780 733 718 723 724 723 720 713 709 706 703 708 707 707 705 691 664 646 643 617 598 590 584 581 573 562 560 566 584 587 568 547 535 536 551 572 578 565 561 572 597 603 590 577 548 529 501 481 471 477 494 503 511 523 536
913 911 879 861 888 900 912 921 935 954 982 999 1000 995 987 978 948 931 922 918 914 906 898 891 878 877 871 861 856 841 827 811 781 735 715 712 712 711 708 703 698 689 684 686 687 684 678 657 635 620 616 605 591 577 565 565 566 572 581 587 610 610 588 565 542 548 564 587 588 579 577 594 612 605 586 566 548 522 501 487 471 464 478 492 501 516 523
886 898 868 844 866 883 894 904 927 956 976 986 985 985 978 969 942 919 908 907 902 892 887 881 872 865 859 854 847 833 821 815 798 749 719 703 699 697 697 696 692 680 670 669 662 656 645 621 605 593 589 586 581 583 571 570 577 597 610 622 631 619 599 580 567 566 580 594 594 590 602 621 622 601 572 557 543 522 506 494 474 457 457 471 488 503 509
870 872 849 831 847 870 900 916 937 955 962 965 968 971 964 950 925 909 899 897 892 884 881 876 867 856 848 843 838 824 811 808 796 762 734 701 686 683 688 688 685 677 666 661 646 629 617 602 594 589 582 585 592 601 610 619 634 650 660 652 642 620 609 593 582 598 616 620 617 613 619 627 624 595 563 538 517 500 486 475 463 453 451 457 473 487 498
867 859 852 831 837 856 897 919 939 947 950 953 955 960 959 952 926 907 898 893 883 874 869 871 861 854 845 837 831 817 802 793 782 756 730 701 686 676 669 672 673 666 651 640 631 619 617 620 612 605 598 617 623 627 627 636 651 662 672 670 656 638 624 611 587 589 616 629 621 607 609 616 612 581 548 522 505 493 477 465 459 453 450 452 457 466 483
855 846 846 831 826 842 882 910 932 942 947 949 952 956 951 941 921 908 900 891 874 866 860 860 854 846 837 819 803 805 791 776 756 734 711 693 682 664 652 651 652 640 629 628 634 641 648 656 657 656 640 659 658 660 675 680 686 687 695 693 675 643 629 622 603 602 631 638 620 602 602 598 585 551 530 520 515 498 475 469 472 479 466 462 460 453 460
846 837 839 836 826 833 871 906 927 937 945 941 940 943 938 927 916 904 893 874 863 856 849 849 848 839 831 808 777 768 758 737 711 691 679 676 670 663 665 663 650 637 645 654 658 658 665 672 676 679 686 705 701 695 710 715 709 708 708 699 671 648 646 652 649 655 655 643 626 615 605 600 584 562 550 534 515 499 490 486 488 493 489 483 473 450 447
841 836 834 831 826 822 852 896 923 931 926 909 906 916 911 906 890 872 872 866 849 838 825 819 829 823 804 776 739 733 721 709 701 705 698 698 701 698 696 689 682 676 678 677 675 678 685 695 704 721 722 743 743 733 740 739 736 734 722 703 694 678 678 676 674 677 674 661 648 633 621 614 605 592 575 538 522 527 521 496 491 489 483 482 469 449 443
841 829 827 826 823 822 845 885 906 912 905 898 889 897 897 885 873 866 864 854 823 800 788 784 802 792 776 748 724 714 707 708 719 726 723 722 720 711 709 704 704 713 710 704 698 699 702 715 731 749 767 787 789 772 772 773 761 755 744 729 723 724 717 707 697 690 681 672 657 642 631 622 612 590 563 543 543 544 524 503 495 490 483 473 460 450 436
839 828 828 827 820 820 838 851 872 892 887 885 875 872 861 858 860 853 844 829 799 772 762 756 749 743 737 725 723 731 728 732 743 755 751 739 732 734 734 728 724 727 728 719 713 715 727 748 765 785 805 811 811 791 786 791 793 780 764 757 755 746 728 720 707 696 689 676 665 654 647 631 613 597 587 579 573 551 529 514 504 482 465 461 447 442 432
849 856 855 849 818 811 826 838 850 854 857 854 839 821 823 831 824 804 795 784 769 752 740 731 727 728 733 739 756 773 785 789 793 795 794 771 760 760 761 761 763 769 767 760 764 773 773 788 799 818 835 844 847 838 834 836 823 810 794 785 781 769 758 744 725 711 702 694 689 679 668 648 626 632 637 617 582 553 536 528 520 489 465 454 438 428 419
862 870 866 852 826 808 811 822 827 833 837 837 821 797 795 795 781 768 762 758 756 756 758 756 764 769 777 787 801 812 812 817 817 814 822 828 832 826 816 814 813 797 789 789 801 811 821 831 841 854 870 867 866 865 866 859 844 829 826 820 811 790 771 758 739 725 718 710 708 698 681 672 648 658 650 611 586 564 547 539 526 494 469 458 445 422 416
885 883 869 842 819 806 802 807 808 800 798 795 787 775 769 766 768 769 768 763 769 788 802 813 818 816 806 810 818 827 834 838 838 843 857 864 856 855 848 844 847 836 816 814 830 837 845 844 857 871 890 885 880 884 889 886 875 856 848 842 833 811 787 779 766 759 750 740 727 712 697 692 692 694 662 633 613 583 551 529 511 490 474 462 441 420 411
897 876 847 823 821 823 822 818 811 812 803 784 787 801 798 775 777 799 798 784 797 828 842 850 857 854 860 857 846 850 857 862 856 865 878 884 885 893 894 890 896 880 842 846 860 871 877 882 891 900 913 900 891 897 902 903 898 884 871 864 852 834 811 791 780 771 761 749 739 722 711 704 708 702 673 652 635 596 560 533 512 487 471 442 432 423 412
876 848 835 838 849 872 884 868 844 848 843 849 860 872 867 828 809 839 842 819 822 866 886 893 895 891 890 888 878 879 886 895 908 924 933 927 924 929 929 932 940 941 939 945 953 958 947 943 943 940 941 942 939 936 943 937 921 915 905 898 885 859 827 811 800 792 781 762 755 742 729 715 689 668 644 634 627 608 582 540 518 493 463 442 427 419 415
876 849 841 851 872 897 894 879 871 863 859 876 886 889 891 860 837 862 863 844 847 888 919 932 935 927 918 915 911 910 906 910 920 934 941 940 940 942 945 953 982 971 972 980 982 983 979 975 969 964 965 964 962 956 964 958 942 926 916 908 890 860 840 821 810 802 791 781 778 748 712 665 627 617 596 585 579 580 564 532 511 482 459 443 427 417 413
869 848 854 883 904 910 902 885 877 891 900 913 921 925 913 877 872 895 890 867 878 921 946 955 963 965 963 967 972 972 956 961 961 968 972 967 957 966 977 1004 1021 1019 1022 1026 1026 1022 1013 994 989 987 983 988 987 981 990 985 967 945 928 918 887 868 853 838 825 813 797 785 777 736 694 648 602 582 569 558 547 552 547 529 503 481 463 452 448 445 434
868 855 869 897 916 924 916 896 892 909 926 945 960 949 923 903 913 924 912 906 919 947 966 974 985 993 999 1002 1016 1016 1010 1013 995 993 1000 1010 1012 1021 1043 1061 1065 1052 1034 1034 1031 1026 1018 1014 1017 1027 1019 1019 1016 1010 1009 999 979 957 940 925 905 883 866 851 836 815 788 770 755 705 679 624 580 575 568 557 540 532 530 528 516 494 481 478 488 473 457
874 890 907 921 935 935 919 910 910 932 961 985 982 961 962 935 953 944 923 929 950 986 1020 1023 1017 1026 1032 1040 1052 1058 1056 1055 1059 1059 1067 1091 1089 1101 1108 1107 1103 1098 1083 1069 1056 1048 1040 1026 1038 1049 1050 1052 1052 1045 1030 1010 992 967 944 928 915 895 875 855 830 806 780 758 728 682 651 615 598 595 585 572 547 527 516 527 521 500 482 479 485 487 482
875 893 915 935 949 959 945 931 929 957 984 1002 994 994 1006 998 1005 997 978 987 1012 1030 1052 1051 1045 1050 1064 1074 1087 1094 1100 1106 1105 1125 1123 1132 1160 1179 1185 1175 1161 1160 1134 1123 1105 1095 1090 1094 1106 1112 1114 1113 1093 1065 1043 1015 999 969 950 932 914 899 879 855 826 806 785 748 719 676 642 628 629 620 596 579 553 522 509 513 511 496 477 469 473 483 480
884 906 929 958 975 970 961 959 965 990 1012 1028 1025 1024 1034 1033 1027 1022 1015 1022 1041 1058 1070 1082 1095 1105 1114 1102 1112 1118 1126 1137 1167 1191 1193 1195 1207 1212 1224 1216 1198 1201 1220 1211 1186 1168 1166 1181 1208 1203 1183 1161 1136 1105 1066 1019 998 975 953 933 919 905 887 862 832 812 786 756 734 697 670 657 644 632 618 602 560 537 519 505 499 485 470 461 461 464 463
919 926 946 980 986 972 987 997 1003 1036 1058 1053 1048 1050 1050 1053 1056 1052 1053 1059 1067 1074 1103 1130 1155 1162 1164 1160 1154 1152 1158 1166 1184 1198 1214 1221 1229 1237 1244 1241 1227 1231 1247 1247 1239 1235 1237 1249 1251 1248 1269 1239 1191 1145 1077 1027 1005 979 954 933 918 904 886 862 837 810 787 761 738 710 690 674 656 632 608 593 569 548 529 507 495 481 465 454 446 450 452
939 956 975 1000 1011 991 1008 1021 1029 1053 1065 1067 1073 1075 1070 1077 1071 1073 1081 1089 1103 1133 1169 1191 1193 1189 1184 1173 1163 1158 1161 1165 1170 1188 1196 1204 1209 1216 1230 1232 1226 1227 1230 1231 1237 1239 1242 1249 1258 1261 1270 1278 1235 1165 1099 1044 1020 989 959 933 916 901 883 863 840 814 785 761 743 718 698 683 665 631 584 575 561 546 530 513 499 485 468 452 443 439 439
947 984 999 1024 1036 1018 1033 1045 1049 1060 1065 1080 1097 1097 1102 1102 1104 1113 1130 1146 1166 1186 1196 1201 1197 1190 1184 1175 1167 1160 1160 1162 1164 1179 1187 1195 1202 1207 1213 1215 1215 1214 1215 1222 1231 1229 1231 1239 1249 1258 1265 1257 1232 1187 1120 1069 1041 997 967 944 922 902 876 845 825 805 778 755 740 722 706 677 631 579 553 554 544 531 518 503 495 483 471 455 446 435 428
936 973 1003 1038 1053 1041 1053 1059 1060 1067 1080 1114 1141 1154 1162 1153 1160 1166 1163 1182 1205 1215 1213 1209 1204 1200 1189 1176 1170 1162 1160 1162 1161 1165 1174 1181 1188 1196 1200 1201 1202 1196 1204 1216 1228 1228 1227 1235 1243 1251 1248 1234 1220 1180 1127 1087 1063 1012 975 951 928 906 862 831 805 771 744 726 711 689 683 639 580 551 539 536 528 519 510 497 490 478 465 452 445 435 420
