GIS data/Altitude_EPSG32636_Clipped_Resampled2.asc
ncols        799
nrows        396
xllcorner    230039.885700000013
yllcorner    4148060.143399999943
cellsize     100.000000000000
NODATA_value  0
[rows 273 to 311 of 396, columns 0 to 86 of 799]
915 914 912 902 900 909 910 909 904 905 906 905 906 908 901 898 910 907 912 904 906 912 916 915 906 907 913 917 911 909 911 913 910 917 935 966 980 975 971 963 966 981 993 999 1002 1004 1003 1004 1010 1016 1024 1030 1035 1038 1041 1035 1012 983 961 954 953 953 955 966 985 994 976 949 936 935 935 935 936 946 955 966 978 981 972 957 946 935 939 945 947 946 953
914 917 915 904 902 909 910 910 907 905 906 905 905 905 894 901 902 910 904 907 904 903 913 923 909 904 904 911 911 912 912 916 917 940 993 1018 1006 989 984 974 977 993 1003 1004 1005 1005 1008 1012 1017 1019 1018 1024 1027 1024 1013 999 987 973 960 955 954 955 960 972 993 990 964 943 937 935 932 931 933 943 954 968 979 982 976 965 956 944 935 932 935 940 946
911 916 916 909 905 909 914 912 907 904 903 903 905 902 898 892 903 907 903 908 912 914 917 916 912 907 906 907 909 913 912 919 932 973 1005 1009 987 977 984 990 1007 1012 1018 1018 1021 1024 1026 1033 1039 1028 1023 1026 1025 1006 989 975 969 966 959 958 956 956 960 972 978 962 945 941 938 934 931 932 935 943 952 963 972 975 977 976 969 962 942 939 941 944 948
918 917 913 910 910 913 915 907 903 906 906 901 904 903 901 902 909 904 904 908 913 918 918 914 910 910 911 911 911 913 918 935 955 983 982 970 958 961 983 1002 1027 1038 1044 1056 1066 1067 1050 1056 1064 1054 1036 1025 1010 992 980 970 966 964 961 960 958 956 957 960 962 955 948 947 940 937 933 933 937 945 951 958 963 967 967 971 968 967 965 965 961 963 973
919 918 917 916 911 910 905 901 904 904 905 901 906 907 901 903 906 906 906 907 910 911 911 911 912 911 911 912 914 925 946 956 955 942 935 934 934 940 972 1002 1042 1060 1075 1095 1115 1113 1103 1094 1092 1081 1047 1025 1006 989 978 970 967 970 963 966 960 958 957 960 968 969 962 953 946 946 943 943 950 955 955 958 962 965 963 961 960 966 974 975 968 962 971
921 920 920 916 910 909 906 904 907 909 911 910 911 909 905 908 909 908 907 907 908 911 911 909 912 914 916 919 926 946 956 955 939 932 931 930 928 931 961 1004 1036 1059 1085 1103 1111 1095 1090 1075 1070 1063 1047 1021 998 987 977 971 969 966 968 968 965 959 958 968 979 978 977 982 980 970 960 961 967 971 975 973 972 975 969 964 961 966 975 972 958 944 944
920 922 918 913 911 910 909 909 910 911 912 911 910 910 910 910 908 904 907 909 908 912 916 914 915 923 927 935 951 966 959 942 933 930 930 929 928 933 957 988 1025 1052 1072 1084 1086 1070 1054 1039 1028 1022 1027 1008 991 984 976 973 973 968 971 972 972 965 964 976 989 995 1001 1003 999 987 986 987 987 991 996 986 985 986 976 969 969 975 981 974 953 940 940
919 919 916 913 912 910 909 911 911 910 910 909 911 912 910 911 906 911 915 913 915 920 924 920 919 930 949 961 965 965 952 936 931 929 931 930 930 930 942 969 1001 1029 1035 1045 1052 1050 1045 1029 1018 1009 1002 993 984 979 977 977 977 975 983 989 992 985 978 978 990 1004 1016 1025 1018 1013 1018 1008 1003 1007 1011 1008 1002 999 998 987 991 989 989 984 960 944 939
951 929 919 915 912 911 913 915 912 909 908 910 912 915 916 915 910 911 913 918 924 932 936 930 927 941 955 961 960 957 949 936 931 930 931 930 931 930 933 950 975 994 1018 1041 1053 1055 1053 1041 1025 1013 1003 992 983 980 980 982 984 992 1007 1014 1011 1003 993 986 992 1008 1028 1045 1044 1042 1050 1049 1042 1053 1057 1038 1028 1028 1041 1059 1071 1052 1022 999 975 954 944
964 940 931 922 916 914 916 917 916 913 914 920 927 930 920 917 912 915 921 928 931 936 939 939 942 948 967 988 982 963 943 934 934 933 932 930 930 930 936 948 968 988 1018 1045 1055 1054 1053 1043 1028 1014 1003 993 988 983 982 987 992 1001 1009 1013 1009 1001 993 990 999 1011 1031 1059 1063 1064 1069 1065 1073 1094 1089 1065 1051 1052 1072 1081 1092 1077 1049 1028 993 961 954
975 951 939 930 922 918 921 921 921 921 926 929 937 936 927 923 917 924 921 926 930 933 941 952 960 979 1011 1018 1007 973 939 933 937 936 933 930 930 931 935 942 964 991 1026 1048 1049 1044 1041 1031 1019 1011 1004 997 992 983 985 991 994 997 1004 1010 1013 1010 1003 1004 1013 1033 1059 1065 1075 1084 1088 1102 1126 1144 1135 1094 1074 1070 1089 1108 1120 1113 1098 1080 1036 1000 987
982 967 959 945 932 927 925 923 924 926 934 949 948 937 930 928 925 923 922 924 928 933 950 968 982 1007 1033 1041 1029 981 940 935 938 936 935 931 930 932 936 940 959 992 1016 1031 1033 1029 1027 1022 1016 1015 1009 1002 995 990 991 993 993 993 1001 1008 1016 1024 1024 1025 1025 1049 1080 1099 1115 1137 1145 1155 1178 1195 1177 1160 1140 1126 1130 1140 1152 1161 1162 1141 1101 1066 1038
1002 986 967 956 943 934 929 926 928 941 953 961 952 939 934 933 933 933 926 927 931 934 945 971 992 1006 1021 1000 978 957 939 933 936 939 938 931 932 937 943 944 953 968 994 1002 1005 1007 1010 1013 1014 1015 1009 1005 1000 999 1002 1003 1001 1000 1005 1008 1020 1035 1045 1049 1056 1086 1115 1128 1153 1170 1185 1193 1227 1252 1255 1222 1185 1162 1156 1155 1158 1177 1172 1149 1118 1092 1064
1020 998 978 969 959 945 936 931 932 942 952 956 962 962 946 939 938 936 934 933 936 936 937 942 950 957 953 944 943 943 939 935 939 941 938 933 933 936 944 949 952 961 969 975 978 983 990 1000 1005 1010 1011 1011 1009 1009 1010 1008 1008 1006 1013 1027 1036 1039 1051 1065 1081 1114 1154 1186 1198 1222 1247 1251 1266 1264 1261 1231 1185 1156 1143 1150 1154 1161 1150 1134 1118 1107 1091
1034 1004 986 972 961 954 949 944 947 957 959 965 975 979 967 955 947 942 946 942 942 939 938 940 940 942 943 940 941 943 939 937 939 941 938 934 934 937 943 949 953 959 965 971 978 986 992 1000 1006 1010 1013 1014 1014 1015 1017 1013 1011 1009 1022 1033 1045 1049 1066 1094 1110 1131 1168 1200 1217 1237 1266 1279 1274 1246 1227 1206 1171 1150 1135 1131 1131 1128 1120 1115 1103 1097 1092
1054 1013 989 972 964 962 953 948 954 968 980 998 1006 1006 987 963 952 948 952 951 950 945 944 946 945 942 940 939 937 942 947 947 941 938 938 937 939 942 946 952 958 964 969 977 986 995 1000 1004 1009 1013 1021 1021 1020 1025 1021 1017 1017 1019 1035 1051 1072 1082 1093 1128 1152 1159 1185 1209 1225 1244 1275 1289 1273 1228 1199 1180 1159 1144 1134 1124 1118 1115 1112 1108 1102 1105 1104
1075 1038 991 970 968 965 955 952 960 981 996 1020 1026 1020 993 972 955 951 957 954 952 949 949 949 949 946 940 939 938 941 946 947 939 935 938 940 945 948 954 960 964 966 969 978 988 996 1003 1013 1015 1018 1026 1028 1029 1029 1034 1041 1047 1055 1067 1083 1097 1102 1116 1147 1181 1192 1198 1205 1216 1237 1264 1273 1265 1224 1185 1168 1157 1143 1130 1122 1116 1109 1109 1111 1116 1130 1130
1080 1048 998 981 978 974 964 965 982 1007 1029 1051 1051 1030 1003 984 961 953 956 956 952 951 950 948 948 947 944 945 947 947 948 945 941 938 943 946 952 963 978 978 982 978 980 991 1004 1016 1023 1029 1027 1026 1031 1035 1040 1038 1042 1054 1062 1070 1085 1095 1104 1111 1134 1155 1187 1202 1210 1219 1224 1239 1265 1273 1257 1215 1176 1164 1156 1146 1134 1127 1120 1110 1107 1111 1127 1138 1149
1090 1047 1013 990 983 979 974 984 1009 1028 1040 1059 1048 1017 991 978 963 958 957 957 951 951 950 948 948 954 958 953 956 953 951 948 949 951 953 956 968 988 1015 1033 1039 1037 1036 1043 1055 1059 1056 1047 1041 1043 1048 1045 1052 1049 1050 1070 1089 1111 1120 1124 1110 1121 1147 1167 1182 1207 1228 1240 1236 1242 1259 1261 1229 1189 1172 1164 1157 1151 1145 1133 1121 1110 1108 1114 1126 1141 1159
1073 1045 1022 1009 998 996 985 998 1014 1022 1027 1033 1018 993 980 973 967 966 960 959 957 955 953 951 953 965 968 966 965 962 954 950 956 961 966 983 1001 1038 1052 1071 1084 1080 1083 1087 1090 1088 1085 1082 1072 1063 1062 1063 1061 1068 1072 1091 1120 1139 1144 1147 1153 1163 1161 1161 1172 1210 1243 1255 1257 1256 1249 1242 1202 1185 1179 1174 1168 1163 1161 1154 1140 1127 1130 1140 1162 1185 1203
1074 1056 1036 1012 1005 1008 1010 1013 1011 1012 1013 1006 993 986 979 976 977 973 968 963 964 962 962 959 957 960 961 963 962 961 960 957 965 975 982 994 1016 1055 1083 1108 1109 1102 1107 1116 1126 1132 1130 1131 1121 1098 1083 1072 1068 1078 1083 1109 1134 1145 1150 1152 1161 1163 1158 1159 1176 1212 1242 1257 1261 1264 1254 1247 1221 1199 1187 1180 1173 1171 1176 1173 1164 1158 1162 1176 1188 1211 1226
1087 1071 1051 1027 1017 1017 1020 1017 1014 1015 1016 1003 989 987 982 977 977 977 972 969 969 969 970 966 963 962 962 964 961 961 968 964 972 981 991 1015 1038 1070 1118 1127 1120 1128 1145 1168 1181 1190 1206 1207 1164 1139 1121 1116 1100 1098 1102 1116 1138 1156 1157 1157 1159 1157 1159 1168 1179 1209 1236 1254 1261 1264 1255 1249 1232 1207 1194 1186 1181 1180 1188 1180 1177 1173 1177 1190 1209 1224 1236
1103 1083 1058 1036 1026 1022 1023 1018 1011 1007 1005 995 986 986 985 981 978 977 977 975 976 977 978 977 973 971 969 968 965 966 972 974 982 995 1011 1042 1061 1095 1119 1127 1148 1185 1211 1232 1220 1236 1252 1259 1229 1204 1172 1155 1128 1121 1120 1133 1159 1183 1172 1168 1165 1163 1164 1171 1181 1198 1224 1245 1254 1259 1252 1242 1231 1220 1215 1210 1208 1199 1199 1189 1180 1179 1179 1184 1199 1212 1219
1100 1083 1062 1050 1046 1041 1032 1023 1011 1003 1000 998 997 999 998 987 982 982 990 994 994 990 986 981 978 981 981 978 979 980 984 988 1000 1024 1044 1081 1101 1115 1134 1149 1187 1239 1279 1294 1319 1343 1341 1325 1305 1276 1232 1197 1186 1176 1164 1163 1185 1192 1185 1186 1188 1181 1176 1175 1180 1196 1227 1241 1249 1255 1257 1252 1242 1241 1240 1234 1223 1213 1206 1201 1187 1183 1170 1172 1185 1184 1185
1083 1076 1066 1057 1048 1036 1024 1015 1016 1019 1018 1014 1007 1004 1000 991 987 992 1001 1002 999 992 986 980 984 987 987 982 983 984 988 1001 1017 1043 1068 1094 1116 1141 1170 1186 1220 1279 1322 1349 1358 1359 1349 1339 1335 1309 1264 1231 1203 1195 1198 1211 1215 1222 1223 1222 1211 1201 1194 1191 1189 1207 1230 1242 1249 1254 1258 1259 1255 1259 1269 1260 1230 1214 1206 1201 1197 1179 1165 1162 1159 1165 1171
1046 1045 1043 1038 1029 1023 1022 1028 1025 1029 1026 1020 1011 1005 1004 997 991 998 1006 1004 996 991 987 986 988 991 987 981 986 990 996 1015 1032 1055 1072 1098 1123 1165 1194 1222 1251 1296 1327 1348 1358 1350 1338 1333 1330 1308 1264 1237 1220 1226 1240 1245 1237 1243 1245 1243 1237 1226 1219 1216 1206 1213 1232 1238 1242 1249 1255 1260 1268 1275 1283 1262 1226 1213 1204 1195 1195 1189 1176 1165 1142 1139 1148
1056 1049 1044 1040 1031 1031 1036 1041 1044 1042 1036 1025 1015 1009 1002 995 995 1001 1010 1008 997 996 994 996 995 996 996 993 994 996 1005 1029 1044 1067 1095 1136 1173 1183 1212 1238 1267 1284 1299 1311 1337 1337 1333 1327 1314 1294 1263 1247 1247 1251 1268 1269 1270 1270 1267 1264 1256 1246 1232 1230 1224 1222 1235 1238 1241 1249 1255 1260 1271 1287 1275 1240 1209 1205 1199 1193 1199 1202 1185 1165 1138 1125 1136
1082 1074 1068 1061 1058 1058 1055 1052 1050 1049 1045 1034 1026 1019 1009 1011 1005 1007 1011 1014 1010 1007 1003 1004 1000 997 996 1000 1004 1002 1010 1028 1051 1081 1110 1156 1196 1220 1241 1254 1261 1265 1274 1282 1296 1321 1337 1343 1320 1311 1297 1280 1283 1297 1313 1330 1323 1323 1316 1302 1286 1271 1257 1253 1251 1242 1236 1236 1244 1258 1261 1256 1258 1273 1259 1222 1202 1197 1185 1181 1188 1192 1175 1162 1137 1116 1117
1117 1102 1091 1077 1064 1063 1058 1055 1055 1052 1049 1038 1029 1017 1020 1023 1026 1028 1029 1026 1022 1015 1014 1004 999 1002 1001 1006 1010 1007 1013 1028 1056 1089 1125 1171 1196 1216 1235 1254 1257 1257 1264 1279 1306 1339 1350 1358 1351 1327 1313 1303 1305 1313 1337 1360 1374 1371 1346 1333 1303 1291 1280 1269 1264 1247 1236 1238 1250 1262 1266 1256 1245 1238 1213 1193 1188 1191 1184 1177 1173 1170 1162 1152 1141 1124 1110
1140 1125 1113 1093 1074 1069 1064 1062 1056 1054 1052 1039 1029 1026 1038 1038 1036 1035 1032 1029 1025 1020 1018 1014 1008 1000 1007 1008 1012 1016 1020 1032 1060 1086 1116 1163 1183 1211 1242 1266 1268 1259 1262 1276 1304 1348 1370 1372 1362 1334 1315 1320 1341 1375 1392 1400 1392 1388 1366 1354 1333 1313 1299 1286 1279 1255 1239 1237 1250 1264 1272 1265 1243 1222 1193 1182 1183 1186 1188 1178 1168 1158 1153 1144 1139 1129 1114
1178 1167 1147 1122 1093 1078 1072 1068 1059 1060 1049 1043 1038 1042 1049 1041 1034 1032 1030 1027 1025 1020 1017 1014 1012 1009 1010 1010 1016 1023 1029 1039 1056 1074 1095 1133 1180 1212 1245 1262 1266 1267 1265 1272 1294 1327 1344 1368 1343 1318 1316 1351 1384 1411 1418 1388 1366 1358 1360 1375 1377 1356 1335 1320 1312 1305 1273 1223 1223 1237 1250 1253 1243 1193 1169 1171 1174 1179 1179 1182 1184 1175 1153 1135 1120 1115 1116
1228 1215 1170 1128 1117 1099 1088 1076 1063 1060 1059 1055 1054 1052 1048 1045 1038 1034 1027 1025 1030 1028 1022 1014 1009 1016 1023 1026 1032 1038 1044 1050 1063 1082 1097 1131 1162 1203 1224 1234 1253 1261 1258 1261 1275 1300 1312 1319 1317 1310 1315 1342 1382 1379 1359 1339 1341 1335 1341 1352 1379 1383 1370 1354 1340 1322 1268 1227 1212 1207 1216 1221 1216 1179 1162 1161 1165 1166 1166 1174 1186 1186 1161 1140 1117 1109 1104
1247 1223 1159 1136 1123 1107 1092 1078 1069 1061 1058 1057 1054 1049 1050 1046 1042 1040 1032 1031 1032 1032 1029 1019 1017 1029 1037 1040 1047 1050 1057 1069 1098 1123 1138 1199 1189 1214 1225 1236 1249 1255 1258 1271 1289 1296 1301 1310 1315 1310 1309 1322 1345 1337 1320 1303 1299 1303 1311 1324 1356 1393 1397 1387 1357 1321 1278 1238 1207 1197 1204 1208 1204 1174 1156 1151 1157 1161 1163 1167 1172 1171 1156 1140 1120 1103 1095
1254 1207 1166 1146 1139 1121 1100 1083 1071 1065 1059 1055 1051 1050 1051 1049 1048 1047 1041 1039 1039 1036 1039 1047 1043 1053 1063 1071 1069 1066 1079 1107 1136 1157 1179 1218 1235 1260 1261 1268 1269 1281 1279 1289 1305 1310 1311 1321 1326 1314 1309 1312 1313 1302 1288 1275 1275 1284 1295 1306 1331 1373 1399 1389 1368 1328 1283 1243 1210 1188 1187 1192 1187 1163 1155 1151 1157 1162 1158 1150 1147 1151 1144 1137 1128 1106 1090
1273 1252 1228 1211 1171 1141 1109 1093 1081 1077 1070 1064 1056 1055 1054 1057 1062 1068 1076 1087 1076 1073 1067 1068 1092 1103 1111 1111 1100 1091 1116 1153 1217 1271 1292 1315 1300 1316 1309 1310 1314 1318 1320 1318 1321 1321 1324 1330 1330 1320 1311 1296 1284 1276 1268 1263 1267 1270 1278 1288 1315 1353 1363 1341 1324 1290 1258 1235 1207 1184 1182 1187 1177 1159 1157 1152 1154 1161 1153 1143 1135 1129 1124 1123 1119 1105 1083
1290 1266 1245 1227 1186 1151 1116 1096 1082 1083 1080 1071 1062 1060 1064 1070 1074 1085 1096 1115 1118 1115 1102 1098 1119 1124 1132 1127 1116 1113 1128 1171 1229 1279 1302 1330 1345 1342 1340 1339 1331 1320 1311 1314 1314 1311 1307 1308 1306 1307 1300 1294 1289 1280 1271 1264 1265 1265 1269 1273 1289 1306 1300 1283 1270 1268 1244 1223 1200 1180 1177 1179 1171 1158 1155 1152 1151 1153 1148 1143 1129 1112 1110 1104 1098 1086 1075
1339 1310 1285 1251 1195 1162 1126 1099 1090 1088 1086 1079 1070 1068 1077 1093 1109 1117 1134 1160 1153 1143 1131 1129 1137 1143 1147 1139 1128 1124 1140 1179 1229 1265 1291 1316 1318 1319 1327 1326 1316 1300 1289 1292 1293 1295 1294 1297 1295 1287 1286 1284 1285 1282 1276 1268 1259 1259 1260 1257 1260 1271 1272 1260 1246 1234 1221 1204 1188 1174 1173 1171 1162 1149 1152 1154 1148 1138 1141 1141 1122 1110 1100 1094 1086 1075 1068
1363 1327 1298 1264 1226 1186 1140 1119 1107 1094 1089 1082 1080 1083 1098 1116 1131 1138 1158 1184 1201 1189 1178 1166 1160 1149 1151 1145 1142 1146 1164 1214 1260 1272 1289 1302 1300 1298 1304 1304 1300 1289 1282 1282 1280 1280 1281 1284 1279 1282 1279 1277 1271 1274 1272 1259 1251 1253 1252 1247 1241 1239 1237 1233 1223 1212 1211 1195 1179 1173 1169 1165 1154 1143 1151 1152 1141 1129 1128 1131 1127 1118 1102 1089 1079 1072 1063
1365 1342 1316 1286 1236 1185 1148 1131 1120 1114 1113 1109 1095 1105 1129 1142 1154 1161 1182 1200 1209 1209 1201 1191 1190 1184 1186 1183 1184 1187 1214 1260 1285 1287 1280 1284 1279 1280 1280 1280 1278 1273 1270 1268 1265 1268 1272 1266 1264 1275 1270 1262 1259 1259 1255 1240 1242 1239 1234 1228 1219 1213 1207 1206 1200 1189 1180 1173 1174 1172 1162 1157 1153 1140 1143 1141 1128 1117 1114 1116 1122 1116 1099 1084 1071 1063 1059
