GIS data/Altitude_EPSG32636_Clipped_Resampled2.asc
ncols        799
nrows        396
xllcorner    230039.885700000013
yllcorner    4148060.143399999943
cellsize     100.000000000000
NODATA_value  0
[rows 156 to 194 of 396, columns 0 to 86 of 799]
1387 1393 1400 1425 1465 1516 1560 1568 1576 1582 1571 1541 1524 1543 1586 1615 1654 1695 1724 1745 1731 1691 1675 1679 1708 1745 1788 1820 1835 1823 1772 1744 1719 1701 1687 1671 1669 1658 1608 1573 1552 1532 1529 1539 1557 1591 1611 1638 1687 1706 1679 1655 1646 1648 1616 1589 1576 1528 1460 1440 1430 1430 1419 1416 1418 1413 1397 1375 1354 1328 1301 1297 1308 1283 1250 1210 1185 1157 1131 1117 1096 1078 1063 1055 1040 1015 998
1403 1414 1419 1430 1461 1502 1558 1588 1653 1665 1620 1581 1558 1555 1583 1616 1656 1696 1723 1733 1720 1678 1659 1660 1687 1726 1785 1829 1862 1868 1819 1781 1753 1732 1712 1692 1692 1654 1613 1584 1562 1548 1540 1549 1558 1588 1613 1635 1668 1700 1701 1689 1680 1673 1636 1616 1558 1510 1471 1451 1442 1443 1442 1438 1440 1422 1385 1360 1339 1331 1327 1330 1309 1251 1221 1200 1182 1159 1126 1109 1098 1082 1065 1052 1035 1013 994
1421 1426 1440 1446 1464 1494 1541 1598 1649 1686 1691 1673 1640 1609 1604 1628 1644 1675 1681 1682 1671 1646 1635 1641 1662 1697 1763 1816 1872 1901 1869 1821 1798 1764 1732 1693 1672 1641 1624 1591 1568 1559 1562 1565 1568 1590 1615 1629 1646 1678 1697 1707 1713 1704 1660 1603 1538 1496 1470 1456 1451 1457 1455 1445 1441 1408 1377 1356 1344 1347 1337 1322 1290 1236 1213 1189 1172 1150 1123 1106 1095 1080 1063 1050 1031 1019 1001
1454 1454 1460 1468 1474 1493 1535 1573 1619 1669 1702 1704 1679 1663 1665 1673 1647 1636 1643 1643 1640 1626 1624 1631 1648 1680 1730 1775 1827 1879 1892 1858 1814 1757 1723 1677 1657 1645 1635 1614 1600 1598 1595 1603 1603 1606 1608 1607 1600 1611 1647 1678 1699 1693 1650 1568 1524 1499 1477 1471 1475 1486 1478 1451 1424 1409 1389 1367 1351 1345 1321 1297 1266 1233 1210 1187 1165 1144 1126 1106 1091 1080 1067 1050 1040 1028 1008
1492 1493 1480 1484 1504 1518 1540 1577 1605 1630 1658 1679 1691 1698 1695 1692 1668 1634 1613 1604 1605 1613 1618 1624 1642 1668 1705 1747 1788 1830 1861 1831 1784 1727 1705 1678 1665 1651 1635 1624 1617 1614 1615 1614 1605 1603 1606 1609 1597 1587 1595 1611 1634 1642 1617 1551 1523 1513 1511 1509 1510 1510 1486 1460 1444 1435 1408 1371 1344 1319 1297 1285 1269 1244 1213 1187 1169 1152 1137 1116 1098 1082 1071 1057 1040 1026 1020
1511 1507 1491 1492 1514 1539 1556 1576 1591 1619 1655 1683 1700 1700 1699 1689 1673 1644 1612 1599 1597 1600 1606 1610 1621 1644 1686 1729 1770 1811 1826 1782 1752 1745 1745 1733 1712 1685 1650 1631 1622 1612 1608 1602 1594 1591 1600 1611 1606 1591 1582 1592 1605 1607 1585 1546 1529 1530 1528 1527 1525 1517 1499 1482 1471 1458 1425 1389 1348 1310 1290 1279 1268 1244 1220 1194 1179 1160 1143 1120 1097 1087 1079 1063 1047 1037 1033
1524 1517 1501 1504 1521 1544 1557 1569 1586 1616 1648 1689 1708 1701 1694 1677 1659 1632 1609 1600 1599 1599 1601 1605 1612 1630 1659 1698 1745 1788 1797 1748 1737 1758 1768 1754 1741 1705 1661 1636 1623 1613 1600 1589 1575 1569 1577 1599 1607 1609 1579 1556 1558 1558 1550 1545 1540 1548 1560 1554 1536 1526 1513 1501 1487 1463 1447 1427 1362 1303 1289 1276 1260 1242 1225 1204 1189 1168 1143 1115 1099 1092 1083 1075 1070 1064 1052
1533 1528 1523 1530 1536 1543 1554 1566 1579 1594 1622 1650 1667 1670 1661 1638 1631 1644 1635 1615 1603 1599 1600 1603 1605 1614 1635 1662 1699 1772 1776 1733 1725 1739 1754 1749 1728 1693 1667 1651 1641 1624 1606 1590 1566 1543 1536 1543 1558 1569 1575 1545 1538 1543 1542 1539 1541 1544 1555 1550 1531 1510 1492 1487 1469 1448 1434 1400 1335 1312 1299 1284 1255 1240 1220 1195 1176 1161 1142 1130 1117 1104 1089 1081 1075 1069 1058
1547 1545 1544 1550 1559 1563 1562 1572 1575 1584 1595 1610 1623 1632 1637 1618 1625 1646 1636 1616 1603 1604 1604 1603 1606 1610 1627 1654 1703 1758 1756 1716 1708 1725 1732 1727 1716 1696 1676 1671 1661 1631 1599 1579 1553 1523 1506 1502 1512 1516 1517 1508 1508 1518 1521 1528 1534 1543 1550 1549 1531 1501 1480 1468 1444 1419 1393 1354 1328 1314 1303 1285 1258 1237 1214 1190 1167 1156 1144 1135 1125 1109 1092 1083 1069 1060 1038
1557 1560 1565 1568 1579 1579 1572 1569 1559 1562 1571 1594 1599 1605 1601 1592 1609 1636 1627 1611 1602 1605 1607 1609 1619 1625 1637 1667 1691 1719 1729 1706 1693 1708 1712 1714 1707 1695 1685 1675 1655 1621 1591 1571 1547 1518 1498 1486 1489 1494 1497 1500 1501 1505 1512 1522 1534 1547 1554 1547 1527 1501 1478 1455 1433 1413 1381 1355 1330 1316 1303 1290 1269 1243 1213 1183 1169 1159 1144 1135 1127 1114 1108 1107 1075 1041 1020
1567 1570 1581 1596 1606 1597 1558 1545 1538 1544 1548 1555 1560 1563 1564 1574 1609 1634 1631 1614 1599 1604 1615 1631 1653 1650 1652 1660 1677 1695 1703 1700 1685 1695 1696 1691 1690 1693 1691 1674 1643 1609 1584 1565 1549 1510 1488 1475 1475 1483 1490 1488 1484 1488 1498 1515 1525 1547 1557 1543 1513 1490 1466 1444 1429 1404 1381 1348 1328 1318 1308 1296 1274 1247 1201 1174 1162 1154 1145 1134 1125 1119 1122 1124 1089 1051 1033
1569 1569 1581 1599 1611 1589 1551 1525 1511 1515 1518 1521 1526 1533 1542 1565 1596 1618 1630 1620 1611 1619 1636 1669 1699 1700 1694 1690 1674 1656 1650 1640 1634 1638 1643 1657 1666 1678 1672 1643 1607 1574 1554 1554 1553 1523 1498 1476 1457 1464 1484 1486 1472 1468 1479 1489 1505 1531 1543 1534 1508 1487 1458 1424 1407 1386 1367 1349 1329 1315 1303 1295 1285 1244 1194 1166 1154 1149 1145 1140 1139 1145 1153 1154 1122 1086 1061
1565 1566 1572 1591 1608 1585 1547 1522 1501 1502 1507 1504 1507 1511 1524 1547 1570 1583 1596 1612 1628 1652 1673 1698 1709 1704 1701 1695 1668 1638 1623 1618 1611 1621 1628 1637 1646 1655 1645 1625 1593 1565 1537 1537 1539 1521 1507 1483 1461 1468 1489 1495 1469 1456 1461 1476 1488 1509 1522 1520 1509 1491 1447 1414 1391 1370 1346 1336 1327 1317 1305 1294 1275 1247 1202 1170 1157 1157 1159 1157 1156 1171 1183 1178 1143 1103 1070
1547 1554 1568 1579 1587 1572 1538 1518 1507 1494 1490 1490 1492 1491 1500 1520 1540 1556 1580 1613 1646 1679 1698 1709 1716 1707 1688 1684 1657 1624 1606 1587 1587 1600 1605 1615 1634 1636 1626 1600 1578 1549 1517 1513 1522 1511 1502 1483 1455 1460 1487 1490 1464 1446 1445 1464 1471 1484 1498 1502 1502 1478 1443 1414 1389 1367 1332 1316 1322 1317 1296 1283 1267 1245 1212 1185 1168 1165 1164 1162 1169 1185 1193 1178 1131 1086 1053
1526 1549 1561 1555 1553 1548 1525 1510 1496 1482 1477 1478 1476 1473 1478 1501 1519 1536 1564 1598 1657 1682 1692 1705 1715 1710 1685 1635 1608 1597 1575 1555 1558 1565 1570 1577 1585 1590 1583 1579 1568 1555 1523 1496 1500 1496 1489 1475 1445 1437 1475 1470 1450 1434 1436 1451 1459 1465 1474 1483 1483 1470 1450 1423 1400 1377 1342 1308 1293 1283 1269 1261 1259 1244 1222 1196 1180 1172 1172 1179 1184 1194 1186 1155 1104 1059 1021
1515 1533 1546 1549 1541 1537 1515 1500 1485 1469 1466 1467 1465 1464 1468 1477 1490 1507 1538 1590 1627 1648 1664 1688 1707 1708 1690 1632 1598 1586 1567 1545 1543 1551 1555 1556 1567 1573 1567 1557 1543 1525 1502 1487 1488 1488 1486 1479 1450 1434 1449 1447 1437 1423 1420 1434 1440 1443 1458 1472 1479 1470 1457 1443 1422 1388 1350 1308 1278 1258 1241 1240 1239 1233 1220 1189 1173 1172 1176 1177 1177 1165 1143 1120 1072 1018 979
1507 1526 1538 1524 1503 1494 1484 1482 1475 1464 1459 1457 1459 1457 1459 1467 1478 1492 1524 1565 1605 1631 1650 1676 1698 1699 1683 1630 1585 1572 1556 1541 1535 1543 1547 1543 1545 1548 1536 1528 1517 1500 1483 1471 1463 1459 1460 1457 1445 1428 1427 1426 1424 1415 1404 1417 1429 1440 1457 1474 1487 1486 1478 1461 1425 1385 1350 1301 1272 1242 1225 1220 1210 1211 1197 1171 1158 1162 1156 1131 1110 1093 1068 1053 1017 963 925
1500 1523 1524 1504 1488 1480 1470 1470 1469 1458 1452 1449 1451 1450 1449 1457 1469 1488 1511 1546 1594 1621 1639 1662 1671 1658 1641 1605 1582 1565 1552 1539 1519 1521 1525 1524 1531 1527 1513 1505 1500 1490 1475 1460 1451 1438 1434 1436 1425 1412 1403 1401 1400 1388 1389 1417 1448 1478 1500 1511 1530 1509 1500 1480 1448 1406 1346 1303 1271 1242 1224 1208 1189 1170 1154 1130 1116 1118 1098 1074 1063 1046 1017 994 956 924 901
1500 1509 1502 1475 1451 1444 1450 1454 1453 1445 1445 1441 1443 1443 1445 1452 1464 1478 1496 1525 1557 1587 1604 1616 1627 1615 1609 1600 1580 1550 1539 1531 1515 1505 1508 1516 1520 1512 1497 1488 1489 1484 1470 1454 1438 1417 1415 1417 1409 1395 1381 1375 1368 1369 1398 1436 1467 1510 1548 1567 1586 1593 1579 1554 1488 1440 1376 1314 1279 1251 1225 1204 1178 1144 1120 1112 1097 1076 1058 1043 1023 994 968 942 905 889 877
1489 1488 1476 1455 1436 1435 1444 1447 1444 1437 1438 1440 1441 1443 1448 1452 1457 1465 1473 1491 1531 1558 1577 1589 1595 1589 1580 1572 1563 1539 1537 1532 1514 1502 1499 1497 1504 1502 1493 1484 1473 1471 1468 1453 1425 1403 1395 1393 1393 1381 1361 1353 1360 1375 1403 1446 1491 1543 1591 1618 1621 1625 1602 1563 1511 1450 1394 1319 1284 1253 1225 1201 1172 1130 1109 1104 1091 1069 1041 1022 995 967 944 928 900 882 871
1466 1461 1457 1439 1425 1418 1427 1438 1439 1435 1438 1443 1440 1444 1449 1454 1459 1465 1469 1478 1500 1526 1545 1555 1569 1563 1560 1557 1549 1548 1552 1538 1517 1501 1497 1491 1491 1491 1489 1481 1464 1454 1450 1439 1418 1393 1376 1369 1370 1367 1350 1341 1353 1377 1414 1470 1520 1575 1617 1633 1630 1606 1554 1505 1459 1429 1372 1317 1282 1253 1225 1203 1163 1125 1098 1086 1075 1058 1029 1003 978 957 943 927 897 876 867
1448 1445 1435 1427 1417 1403 1415 1437 1442 1440 1442 1444 1444 1446 1451 1456 1464 1468 1471 1479 1492 1516 1528 1534 1533 1534 1544 1554 1559 1565 1560 1531 1515 1501 1493 1487 1486 1486 1481 1477 1465 1443 1431 1417 1399 1384 1368 1359 1358 1356 1349 1338 1354 1383 1427 1481 1535 1580 1589 1588 1572 1547 1509 1467 1432 1395 1348 1304 1272 1239 1211 1185 1150 1111 1085 1065 1051 1036 1017 990 967 958 943 920 891 877 869
1427 1422 1409 1396 1388 1385 1406 1428 1434 1438 1441 1443 1445 1447 1450 1450 1449 1455 1483 1504 1514 1518 1519 1521 1526 1537 1558 1576 1576 1574 1551 1529 1516 1501 1496 1492 1488 1486 1484 1469 1457 1444 1425 1407 1389 1362 1346 1334 1335 1340 1330 1333 1363 1392 1421 1476 1494 1521 1537 1534 1508 1472 1437 1402 1388 1342 1305 1274 1248 1216 1190 1166 1139 1118 1100 1083 1062 1034 998 965 950 937 916 898 879 871 866
1412 1407 1393 1377 1370 1374 1403 1426 1435 1436 1439 1444 1448 1452 1451 1447 1446 1449 1485 1509 1516 1521 1517 1518 1527 1547 1575 1588 1583 1578 1553 1525 1518 1510 1506 1502 1496 1502 1506 1487 1454 1434 1423 1410 1403 1362 1333 1311 1313 1318 1310 1322 1355 1382 1404 1435 1462 1500 1516 1503 1475 1437 1405 1380 1346 1311 1280 1243 1223 1198 1172 1154 1137 1124 1110 1098 1085 1044 998 960 933 911 895 885 878 873 868
1391 1383 1376 1369 1357 1352 1389 1427 1451 1454 1452 1454 1456 1455 1454 1447 1443 1444 1471 1491 1506 1510 1507 1509 1528 1553 1578 1591 1589 1579 1554 1521 1518 1521 1517 1517 1527 1549 1553 1530 1478 1447 1426 1411 1398 1365 1333 1292 1299 1307 1301 1310 1341 1367 1385 1413 1454 1485 1500 1479 1435 1405 1382 1363 1336 1301 1257 1230 1208 1182 1156 1144 1132 1119 1108 1102 1098 1076 1027 976 934 906 894 886 877 872 864
1372 1365 1360 1356 1339 1327 1356 1405 1447 1459 1457 1452 1449 1448 1450 1443 1425 1433 1456 1469 1475 1482 1485 1492 1507 1517 1544 1558 1560 1544 1529 1508 1507 1513 1523 1546 1560 1563 1553 1518 1477 1455 1436 1415 1391 1355 1312 1267 1263 1276 1273 1283 1319 1341 1356 1392 1406 1417 1418 1400 1398 1376 1360 1349 1317 1269 1233 1206 1186 1166 1147 1136 1124 1113 1109 1112 1113 1101 1061 987 931 901 891 883 875 867 862
1362 1358 1353 1344 1324 1316 1334 1365 1418 1435 1440 1439 1429 1428 1430 1419 1418 1435 1458 1463 1463 1466 1469 1475 1493 1500 1516 1533 1525 1511 1498 1488 1485 1495 1516 1563 1578 1566 1542 1482 1446 1435 1428 1413 1391 1348 1309 1266 1255 1259 1261 1274 1301 1321 1344 1372 1387 1394 1388 1373 1347 1322 1329 1326 1279 1251 1222 1193 1167 1154 1142 1131 1121 1114 1112 1111 1108 1100 1063 987 933 901 888 878 872 865 860
1353 1350 1341 1329 1309 1305 1315 1335 1359 1383 1389 1385 1388 1386 1386 1386 1409 1444 1460 1453 1456 1455 1455 1458 1467 1471 1473 1480 1491 1485 1477 1472 1470 1488 1511 1552 1574 1563 1537 1474 1430 1422 1421 1400 1383 1333 1298 1262 1243 1241 1247 1263 1287 1317 1335 1352 1351 1346 1333 1317 1289 1288 1308 1293 1258 1235 1212 1179 1148 1145 1139 1130 1113 1100 1099 1095 1090 1087 1052 989 937 901 879 874 869 865 860
1342 1335 1322 1313 1303 1293 1297 1314 1329 1354 1355 1351 1346 1350 1354 1367 1396 1435 1441 1432 1430 1430 1431 1435 1448 1461 1460 1464 1467 1466 1466 1464 1460 1470 1489 1531 1565 1564 1531 1448 1408 1406 1405 1381 1334 1300 1277 1246 1228 1233 1242 1256 1283 1303 1311 1300 1294 1296 1287 1274 1254 1256 1268 1256 1235 1227 1198 1170 1140 1143 1151 1135 1112 1088 1086 1083 1074 1059 1025 979 941 894 877 872 867 865 860
1331 1315 1306 1296 1288 1280 1281 1289 1294 1298 1302 1309 1324 1331 1342 1352 1374 1396 1409 1406 1409 1409 1407 1410 1420 1423 1428 1437 1442 1445 1450 1450 1443 1431 1435 1470 1497 1526 1476 1415 1381 1375 1352 1318 1301 1278 1265 1232 1216 1224 1236 1247 1260 1283 1287 1271 1257 1253 1253 1249 1226 1216 1223 1220 1212 1196 1170 1142 1131 1148 1172 1152 1119 1097 1071 1045 1025 1017 994 953 927 901 887 877 867 862 860
1307 1306 1300 1291 1283 1279 1277 1278 1280 1286 1292 1298 1305 1315 1331 1349 1372 1385 1391 1388 1384 1385 1386 1387 1391 1399 1406 1414 1420 1424 1424 1426 1418 1400 1397 1409 1416 1404 1379 1351 1327 1344 1309 1282 1270 1264 1246 1210 1200 1217 1225 1233 1243 1260 1268 1257 1242 1233 1237 1237 1224 1199 1184 1184 1178 1162 1136 1124 1132 1162 1179 1160 1123 1099 1069 1033 1009 991 961 938 925 915 897 886 871 864 860
1303 1308 1310 1301 1286 1278 1271 1273 1275 1279 1281 1285 1289 1306 1322 1344 1369 1377 1369 1365 1364 1365 1361 1363 1382 1404 1410 1413 1410 1405 1403 1403 1390 1373 1364 1355 1351 1359 1341 1324 1295 1269 1255 1247 1246 1246 1230 1202 1188 1192 1196 1204 1217 1239 1246 1242 1230 1218 1220 1226 1226 1194 1160 1154 1153 1141 1111 1106 1127 1159 1176 1160 1122 1090 1065 1024 996 965 947 928 922 919 913 906 884 867 860
1302 1315 1328 1319 1296 1279 1263 1254 1255 1269 1271 1273 1277 1287 1304 1323 1332 1341 1343 1344 1346 1344 1346 1371 1404 1429 1424 1422 1418 1402 1388 1385 1374 1359 1353 1336 1329 1319 1303 1285 1265 1244 1240 1231 1225 1218 1206 1191 1181 1179 1176 1184 1200 1212 1216 1209 1200 1197 1201 1205 1201 1170 1138 1133 1128 1116 1087 1095 1122 1151 1154 1135 1095 1065 1050 1012 970 942 924 914 913 919 926 926 899 869 858
1292 1307 1316 1314 1290 1269 1249 1241 1241 1248 1251 1255 1255 1263 1273 1284 1300 1306 1306 1318 1336 1350 1371 1412 1447 1460 1452 1447 1439 1415 1372 1351 1340 1332 1327 1311 1297 1285 1267 1253 1235 1214 1200 1194 1188 1194 1195 1187 1179 1169 1158 1171 1183 1190 1190 1187 1183 1178 1168 1161 1156 1147 1122 1110 1098 1079 1062 1070 1104 1120 1122 1105 1079 1047 1007 976 938 916 908 898 895 900 913 922 901 869 859
1280 1293 1298 1297 1275 1255 1241 1231 1234 1239 1241 1246 1247 1250 1263 1279 1284 1283 1297 1319 1355 1398 1420 1443 1453 1452 1446 1450 1441 1415 1370 1340 1320 1318 1311 1300 1291 1279 1265 1246 1221 1209 1197 1191 1184 1180 1182 1181 1169 1155 1152 1157 1161 1160 1166 1170 1167 1157 1143 1131 1117 1103 1095 1085 1074 1060 1046 1050 1079 1091 1086 1080 1062 1009 990 958 924 906 893 883 878 878 883 893 893 876 861
1259 1259 1266 1272 1267 1257 1240 1229 1223 1223 1226 1230 1234 1241 1255 1265 1265 1270 1296 1329 1375 1413 1428 1436 1430 1425 1430 1430 1417 1397 1378 1356 1336 1312 1297 1284 1284 1274 1261 1242 1214 1208 1198 1190 1186 1179 1176 1166 1145 1133 1130 1136 1136 1138 1149 1146 1143 1134 1127 1113 1094 1079 1075 1072 1065 1052 1034 1027 1045 1056 1071 1066 1031 988 962 934 904 889 875 873 871 870 869 871 875 875 866
1252 1254 1264 1270 1270 1264 1241 1223 1213 1218 1222 1227 1236 1242 1249 1253 1259 1272 1299 1335 1369 1387 1397 1404 1411 1414 1418 1415 1400 1381 1375 1382 1376 1364 1332 1308 1291 1271 1260 1245 1209 1204 1196 1190 1186 1186 1181 1161 1133 1119 1119 1129 1125 1126 1126 1117 1117 1115 1118 1106 1088 1072 1055 1048 1045 1035 1016 1010 1020 1029 1029 1018 989 963 944 912 890 878 869 869 867 866 867 865 867 870 867
1251 1257 1267 1276 1281 1280 1255 1223 1211 1214 1218 1227 1236 1242 1250 1256 1260 1270 1286 1305 1321 1354 1370 1391 1409 1409 1404 1398 1376 1363 1370 1377 1385 1394 1393 1378 1340 1292 1274 1262 1215 1200 1196 1195 1199 1202 1193 1170 1138 1108 1101 1111 1112 1112 1099 1083 1092 1098 1096 1086 1072 1056 1037 1026 1018 1009 997 986 978 970 974 970 957 944 922 893 882 876 872 867 866 867 868 867 864 866 866
1240 1250 1263 1272 1272 1271 1247 1222 1210 1216 1220 1226 1232 1240 1243 1242 1242 1246 1267 1287 1307 1332 1349 1371 1380 1373 1383 1376 1364 1358 1360 1367 1383 1403 1409 1396 1352 1288 1262 1246 1213 1206 1210 1213 1213 1209 1201 1184 1147 1100 1095 1101 1104 1101 1082 1063 1066 1079 1089 1081 1069 1053 1032 1019 1003 990 982 976 962 953 949 949 945 929 904 886 880 877 874 870 868 867 867 866 864 865 865
