"export-plots data (NetLogo 6.1.1)"
"ResEx.nlogo"
"07/30/2021 00:59:41:730 +0200"

"MODEL SETTINGS"
"real-communities","regeneration-time","communities-number","landuse-visualization","territory","household-size","time-limit","number-households","clay-exploitation-rate"
"true","3","10","true","50","6","2000","100","10"

"""Crops harvested [tons per year and household]"""
"x min","x max","y min","y max","autoplot?","current pen","legend open?","number of pens"
"0","2190","0","2","true","""Community 0""","true","15"

"pen name","pen down?","mode","interval","color","x"
"""Community 0""","true","0","1","0","1999"
"""Community 1""","true","0","1","85","1999"
"""Community 2""","true","0","1","55","1999"
"""Community 3""","true","0","1","15","1999"
"""Community 4""","true","0","1","5","1999"
"""Community 5""","true","0","1","25","1999"
"""Community 6""","true","0","1","35","1999"
"""Community 7""","true","0","1","45","1999"
"""Community 8""","true","0","1","65","1999"
"""Community 9""","true","0","1","75","1999"
"""Community 10""","true","0","1","95","1999"
"""Community 11""","true","0","1","105","1999"
"""Community 12""","true","0","1","115","1999"
"""Community 13""","true","0","1","125","1999"
"""Community 14""","true","0","1","135","1999"

"""Community 0""",,,,"""Community 1""",,,,"""Community 2""",,,,"""Community 3""",,,,"""Community 4""",,,,"""Community 5""",,,,"""Community 6""",,,,"""Community 7""",,,,"""Community 8""",,,,"""Community 9""",,,,"""Community 10""",,,,"""Community 11""",,,,"""Community 12""",,,,"""Community 13""",,,,"""Community 14"""
"x","y","color","pen down?","x","y","color","pen down?","x","y","color","pen down?","x","y","color","pen down?","x","y","color","pen down?","x","y","color","pen down?","x","y","color","pen down?","x","y","color","pen down?","x","y","color","pen down?","x","y","color","pen down?","x","y","color","pen down?","x","y","color","pen down?","x","y","color","pen down?","x","y","color","pen down?","x","y","color","pen down?"
"0","0.7061711158908781","0","true","0","0.5813257986977256","85","true","0","1.3154732243398601","55","true","0","0.9690886190382101","15","true","0","1.7241798893789226","5","true","0","1.4465007686773672","25","true","0","1.5158846180741958","35","true","0","1.359224194372204","45","true","0","0.7404208552669471","65","true","0","0.8981622312889724","75","true","0","0.5576253722570337","95","true","0","1.3024707029986855","105","true","0","0.9797107584064342","115","true","0","0.9398455786856876","125","true","0","0.9195861071067566","135","true"
"1","0.35308555794543905","0","true","1","0.2906628993488628","85","true","1","0.6577366121699301","55","true","1","0.48454430951910504","15","true","1","0.8620899446894613","5","true","1","0.7232503843386836","25","true","1","0.7579423090370979","35","true","1","0.679612097186102","45","true","1","0.37021042763347356","65","true","1","0.4490811156444862","75","true","1","0.27881268612851684","95","true","1","0.6512353514993428","105","true","1","0.4898553792032171","115","true","1","0.4699227893428438","125","true","1","0.4597930535533783","135","true"
"2","0.5031862778586305","0","true","2","0.4242739261261653","85","true","2","0.8722345939140939","55","true","2","0.6765431396031784","15","true","2","1.1465225951948417","5","true","2","0.9799465075242672","25","true","2","1.003678172422936","35","true","2","0.9042190408482798","45","true","2","0.4758150179559014","65","true","2","0.6066933701953502","75","true","2","0.39099523108331186","95","true","2","0.8706792764053176","105","true","2","0.666137411588264","115","true","2","0.6354614102801883","125","true","2","0.6097870924202161","135","true"
"3","0.37738970839397284","0","true","3","0.318205444594624","85","true","3","0.6541759454355704","55","true","3","0.5074073547023837","15","true","3","0.8598919463961312","5","true","3","0.7349598806432004","25","true","3","0.7527586293172019","35","true","3","0.6781642806362098","45","true","3","0.35686126346692604","65","true","3","0.45502002764651267","75","true","3","0.2932464233124839","95","true","3","0.6530094573039882","105","true","3","0.49960305869119803","115","true","3","0.4765960577101412","125","true","3","0.4573403193151621","135","true"
"4","0.4133374905007357","0","true","4","0.3565677099442219","85","true","4","0.7454130943274414","55","true","4","0.5957518673315763","15","true","4","0.9841050881299541","5","true","4","0.8415441633036699","25","true","4","0.8374057528670874","35","true","4","0.7621433601723724","45","true","4","0.41724375816578035","65","true","4","0.5036605148940463","75","true","4","0.32460286541226374","95","true","4","0.7774579724197124","105","true","4","0.5566825018843082","115","true","4","0.5442995011078976","125","true","4","0.5034427618566243","135","true"
"5","0.3444479087506131","0","true","5","0.2971397582868516","85","true","5","0.6211775786062012","55","true","5","0.4964598894429802","15","true","5","0.8200875734416284","5","true","5","0.7012868027530582","25","true","5","0.6978381273892396","35","true","5","0.6351194668103103","45","true","5","0.347703131804817","65","true","5","0.41971709574503857","75","true","5","0.2705023878435531","95","true","5","0.6478816436830936","105","true","5","0.4639020849035902","115","true","5","0.4535829175899147","125","true","5","0.41953563488052026","135","true"
"6","0.40792267085245537","0","true","6","0.35137859196416105","85","true","6","0.7167936851890326","55","true","6","0.5719789672571074","15","true","6","0.9227822881731325","5","true","6","0.7946955874193976","25","true","6","0.7917935752016186","35","true","6","0.7296085217849001","45","true","6","0.40380566372797844","65","true","6","0.48642227737668997","75","true","6","0.31882932999372793","95","true","6","0.7290657122953016","105","true","6","0.5399944088481882","115","true","6","0.5247647521698958","125","true","6","0.4875106525524122","135","true"
"7","0.3569323369958985","0","true","7","0.30745626796864095","85","true","7","0.6271944745404036","55","true","7","0.500481596349969","15","true","7","0.8074345021514908","5","true","7","0.6953586389919729","25","true","7","0.6928193783014163","35","true","7","0.6384074565617875","45","true","7","0.3533299557619811","65","true","7","0.42561949270460375","75","true","7","0.27897566374451194","95","true","7","0.6379324982583889","105","true","7","0.47249510774216463","115","true","7","0.4591691581486589","125","true","7","0.42657182098336066","135","true"
"8","0.3880769716450537","0","true","8","0.3291719009254751","85","true","8","0.6863823679238052","55","true","8","0.5509913866190118","15","true","8","0.8647808323583822","5","true","8","0.7371214897352507","25","true","8","0.7391779298593181","35","true","8","0.6877613158026709","45","true","8","0.39040709385517847","65","true","8","0.46644250407240695","75","true","8","0.30173172394953607","95","true","8","0.6962571389491564","105","true","8","0.5135083023581692","115","true","8","0.4984249115428865","125","true","8","0.46666171398386314","135","true"
"9","0.34926927448054834","0","true","9","0.2962547108329276","85","true","9","0.6177441311314248","55","true","9","0.4958922479571107","15","true","9","0.7783027491225439","5","true","9","0.6634093407617256","25","true","9","0.6652601368733863","35","true","9","0.6189851842224038","45","true","9","0.3513663844696606","65","true","9","0.41979825366516627","75","true","9","0.2715585515545824","95","true","9","0.6266314250542409","105","true","9","0.4621574721223523","115","true","9","0.4485824203885978","125","true","9","0.41999554258547683","135","true"
"10","0.38664379945834987","0","true","10","0.3334603418577518","85","true","10","0.6757906372327999","55","true","10","0.5464531773848637","15","true","10","0.852190200132628","5","true","10","0.7344605353010041","25","true","10","0.7317587925133086","35","true","10","0.6721763705575575","45","true","10","0.3793125074234367","65","true","10","0.46395730978927974","75","true","10","0.3023567030350517","95","true","10","0.6843573141843037","105","true","10","0.5118598223759508","115","true","10","0.4953431313042742","125","true","10","0.4628079048475881","135","true"
"11","0.3544234828368207","0","true","11","0.3056719800362725","85","true","11","0.6194747507967332","55","true","11","0.5009154126027917","15","true","11","0.7811743501215757","5","true","11","0.673255490692587","25","true","11","0.6707788931371995","35","true","11","0.6161616730110944","45","true","11","0.347703131804817","65","true","11","0.4252942006401731","75","true","11","0.2771603111154641","95","true","11","0.6273275380022784","105","true","11","0.4692048371779549","115","true","11","0.454064537028918","125","true","11","0.4242405794436224","135","true"
"12","0.37333518096363955","0","true","12","0.31939158458171707","85","true","12","0.6622193957340866","55","true","12","0.5332044115315673","15","true","12","0.8235927645319121","5","true","12","0.7076865491945428","25","true","12","0.7054982577375831","35","true","12","0.6531652340611336","45","true","12","0.37791218745575006","65","true","12","0.4495048685137768","75","true","12","0.2920608712351636","95","true","12","0.6688598145528373","105","true","12","0.49513168743223757","115","true","12","0.47792736278574754","125","true","12","0.4505992308344926","135","true"
"13","0.3466683823233796","0","true","13","0.29657789996873724","85","true","13","0.614918010324509","55","true","13","0.49511838213645526","15","true","13","0.7647647099224898","5","true","13","0.6571375099663612","25","true","13","0.6551055250420414","35","true","13","0.6065105744853384","45","true","13","0.35091845978033936","65","true","13","0.4173973779056499","75","true","13","0.27119938043265196","95","true","13","0.6210841135133489","105","true","13","0.4597651383299349","115","true","13","0.443789694015337","125","true","13","0.4184135714891717","135","true"
"14","0.37284587466703967","0","true","14","0.32027331848760615","85","true","14","0.653059955157451","55","true","14","0.5284888169933307","15","true","14","0.8140207680230609","5","true","14","0.7035081327140762","25","true","14","0.7021991152616187","35","true","14","0.6437166453976849","45","true","14","0.37332550903503386","65","true","14","0.44186640962675283","75","true","14","0.2897584546848499","95","true","14","0.6610400073307954","105","true","14","0.4901795706937218","115","true","14","0.47268956867357087","125","true","14","0.44407661437766227","135","true"
"15","0.3495430075003497","0","true","15","0.3002562360821308","85","true","15","0.6122437079601103","55","true","15","0.49545826593124753","15","true","15","0.7631444700216196","5","true","15","0.6595388744194465","25","true","15","0.6583116705577675","35","true","15","0.6034843550603296","45","true","15","0.34999266472034424","65","true","15","0.41424975902508077","75","true","15","0.2716485512670468","95","true","15","0.6197250068726207","105","true","15","0.4595433475253642","115","true","15","0.4431464706314727","125","true","15","0.41632182597905837","135","true"
"16","0.36599860970647674","0","true","16","0.31476022202711024","85","true","16","0.6447733130261316","55","true","16","0.5239044715596997","15","true","16","0.8002202311628419","5","true","16","0.6901245036251524","25","true","16","0.6851994724006016","35","true","16","0.6315529635964141","45","true","16","0.3681562572051003","65","true","16","0.4363849337827978","75","true","16","0.28543940565803416","95","true","16","0.6545371351226822","105","true","16","0.4813525656872215","115","true","16","0.4647072153665211","125","true","16","0.43789721229283335","135","true"
"17","0.34566535361167244","0","true","17","0.2972735430256041","85","true","17","0.6089525734135687","55","true","17","0.49479866758416075","15","true","17","0.7557635516537952","5","true","17","0.651784253423755","25","true","17","0.6471328350450126","35","true","17","0.5964666878410578","45","true","17","0.347703131804817","65","true","17","0.41214132635042017","75","true","17","0.2695816608992545","95","true","17","0.6181739609491999","105","true","17","0.45461075648237587","115","true","17","0.4388901478461588","125","true","17","0.41356958938767596","135","true"
"18","0.3640211184684765","0","true","18","0.3150207658904984","85","true","18","0.6403144414869308","55","true","18","0.5191910221710966","15","true","18","0.795687076037873","5","true","18","0.6898595141307587","25","true","18","0.6845597460560339","35","true","18","0.6269796231965653","45","true","18","0.36837248567124486","65","true","18","0.43075166048166225","75","true","18","0.2844030725618708","95","true","18","0.6500051745116442","105","true","18","0.47873489374616196","115","true","18","0.46312461684871326","125","true","18","0.43344855645630403","135","true"
"19","0.3458200625450527","0","true","19","0.2992697275959735","85","true","19","0.6082987194125843","55","true","19","0.4932314710625418","15","true","19","0.7559027222359794","5","true","19","0.6553665384242209","25","true","19","0.6503317587532321","35","true","19","0.5956306420367371","45","true","19","0.34995386138768264","65","true","19","0.4092140774575791","75","true","19","0.27018291893377727","95","true","19","0.617504915786062","105","true","19","0.45479814905885385","115","true","19","0.43996838600627763","125","true","19","0.41177612863348884","135","true"
"20","0.3596969190352073","0","true","20","0.30896626269045785","85","true","20","0.6345647572972715","55","true","20","0.5152237680962949","15","true","20","0.7830444821406917","5","true","20","0.6769197126181515","25","true","20","0.672380776335688","35","true","20","0.618819287164974","45","true","20","0.3660048298264005","65","true","20","0.42749086400792446","75","true","20","0.28035421829834645","95","true","20","0.643536444277014","105","true","20","0.47321794478396606","115","true","20","0.45770660280106024","125","true","20","0.42966206812655505","135","true"
"21","0.3433470590790615","0","true","21","0.2949223416590734","85","true","21","0.6057209046928501","55","true","21","0.4918045059100996","15","true","21","0.7474515511342966","5","true","21","0.646150634771872","25","true","21","0.6418180137749749","35","true","21","0.5906911377483843","45","true","21","0.3493682466524732","65","true","21","0.40805946109847335","75","true","21","0.2676108447393307","95","true","21","0.6142847877189679","105","true","21","0.4517080382028767","115","true","21","0.4369017572191939","125","true","21","0.41013197412080254","135","true"
"22","0.3594907522070351","0","true","22","0.31180115065835046","85","true","22","0.6312306912454275","55","true","22","0.5152009457610343","15","true","22","0.7832184045148551","5","true","22","0.6801240410482092","25","true","22","0.6751149043887449","35","true","22","0.6167928023673557","45","true","22","0.3628206592745916","65","true","22","0.42574207644737644","75","true","22","0.280210997237959","95","true","22","0.6427643182592251","105","true","22","0.47310578500973927","115","true","22","0.458908683063976","125","true","22","0.427031360186456","135","true"
"23","0.3445119708650753","0","true","23","0.29880943604758586","85","true","23","0.6049294124435347","55","true","23","0.49373423968765784","15","true","23","0.7505843043267362","5","true","23","0.6517855393378672","25","true","23","0.6469851167058805","35","true","23","0.5910931022687159","45","true","23","0.347703131804817","65","true","23","0.4080028232620691","75","true","23","0.2685355390197107","95","true","23","0.6159824716650908","105","true","23","0.4533930439676668","115","true","23","0.4397874879363103","125","true","23","0.40923838684535363","135","true"
"24","0.3556579071680446","0","true","24","0.3065224806395449","85","true","24","0.6277698254534242","55","true","24","0.5105993084979412","15","true","24","0.7738580150606501","5","true","24","0.6711507464963611","25","true","24","0.6654054620952345","35","true","24","0.610934321669307","45","true","24","0.3634118407433022","65","true","24","0.42154411073874365","75","true","24","0.2767779698168847","95","true","24","0.6380290973449082","105","true","24","0.4678498226139512","115","true","24","0.4530572573628999","125","true","24","0.42367637813487774","135","true"
"25","0.3419787568923506","0","true","25","0.2947331544611009","85","true","25","0.603624832166754","55","true","25","0.4909608735557128","15","true","25","0.7440942452506251","5","true","25","0.645337256246501","25","true","25","0.6398129443223409","35","true","25","0.587436847758949","45","true","25","0.34943446225317515","65","true","25","0.40533087571033044","75","true","25","0.26613266328546603","95","true","25","0.6134895166777963","105","true","25","0.44985559866726077","115","true","25","0.4356319782335576","125","true","25","0.40738113282199784","135","true"
"26","0.35517549150741173","0","true","26","0.30715418912857606","85","true","26","0.6251984994932637","55","true","26","0.5098884146035895","15","true","26","0.7728258835094943","5","true","26","0.671155465484588","25","true","26","0.6663889895850462","35","true","26","0.6094180104693709","45","true","26","0.36193778582160413","65","true","26","0.4193716897107699","75","true","26","0.27602024602181363","95","true","26","0.6359486790072163","105","true","26","0.4667670401523368","115","true","26","0.45196726256292014","125","true","26","0.4215148800519119","135","true"
"27","0.34249065252500416","0","true","27","0.29618439665969837","85","true","27","0.6028699816542186","55","true","27","0.49167811408203266","15","true","27","0.745224959098441","5","true","27","0.647185627431567","25","true","27","0.6425893828141517","35","true","27","0.5876530815240363","45","true","27","0.34901143632797543","65","true","27","0.40439412936395663","75","true","27","0.2661623800924632","95","true","27","0.6132362261855301","105","true","27","0.45009678871832476","115","true","27","0.4358255746142444","125","true","27","0.40646077719291507","135","true"
"28","0.35238022467947","0","true","28","0.30482714150408047","85","true","28","0.6222519935640446","55","true","28","0.508217471474092","15","true","28","0.7675113902231416","5","true","28","0.6654134458898406","25","true","28","0.658820305404668","35","true","28","0.603807306306769","45","true","28","0.35969289497050033","65","true","28","0.4177097707619675","75","true","28","0.2744358523621653","95","true","28","0.6338778538307827","105","true","28","0.46320724622034604","115","true","28","0.4487203605655094","125","true","28","0.4194484536108569","135","true"
"29","0.34063421719015435","0","true","29","0.29466623678727777","85","true","29","0.6015102604452431","55","true","29","0.4912768890916223","15","true","29","0.7419276772157036","5","true","29","0.6432329976935126","25","true","29","0.6368596285578456","35","true","29","0.5836803960965433","45","true","29","0.347703131804817","65","true","29","0.40378611173656864","75","true","29","0.2652879906167598","95","true","29","0.6127485920364233","105","true","29","0.4477670046796678","115","true","29","0.4337630152133258","125","true","29","0.40546683849049503","135","true"
"30","0.3526839665048688","0","true","30","0.3057310156205231","85","true","30","0.6209959103073419","55","true","30","0.506663185135098","15","true","30","0.767167468253328","5","true","30","0.666114139456356","25","true","30","0.6602828767856651","35","true","30","0.60319190903808","45","true","30","0.3603714454648857","65","true","30","0.4155243653798773","75","true","30","0.27408509720909885","95","true","30","0.6324777760468171","105","true","30","0.4630079134929252","115","true","30","0.4487136761171533","125","true","30","0.4176212344503465","135","true"
"31","0.34166259255159165","0","true","31","0.2961769213823818","85","true","31","0.6015897881102374","55","true","31","0.49082996059962614","15","true","31","0.7431934848704116","5","true","31","0.6452980725983448","25","true","31","0.6396490368861131","35","true","31","0.58434216188064","45","true","31","0.34910983779410804","65","true","31","0.40253922896175615","75","true","31","0.2655199379213145","95","true","31","0.6127128455453541","105","true","31","0.4485389161962713","115","true","31","0.43469137373849226","125","true","31","0.4045705708737732","135","true"
"32","0.3505536918254528","0","true","32","0.30244116511564734","85","true","32","0.6185078404399585","55","true","32","0.5048978317563453","15","true","32","0.76047593461499","5","true","32","0.6593746222171691","25","true","32","0.6535837706173165","35","true","32","0.5994406475730368","45","true","32","0.359349666909461","65","true","32","0.41437217944821325","75","true","32","0.2721338854264178","95","true","32","0.6294205773347987","105","true","32","0.46045027810808775","115","true","32","0.4461392393432863","125","true","32","0.4161708826045037","135","true"
"33","0.3402432891247042","0","true","33","0.293545836729893","85","true","33","0.6003164333681951","55","true","33","0.4900478955282175","15","true","33","0.7381089953616079","5","true","33","0.6399812509754877","25","true","33","0.6343607185403366","35","true","33","0.581810040291477","45","true","33","0.34878055905918276","65","true","33","0.40218476240561873","75","true","33","0.26412994761975844","95","true","33","0.610908207413187","105","true","33","0.4469076228696146","115","true","33","0.43301749700966025","125","true","33","0.4039305625279006","135","true"
"34","0.3503738345123471","0","true","34","0.3044722015768305","85","true","34","0.617212554184554","55","true","34","0.5052928361865385","15","true","34","0.7622855628898357","5","true","34","0.6621392816126375","25","true","34","0.6562066935910273","35","true","34","0.5988921426696181","45","true","34","0.3576375069992403","65","true","34","0.41390258253992385","75","true","34","0.2725617082640019","95","true","34","0.629674497233822","105","true","34","0.4607822458370869","115","true","34","0.4475869954744203","125","true","34","0.4151513767172725","135","true"
"35","0.34064122799811525","0","true","35","0.29601464042191855","85","true","35","0.6000677610127609","55","true","35","0.4912569240702458","15","true","35","0.7411109639206735","5","true","35","0.6437465237900643","25","true","35","0.6379787298801655","35","true","35","0.5822562498176843","45","true","35","0.347703131804817","65","true","35","0.4024052885804815","75","true","35","0.2649905497011129","95","true","35","0.6121835389773269","105","true","35","0.4479827390082789","115","true","35","0.43515402337790865","125","true","35","0.4036193940306816","135","true"
"36","0.34827688071274215","0","true","36","0.30130169205501706","85","true","36","0.6156182468713534","55","true","36","0.502775611448949","15","true","36","0.7567734167011128","5","true","36","0.6569318457069827","25","true","36","0.650659890586356","35","true","36","0.5959180902089614","45","true","36","0.35831712433082047","65","true","36","0.411706091866926","75","true","36","0.27065557022132775","95","true","36","0.6271852577390084","105","true","36","0.4578970571465627","115","true","36","0.4441051095818164","125","true","36","0.4135266582212971","135","true"
"37","0.3391116996413542","0","true","37","0.2933727001588324","85","true","37","0.5994177666905283","55","true","37","0.48954467430555554","15","true","37","0.7368583267879255","5","true","37","0.639644165556799","25","true","37","0.633537261886715","35","true","37","0.5802360352034623","45","true","37","0.3488877263221147","65","true","37","0.40087172102832275","75","true","37","0.2635330552155033","95","true","37","0.6106803825353503","105","true","37","0.4458471345900742","115","true","37","0.4324181330138739","125","true","37","0.4026443777417893","135","true"
"38","0.3490414228184382","0","true","38","0.30225176460070047","85","true","38","0.614703849543283","55","true","38","0.5027678443601674","15","true","38","0.7568856981090423","5","true","38","0.6577739184866394","25","true","38","0.6521882931330595","35","true","38","0.596154503120972","45","true","38","0.3575578922779773","65","true","38","0.4107066218666273","75","true","38","0.2703981096768071","95","true","38","0.6263366080420114","105","true","38","0.4581036982888542","115","true","38","0.44406411647446864","125","true","38","0.41258154046494133","135","true"
"39","0.3403153872479772","0","true","39","0.29469547048568295","85","true","39","0.599336253304701","55","true","39","0.49019864825116327","15","true","39","0.7379635556563162","5","true","39","0.6413295705244734","25","true","39","0.635883585804733","35","true","39","0.5812506405429476","45","true","39","0.34861894497102786","65","true","39","0.4004389563199617","75","true","39","0.2636381569348869","95","true","39","0.6106781928409611","105","true","39","0.44665110583163287","115","true","39","0.43296251356260695","125","true","39","0.4022670019533178","135","true"
"40","0.3473241478605878","0","true","40","0.30084494674570966","85","true","40","0.6131296769943211","55","true","40","0.5020641945253403","15","true","40","0.7536436650894507","5","true","40","0.6539359605816804","25","true","40","0.6475571012438673","35","true","40","0.5934377079458166","45","true","40","0.35618369599517835","65","true","40","0.40995380445621293","75","true","40","0.26955169154412933","95","true","40","0.6253383444399339","105","true","40","0.4559779624865522","115","true","40","0.4420658097069446","125","true","40","0.41155569442551093","135","true"
"41","0.3390545252924786","0","true","41","0.2936819718231927","85","true","41","0.5985313513515992","55","true","41","0.4901102851318798","15","true","41","0.7356997683016065","5","true","41","0.638366056758307","25","true","41","0.6321390750237753","35","true","41","0.5793082387090115","45","true","41","0.347703131804817","65","true","41","0.40019299958820787","75","true","41","0.26313379412641197","95","true","41","0.610449336238983","105","true","41","0.4451213443321105","115","true","41","0.4315404332853507","125","true","41","0.40175674932014166","135","true"
"42","0.3473422146387556","0","true","42","0.30149216052662164","85","true","42","0.61280593744632","55","true","42","0.5011544236602625","15","true","42","0.7540884838522526","5","true","42","0.655664523487648","25","true","42","0.6490316431418708","35","true","42","0.5938522145589112","45","true","42","0.35683610211788974","65","true","42","0.4087390222647408","75","true","42","0.2695684852616063","95","true","42","0.6246939335040215","105","true","42","0.456105643915739","115","true","42","0.4425688777766319","125","true","42","0.41057756206457646","135","true"
"43","0.3394480733969657","0","true","43","0.29464006596919845","85","true","43","0.5988785297770854","55","true","43","0.48976455039525657","15","true","43","0.7369501092192469","5","true","43","0.6407630570447469","25","true","43","0.6342809239795555","35","true","43","0.5803555733189361","45","true","43","0.34872619070611954","65","true","43","0.3994494990314512","75","true","43","0.263441928778388","95","true","43","0.6104963441062028","105","true","43","0.4457396065540177","115","true","43","0.43251049419079934","125","true","43","0.4012462538358361","135","true"
"44","0.34601742440123334","0","true","44","0.299267997049442","85","true","44","0.6113453516707288","55","true","44","0.5001046650258366","15","true","44","0.750037433019596","5","true","44","0.6511457268103469","25","true","44","0.6449271507352276","35","true","44","0.5915163870169539","45","true","44","0.35624392421488926","65","true","44","0.40819565671997127","75","true","44","0.268338334929751","95","true","44","0.6228001367726432","105","true","44","0.4545368121702887","115","true","44","0.4409540596242637","125","true","44","0.4098270228169928","135","true"
"45","0.3384953064794674","0","true","45","0.29276217102662805","85","true","45","0.5980552353300608","55","true","45","0.48923282448179667","15","true","45","0.7337322714322135","5","true","45","0.6369903849231654","25","true","45","0.6309069952844617","35","true","45","0.578657335125281","45","true","45","0.348499491079783","65","true","45","0.39932183809562405","75","true","45","0.26250489286606077","95","true","45","0.6092610033645424","105","true","45","0.4446555771231085","115","true","45","0.43136810180634494","125","true","45","0.40091773971227557","135","true"
"46","0.34659065330593897","0","true","46","0.3009963575831193","85","true","46","0.6108608992772999","55","true","46","0.5006717993472155","15","true","46","0.7517497462263977","5","true","46","0.6533436600136229","25","true","46","0.6473922062006944","35","true","46","0.5918642960442574","45","true","46","0.3551010707793876","65","true","46","0.4081087876490426","75","true","46","0.26877956221375693","95","true","46","0.6233004422048373","105","true","46","0.45540991600442865","115","true","46","0.44225149390002066","125","true","46","0.4093633298262902","135","true"
"47","0.33937001469539857","0","true","47","0.294725600133471","85","true","47","0.5981346305423562","55","true","47","0.4902411368608152","15","true","47","0.7360882931800145","5","true","47","0.639732333763339","25","true","47","0.6339048685715132","35","true","47","0.5795337898766687","45","true","47","0.347703131804817","65","true","47","0.3996065212396876","75","true","47","0.2631799880009703","95","true","47","0.6103150163255698","105","true","47","0.4459222094210031","115","true","47","0.4330379211104369","125","true","47","0.4008349271215758","135","true"
"48","0.34514748146927093","0","true","48","0.2987938239892249","85","true","48","0.6099292381734599","55","true","48","0.49892827529484385","15","true","48","0.7482535199604824","5","true","48","0.6498534480026217","25","true","48","0.6435924260790106","35","true","48","0.5898792836100502","45","true","48","0.3557177792224115","65","true","48","0.40672286741978375","75","true","48","0.2674946067958295","95","true","48","0.6216789570875073","105","true","48","0.45344491518138874","115","true","48","0.4399418773509948","125","true","48","0.40837274838610416","135","true"
"49","0.3382445318398855","0","true","49","0.2928179475094404","85","true","49","0.5977306534099907","55","true","49","0.488949709788947","15","true","49","0.7332884495612727","5","true","49","0.6368563790425692","25","true","49","0.6307205775574304","35","true","49","0.5780816979378491","45","true","49","0.34860342363796326","65","true","49","0.39858841007138807","75","true","49","0.2621447146599129","95","true","49","0.6092453779457572","105","true","49","0.44437601687776096","115","true","49","0.4311430398039749","125","true","49","0.40020529341838207","135","true"
"50","0.34550760695125976","0","true","50","0.29932949032895256","85","true","50","0.6092716049676236","55","true","50","0.49892260047253023","15","true","50","0.748711195221642","5","true","50","0.6504851065576197","25","true","50","0.6449685302801343","35","true","50","0.5893848363922247","45","true","50","0.35523912510782196","65","true","50","0.4061539873978746","75","true","50","0.2674575123561274","95","true","50","0.6212187411149014","105","true","50","0.4534435222991023","115","true","50","0.43988226218343485","125","true","50","0.40782856821468194","135","true"
"51","0.33886322989450474","0","true","51","0.2935731539764727","85","true","51","0.5975548433336307","55","true","51","0.48932793507882777","15","true","51","0.7343129030058411","5","true","51","0.6379757775853577","25","true","51","0.6325652893132088","35","true","51","0.5780505126154512","45","true","51","0.34840760347113303","65","true","51","0.39834333379406933","75","true","51","0.2623140986569711","95","true","51","0.6092722268626917","105","true","51","0.44472345456258106","115","true","51","0.4314229879106765","125","true","51","0.39998571113363035","135","true"
"52","0.3443329267405316","0","true","52","0.29822496161669565","85","true","52","0.6082660159892691","55","true","52","0.49854664147914296","15","true","52","0.7467055047600941","5","true","52","0.6477983113587207","25","true","52","0.6416396504025169","35","true","52","0.5876080635324168","45","true","52","0.3542635682539645","65","true","52","0.4057434167395825","75","true","52","0.2669137020014402","95","true","52","0.6206414948067512","105","true","52","0.45201383206989726","115","true","52","0.43859985717565575","125","true","52","0.4072143466464531","135","true"
"53","0.3379563910601514","0","true","53","0.2927022771423124","85","true","53","0.5970018305079863","55","true","53","0.48931429626656625","15","true","53","0.7328776250423146","5","true","53","0.6358020463335592","25","true","53","0.6297574346543221","35","true","53","0.576726432726261","45","true","53","0.347703131804817","65","true","53","0.3982296497629235","75","true","53","0.2619708556680802","95","true","53","0.6091481337918114","105","true","53","0.44364320555008435","115","true","53","0.4304776375983288","125","true","53","0.39967334022707435","135","true"
"54","0.34462602274474086","0","true","54","0.29886273377894906","85","true","54","0.6080550833984689","55","true","54","0.49786908215396647","15","true","54","0.7472801142664082","5","true","54","0.6488701287138289","25","true","54","0.6430647285608546","35","true","54","0.5873541998259562","45","true","54","0.35484345404958295","65","true","54","0.4048644838201732","75","true","54","0.26698953638282913","95","true","54","0.620333682202117","105","true","54","0.45229760893582766","115","true","54","0.4389457356438339","125","true","54","0.4066293361001437","135","true"
"55","0.33847198662429906","0","true","55","0.2935258992471821","85","true","55","0.5971969569092106","55","true","55","0.48897856282978847","15","true","55","0.7339358265116509","5","true","55","0.6372831621296534","25","true","55","0.6315814298365536","35","true","55","0.5768657319719213","45","true","55","0.34850696379869756","65","true","55","0.397634760894813","75","true","55","0.2622218660902786","95","true","55","0.6092562950199364","105","true","55","0.4442208659191164","115","true","55","0.43110741893590826","125","true","55","0.39936809795549827","135","true"
"56","0.34375392042566155","0","true","56","0.2971990758319712","85","true","56","0.6070686859983646","55","true","56","0.49715560047788593","15","true","56","0.7443142566974202","5","true","56","0.6455733559522829","25","true","56","0.6397914104098102","35","true","56","0.5857381259676732","45","true","56","0.35444586265487404","65","true","56","0.4045714597390242","75","true","56","0.26610885450254973","95","true","56","0.6189898336090075","105","true","56","0.45119267282029357","115","true","56","0.43779800700188704","125","true","56","0.4061753393595753","135","true"
"57","0.33782712869418463","0","true","57","0.2920749538348682","85","true","57","0.5966019845156342","55","true","57","0.4885839521937844","15","true","57","0.7314812522716027","5","true","57","0.6344427808496573","25","true","57","0.6287605240234343","35","true","57","0.5756391927613339","45","true","57","0.348334727091859","65","true","57","0.3975960897435238","75","true","57","0.26152077080422986","95","true","57","0.6083175950985074","105","true","57","0.4434134888061506","115","true","57","0.43024976550185445","125","true","57","0.3991723162671688","135","true"
"58","0.3438975574713472","0","true","58","0.29850633039505","85","true","58","0.6066937587032187","55","true","58","0.4975923411744112","15","true","58","0.7458979359780832","5","true","58","0.6472194046772155","25","true","58","0.6418326542572287","35","true","58","0.5854747328089545","45","true","58","0.3535964052252376","65","true","58","0.4046769056860221","75","true","58","0.26656688604768836","95","true","58","0.6194937688790196","105","true","58","0.45172839699774686","115","true","58","0.43890151360788004","125","true","58","0.4059093797059611","135","true"
"59","0.3381659315134914","0","true","59","0.29353122488846584","85","true","59","0.5965821960581651","55","true","59","0.489299135488171","15","true","59","0.7334663037117818","5","true","59","0.6364324145992619","25","true","59","0.6311354433529416","35","true","59","0.5757168205954719","45","true","59","0.347703131804817","65","true","59","0.39793229059125507","75","true","59","0.2621241046135602","95","true","59","0.6091688727310359","105","true","59","0.4441995903811178","115","true","59","0.43158648838108205","125","true","59","0.3991442233775284","135","true"
"60","0.34291603704465073","0","true","60","0.29681872233398954","85","true","60","0.6060764945625232","55","true","60","0.49629831061546803","15","true","60","0.7432856387160843","5","true","60","0.6446054392332059","25","true","60","0.6389427902889083","35","true","60","0.58411010335783","45","true","60","0.3541411272714093","65","true","60","0.4036377133038144","75","true","60","0.2656072555043063","95","true","60","0.6183606289682738","105","true","60","0.4502706592548684","115","true","60","0.4371881174539753","125","true","60","0.40522691101205194","135","true"
"61","0.3373851332213499","0","true","61","0.29203132358666717","85","true","61","0.5963010672308696","55","true","61","0.4882934991539282","15","true","61","0.7312971606722766","5","true","61","0.6342085773100896","25","true","61","0.6286372614132808","35","true","61","0.5746889726585102","45","true","61","0.3484291736057414","65","true","61","0.3971274276053658","75","true","61","0.26132326751230134","95","true","61","0.6083870704365274","105","true","61","0.4430082292668867","115","true","61","0.4301366962047176","125","true","61","0.3986909930925027","135","true"
"62","0.3435378787323292","0","true","62","0.29747070621993355","85","true","62","0.605813351845426","55","true","62","0.49649913101553894","15","true","62","0.7437833296824227","5","true","62","0.6452675894008675","25","true","62","0.6402422670290543","35","true","62","0.5846313109335558","45","true","62","0.3538036978120115","65","true","62","0.40327513278182353","75","true","62","0.2656081391264926","95","true","62","0.6181154213390445","105","true","62","0.4506406878315789","115","true","62","0.43750158856427124","125","true","62","0.40507929582805957","135","true"
"63","0.33817009937713655","0","true","63","0.2928227264352471","85","true","63","0.5963475182228412","55","true","63","0.4887413320934212","15","true","63","0.7321617151561348","5","true","63","0.6351852833164789","25","true","63","0.6302384816067252","35","true","63","0.5754964467002189","45","true","63","0.3482755150336988","65","true","63","0.3969739588321075","75","true","63","0.2614580119526412","95","true","63","0.608457367880622","105","true","63","0.44359942708421046","115","true","63","0.43066562624295446","125","true","63","0.39874993183074614","135","true"
"64","0.3427749174679236","0","true","64","0.2966272838579092","85","true","64","0.6050842019100794","55","true","64","0.4962481738380208","15","true","64","0.7423018445870172","5","true","64","0.6432136266276498","25","true","64","0.6376874940613266","35","true","64","0.5832721998903796","45","true","64","0.3530524107556603","65","true","64","0.4030289399255561","75","true","64","0.26522151330168753","95","true","64","0.6177179250558624","105","true","64","0.449529470185735","115","true","64","0.43658290966443797","125","true","64","0.4047721894494102","135","true"
"65","0.337581358112349","0","true","65","0.29213293107218335","85","true","65","0.5959162594568964","55","true","65","0.48872926211320233","15","true","65","0.7310548469417594","5","true","65","0.63346796561814","25","true","65","0.6280255623331247","35","true","65","0.5744347423162829","45","true","65","0.347703131804817","65","true","65","0.39692244083577494","75","true","65","0.26120300552438924","95","true","65","0.6083585625550161","105","true","65","0.44271841760716324","115","true","65","0.4299680170937647","125","true","65","0.39863927748805544","135","true"
"66","0.3427355116066195","0","true","66","0.29713161480105715","85","true","66","0.6051216071227188","55","true","66","0.49583790360184604","15","true","66","0.7429275587271442","5","true","66","0.6442783572324781","25","true","66","0.638944074337177","35","true","66","0.5838209495676426","45","true","66","0.35356459036395327","65","true","66","0.40244747963759275","75","true","66","0.26542569889669015","95","true","66","0.6175497273791465","105","true","66","0.4498069727100856","115","true","66","0.43713514866606984","125","true","66","0.4045945670319761","135","true"
"67","0.33769528349475747","0","true","67","0.29276203223045333","85","true","67","0.5962227599591494","55","true","67","0.48854616972534826","15","true","67","0.732002153451745","5","true","67","0.634803675508471","25","true","67","0.6295478379498656","35","true","67","0.5752353473681184","45","true","67","0.3483651110938951","65","true","67","0.39652913434880466","75","true","67","0.26152237979526827","95","true","67","0.6084681137412178","105","true","67","0.44319216428787844","115","true","67","0.43070669059745115","125","true","67","0.3986446469285647","135","true"
"68","0.34259942166188945","0","true","68","0.2959349143132712","85","true","68","0.6043917853943935","55","true","68","0.49530738043615974","15","true","68","0.7406090741297626","5","true","68","0.6416613497256924","25","true","68","0.6365596247619655","35","true","68","0.5825883450835049","45","true","68","0.3532732138113859","65","true","68","0.4022754743584572","75","true","68","0.26472407640663626","95","true","68","0.6165217209927365","105","true","68","0.44896639175162256","115","true","68","0.4360622374841873","125","true","68","0.4042369173138717","135","true"
"69","0.3377051442095767","0","true","69","0.29170727268022445","85","true","69","0.5957576170316164","55","true","69","0.48823156071564316","15","true","69","0.7300289444993374","5","true","69","0.6324947590153254","25","true","69","0.6274659158367946","35","true","69","0.5742656544394548","45","true","69","0.34822645361408033","65","true","69","0.3965286818676221","75","true","69","0.26094230388654144","95","true","69","0.6077142678356974","105","true","69","0.4425525861551708","115","true","69","0.4298327769486989","125","true","69","0.3984621042093878","135","true"
"70","0.342785247576814","0","true","70","0.2971283614253489","85","true","70","0.60427117324094","55","true","70","0.49584054803033556","15","true","70","0.7420008033295182","5","true","70","0.6431417263911516","25","true","70","0.6384079940579089","35","true","70","0.5830701451982973","45","true","70","0.35260035901333553","65","true","70","0.40237207666814856","75","true","70","0.26515126377855447","95","true","70","0.6170339842631952","105","true","70","0.44970127514657854","115","true","70","0.43706220127396245","125","true","70","0.4038527631758039","135","true"
"71","0.3380243413604694","0","true","71","0.2930015786277746","85","true","71","0.5958785180570381","55","true","71","0.48895387375213645","15","true","71","0.7316952366166083","5","true","71","0.6342092024134968","25","true","71","0.6295412163626601","35","true","71","0.5749719487372098","45","true","71","0.347703131804817","65","true","71","0.3967835756033132","75","true","71","0.2614686073371857","95","true","71","0.6084640678150953","105","true","71","0.44345542410287603","115","true","71","0.43099189292293516","125","true","71","0.3982436970205844","135","true"
"72","0.34242077007754995","0","true","72","0.2959749014015484","85","true","72","0.6039283042718043","55","true","72","0.49489309930350567","15","true","72","0.7401276901100479","5","true","72","0.6410480413974055","25","true","72","0.6361256640710456","35","true","72","0.5819957175092934","45","true","72","0.35308282664676394","65","true","72","0.40156685643145085","75","true","72","0.26465561277580263","95","true","72","0.6161542792178455","105","true","72","0.44857791033716354","115","true","72","0.43589124407104585","125","true","72","0.40355210003775377","135","true"
"73","0.3377934623737993","0","true","73","0.2919752405717978","85","true","73","0.595767110970834","55","true","73","0.48820535471832316","15","true","73","0.7301259645680201","5","true","73","0.6323852300271703","25","true","73","0.6275293713133288","35","true","73","0.5741309105159245","45","true","73","0.34831143709748336","65","true","73","0.3961402772904853","75","true","73","0.26107918557612964","95","true","73","0.607827870039226","105","true","73","0.4425160466839586","115","true","73","0.43000082185386956","125","true","73","0.3980986932804868","135","true"
"74","0.34277291021418643","0","true","74","0.2965739710878561","85","true","74","0.603779109824457","55","true","74","0.4950727596081289","15","true","74","0.740522341753796","5","true","74","0.6417123800576099","25","true","74","0.6373578457086918","35","true","74","0.5818694878445172","45","true","74","0.3528276072508604","65","true","74","0.4013155012162446","75","true","74","0.26484516846293893","95","true","74","0.6159934980810194","105","true","74","0.44870632054742743","115","true","74","0.43595260788030843","125","true","74","0.40355082093310646","135","true"
"75","0.3382627403429471","0","true","75","0.2926716819945948","85","true","75","0.5958346478530826","55","true","75","0.48855864435012725","15","true","75","0.7307786267307198","5","true","75","0.6332687961094834","25","true","75","0.6289715582651564","35","true","75","0.5742133103728788","45","true","75","0.34818513873440166","65","true","75","0.39603503409497826","75","true","75","0.26136036361474235","95","true","75","0.6078883204746902","105","true","75","0.4428022900139087","115","true","75","0.4302163893555675","125","true","75","0.39824094171030244","135","true"
"76","0.342633959987655","0","true","76","0.29612601744079436","85","true","76","0.6033286109644745","55","true","76","0.49509461764620744","15","true","76","0.7393405898811841","5","true","76","0.6400758126310375","25","true","76","0.6352238207189635","35","true","76","0.5808339691360928","45","true","76","0.3522187568931912","65","true","76","0.4010693639396065","75","true","76","0.26464311255665746","95","true","76","0.6156895710014132","105","true","76","0.44783473695997894","115","true","76","0.43520655919662926","125","true","76","0.40319682696417963","135","true"
"77","0.3382412169108902","0","true","77","0.29232953003770723","85","true","77","0.5955936287726223","55","true","77","0.4887472507533074","15","true","77","0.7298618643698869","5","true","77","0.6318697124691012","25","true","77","0.6270799255815409","35","true","77","0.5733873797881941","45","true","77","0.347703131804817","65","true","77","0.39592744901730387","75","true","77","0.2612502521392644","95","true","77","0.6077961149629335","105","true","77","0.44209326597331255","115","true","77","0.4296269879248776","125","true","77","0.3980276368748953","135","true"
"78","0.3428944770211734","0","true","78","0.2966405325596251","85","true","78","0.6033535260118553","55","true","78","0.49478732494189526","15","true","78","0.7398461330874053","5","true","78","0.6410603497771149","25","true","78","0.6364137009674837","35","true","78","0.5808287246416283","45","true","78","0.3526742422283882","65","true","78","0.4006432114895581","75","true","78","0.2649615482495","95","true","78","0.6156348310129467","105","true","78","0.4482158773491924","115","true","78","0.43567945890773446","125","true","78","0.403067974294914","135","true"
"79","0.33860829605840875","0","true","79","0.29293252590262975","85","true","79","0.5958116069367071","55","true","79","0.4886024833801216","15","true","79","0.7305980564238128","5","true","79","0.633047095404901","25","true","79","0.6284585297053903","35","true","79","0.5735683655836079","45","true","79","0.3482658142005334","65","true","79","0.3956351713459386","75","true","79","0.26164952889638127","95","true","79","0.6079393956252849","105","true","79","0.4426131788823275","115","true","79","0.4302334656713878","125","true","79","0.39802962461622754","135","true"
"80","0.3429873435460807","0","true","80","0.29564034623523633","85","true","80","0.602839296968946","55","true","80","0.4946145464497897","15","true","80","0.7381526412462791","5","true","80","0.6389332326223657","25","true","80","0.6343648128770548","35","true","80","0.5798526103261533","45","true","80","0.35244801647707935","65","true","80","0.4002969096014005","75","true","80","0.26457917502328004","95","true","80","0.6148051807977751","105","true","80","0.44744990306222704","115","true","80","0.4345532214927681","125","true","80","0.4029461679171171","135","true"
"81","0.33880457106381145","0","true","81","0.2920349761591969","85","true","81","0.5954875982254223","55","true","81","0.4885826617369874","15","true","81","0.729150779767666","5","true","81","0.6311413639318489","25","true","81","0.6266286566224566","35","true","81","0.5727812370294929","45","true","81","0.34814986993467595","65","true","81","0.39541523997211514","75","true","81","0.2613525997181181","95","true","81","0.6073075566417047","105","true","81","0.44199319692732186","115","true","81","0.42925379196236846","125","true","81","0.39803219025959136","135","true"
"82","0.3431901392782826","0","true","82","0.296579842337266","85","true","82","0.602839647880765","55","true","82","0.49497911457640126","15","true","82","0.7391887751088457","5","true","82","0.6402365415161188","25","true","82","0.6357039020296346","35","true","82","0.5798143875670319","45","true","82","0.35189232616391114","65","true","82","0.4002792579677966","75","true","82","0.26498003230794887","95","true","82","0.6152728912226715","105","true","82","0.44784299289546015","115","true","82","0.43481216613648543","125","true","82","0.40276985604966004","135","true"
"83","0.3391045423821126","0","true","83","0.29304912992848897","85","true","83","0.595662985405994","55","true","83","0.48908650606953935","15","true","83","0.7303889087385024","5","true","83","0.6326146779266412","25","true","83","0.6281359984340437","35","true","83","0.5729118353340911","45","true","83","0.347703131804817","65","true","83","0.3955140287062752","75","true","83","0.2618255081138066","95","true","83","0.6079482139462111","105","true","83","0.44251152869432375","115","true","83","0.4296358308253368","125","true","83","0.3979749768109736","135","true"
"84","0.34350472905837065","0","true","84","0.29568744684703396","85","true","84","0.6024612126972825","55","true","84","0.4944290856165768","15","true","84","0.7379063180550554","5","true","84","0.6385112807506265","25","true","84","0.6337920593348628","35","true","84","0.578961230130455","45","true","84","0.35232334031613616","65","true","84","0.3998190574526281","75","true","84","0.2648545691379826","95","true","84","0.6145607588790855","105","true","84","0.44696819896063256","115","true","84","0.4341168065707913","125","true","84","0.40261432563810756","135","true"
"85","0.3395104880228082","0","true","85","0.29224922072090564","85","true","85","0.5954558497589421","55","true","85","0.4886799102024305","15","true","85","0.7293260120311593","5","true","85","0.6310867309744564","25","true","85","0.6264223842263179","35","true","85","0.5722291228033567","45","true","85","0.3482265572892043","65","true","85","0.3951699986450394","75","true","85","0.26177486484568047","95","true","85","0.6074147035432822","105","true","85","0.4417708943215554","115","true","85","0.42906893672694496","125","true","85","0.3979327637120831","135","true"
"86","0.3438878246276792","0","true","86","0.2959671608846196","85","true","86","0.602463031206434","55","true","86","0.49458588659953373","15","true","86","0.7383636893568049","5","true","86","0.6391830941216076","25","true","86","0.634695730966346","35","true","86","0.5794570212077593","45","true","86","0.3521207830514061","65","true","86","0.399534576467469","75","true","86","0.2650646173032066","95","true","86","0.6144714965348241","105","true","86","0.4472591669399669","115","true","86","0.4341310386012729","125","true","86","0.4026049142283573","135","true"
"87","0.3399800084387283","0","true","87","0.2926038976927489","85","true","87","0.5956168603972699","55","true","87","0.4889655924336299","15","true","87","0.7299731928868411","5","true","87","0.6319196498702256","25","true","87","0.627483279478092","35","true","87","0.5728722823303984","45","true","87","0.348119410516731","65","true","87","0.3949944108257932","75","true","87","0.26205251937930646","95","true","87","0.607488865892383","105","true","87","0.4421766764065582","115","true","87","0.4291977313444402","125","true","87","0.3980298583848533","135","true"
"88","0.344570916882036","0","true","88","0.29572998801678313","85","true","88","0.6020633173450012","55","true","88","0.49478243586617754","15","true","88","0.7374069285136178","5","true","88","0.6377698319586608","25","true","88","0.6328701712806643","35","true","88","0.5785806881925362","45","true","88","0.35160990856666885","65","true","88","0.3994428323852607","75","true","88","0.2651186916835833","95","true","88","0.6142399692137653","105","true","88","0.4465020323873398","115","true","88","0.4336111339935414","125","true","88","0.4023773717337835","135","true"
"89","0.3407423511389023","0","true","89","0.2924440992610411","85","true","89","0.5953737249300568","55","true","89","0.4892848532454422","15","true","89","0.7292135181967998","5","true","89","0.6306835004924535","25","true","89","0.6258382804886569","35","true","89","0.5721520138792858","45","true","89","0.347703131804817","65","true","89","0.3950045786920911","75","true","89","0.2621729284426546","95","true","89","0.6074150806669457","105","true","89","0.44154089869414714","115","true","89","0.42879323250472423","125","true","89","0.3979065120478526","135","true"
"90","0.344928190159818","0","true","90","0.2963447743572768","85","true","90","0.6022008602436028","55","true","90","0.4945789580952904","15","true","90","0.7379873723450106","5","true","90","0.63882489644","25","true","90","0.633702077787683","35","true","90","0.5790943797073339","45","true","90","0.3520187111835217","65","true","90","0.39899418013025806","75","true","90","0.2655971353410631","95","true","90","0.6142130630639315","105","true","90","0.4467180393722515","115","true","90","0.4340450668400839","125","true","90","0.40245383498207477","135","true"
"91","0.3411789707015591","0","true","91","0.2931236355055673","85","true","91","0.5956551987192158","55","true","91","0.48920309985512417","15","true","91","0.7299657704716952","5","true","91","0.6318811475656522","25","true","91","0.6268140117247734","35","true","91","0.5727998755800803","45","true","91","0.34819242084457036","65","true","91","0.39465728686797263","75","true","91","0.2627102099569211","95","true","91","0.6075368341175845","105","true","91","0.44186240850950964","115","true","91","0.42932718567877864","125","true","91","0.39807933677574786","135","true"
"92","0.34571990187120555","0","true","92","0.29574240136382446","85","true","92","0.6019411030450112","55","true","92","0.4945492215391522","15","true","92","0.7368463274545209","5","true","92","0.6370225523898415","25","true","92","0.6318643480932404","35","true","92","0.5782815133666361","45","true","92","0.35183577329356164","65","true","92","0.39874654313914376","75","true","92","0.265439039964364","95","true","92","0.613522104870042","105","true","92","0.44589156635618415","115","true","92","0.4331880030842626","125","true","92","0.40232249821201455","135","true"
"93","0.3420420305747034","0","true","93","0.29259620560463484","85","true","93","0.5955374742892132","55","true","93","0.48928805960788463","15","true","93","0.7290075367369196","5","true","93","0.6302457167261197","25","true","93","0.6251423869433123","35","true","93","0.5721295823733741","45","true","93","0.3480928395351195","65","true","93","0.3945045586376635","75","true","93","0.2626152203902751","95","true","93","0.6069952739671691","105","true","93","0.4411480390545226","115","true","93","0.4285796200727279","125","true","93","0.398042471635291","135","true"
"94","0.3459259052318335","0","true","94","0.2965397007750213","85","true","94","0.6019806285126762","55","true","94","0.49491631451260976","15","true","94","0.7376017683718342","5","true","94","0.637994480545835","25","true","94","0.6328793844725301","35","true","94","0.5787322656990993","45","true","94","0.35136316477118346","65","true","94","0.398668715907717","75","true","94","0.26582016662151886","95","true","94","0.6139700822519502","105","true","94","0.4462416836022658","115","true","94","0.4333789935540005","125","true","94","0.4022908356250862","135","true"
"95","0.3423225103856685","0","true","95","0.2934507455586148","85","true","95","0.5957099969656692","55","true","95","0.48976093623643674","15","true","95","0.729918416617961","5","true","95","0.6313487047068158","25","true","95","0.6262868908842746","35","true","95","0.572703804598067","45","true","95","0.347703131804817","65","true","95","0.3945159167836783","75","true","95","0.2630512065525447","95","true","95","0.6075745605618257","105","true","95","0.4415933327314088","115","true","95","0.42886462903781297","125","true","95","0.3981003060873249","135","true"
"96","0.3467552024189602","0","true","96","0.29631469468764204","85","true","96","0.6018405462174935","55","true","96","0.4946561174469376","15","true","96","0.7367106713685166","5","true","96","0.6365749952472917","25","true","96","0.6311886876313147","35","true","96","0.5780069653034996","45","true","96","0.3517517681291688","65","true","96","0.3983540531194573","75","true","96","0.2658978503765089","95","true","96","0.6133703587385448","105","true","96","0.4456711036331247","115","true","96","0.4327836623696962","125","true","96","0.40234685248925495","135","true"
"97","0.34321688402693","0","true","97","0.2932910753540947","85","true","97","0.5956993161540497","55","true","97","0.48960860604441786","15","true","97","0.7291932155382256","5","true","97","0.6300793320304826","25","true","97","0.6247479867371177","35","true","97","0.5721089350453006","45","true","97","0.3481624643727487","65","true","97","0.3942892158427282","75","true","97","0.2631846070053201","95","true","97","0.607111477526927","105","true","97","0.4411234393103377","115","true","97","0.4283675025495972","125","true","97","0.39824127236181356","135","true"
"98","0.34701422985155533","0","true","98","0.29678855048007075","85","true","98","0.601863022438605","55","true","98","0.49486561094630643","15","true","98","0.737210402270772","5","true","98","0.6373282444473656","25","true","98","0.6319667004134172","35","true","98","0.5779919176222206","45","true","98","0.35158531017303163","65","true","98","0.39809890811780074","75","true","98","0.2661741974523998","95","true","98","0.6133044622551557","105","true","98","0.4456605036431307","115","true","98","0.4327131126728575","125","true","98","0.4023066859845395","135","true"
"99","0.3435440875530398","0","true","99","0.29382066497527004","85","true","99","0.595844392214219","55","true","99","0.48991695483684333","15","true","99","0.7298382982480642","5","true","99","0.6309549620028919","25","true","99","0.6256470334092831","35","true","99","0.5722119984459983","45","true","99","0.3480694570713013","65","true","99","0.3941179190366227","75","true","99","0.26351245547787583","95","true","99","0.6071714176326042","105","true","99","0.4412038986066994","115","true","99","0.4283859815461289","125","true","99","0.3982836191246941","135","true"
"100","0.3478473150416424","0","true","100","0.2968688152121043","85","true","100","0.6016598989651335","55","true","100","0.4949630870565748","15","true","100","0.7363235105154491","5","true","100","0.6360265017091841","25","true","100","0.6303742972188386","35","true","100","0.5772851540179647","45","true","100","0.3511457370702112","65","true","100","0.3980293163597917","75","true","100","0.2662253254341277","95","true","100","0.6131256769140541","105","true","100","0.44525357760508033","115","true","100","0.43234933366710626","125","true","100","0.40219905357411956","135","true"
"101","0.3444370472471165","0","true","101","0.29395833663159343","85","true","101","0.595761272504691","55","true","101","0.49011050777170645","15","true","101","0.7291046525692192","5","true","101","0.6297909477708588","25","true","101","0.6241941570500265","35","true","101","0.5716254956452395","45","true","101","0.347703131804817","65","true","101","0.3941270681601859","75","true","101","0.2636152732239892","95","true","101","0.6071146408658771","105","true","101","0.44088834645208935","115","true","101","0.4281106147095856","125","true","101","0.3982559255979027","135","true"
"102","0.348170736178922","0","true","102","0.29752009031668614","85","true","102","0.6017628863300022","55","true","102","0.49483714578355326","15","true","102","0.7370025869035389","5","true","102","0.6369040326015161","25","true","102","0.6312443926258445","35","true","102","0.5773500405730481","45","true","102","0.3515159252364881","65","true","102","0.3975737441254873","75","true","102","0.266727893761543","95","true","102","0.6131349182647716","105","true","102","0.4454358606420976","115","true","102","0.4324308429481716","125","true","102","0.40238941520029553","135","true"
"103","0.3448229406387401","0","true","103","0.29465932021748725","85","true","103","0.5959767047306753","55","true","103","0.49007909630486524","15","true","103","0.729916023567928","5","true","103","0.630779955364963","25","true","103","0.6251747350044421","35","true","103","0.5717985978752304","45","true","103","0.34813596441690653","65","true","103","0.3937509196627422","75","true","103","0.2641632024753743","95","true","103","0.6072393902045334","105","true","103","0.441152823520539","115","true","103","0.42827285407366994","125","true","103","0.398520286207985","135","true"
"104","0.3489442152302883","0","true","104","0.2972569279058428","85","true","104","0.6015310526418873","55","true","104","0.49484335425069603","15","true","104","0.7362455251309604","5","true","104","0.635501352045746","25","true","104","0.6298599787673194","35","true","104","0.5766632987500357","45","true","104","0.35136347140913365","65","true","104","0.3973868003265009","75","true","104","0.2666315551525244","95","true","104","0.6125425197701772","105","true","104","0.4448510714308836","115","true","104","0.4318601048500902","125","true","104","0.40238878784360194","135","true"
"105","0.345652288671512","0","true","105","0.2944526172652216","85","true","105","0.5958562313905488","55","true","105","0.49017502072002905","15","true","105","0.7292998126297249","5","true","105","0.6295060562717295","25","true","105","0.6239179034959295","35","true","105","0.5712230789505071","45","true","105","0.3480487216788588","65","true","105","0.393637868247949","75","true","105","0.2641161631227836","95","true","105","0.6067638167534773","105","true","105","0.44065436320983753","115","true","105","0.4277859529175422","125","true","105","0.39859266720356795","135","true"
"106","0.3494454811529835","0","true","106","0.29804279944702455","85","true","106","0.6014898828626396","55","true","106","0.4951914741512711","15","true","106","0.7365989951288014","5","true","106","0.6362312939298651","25","true","106","0.6304833873414951","35","true","106","0.5766876862086419","45","true","106","0.3509526937843012","65","true","106","0.39732901568955076","75","true","106","0.2669302098807192","95","true","106","0.6129257260646023","105","true","106","0.4449832687930631","115","true","106","0.4320386103621647","125","true","106","0.4024475894588284","135","true"
"107","0.34620987484601146","0","true","107","0.29528314389658916","85","true","107","0.595920532095393","55","true","107","0.4906063679091297","15","true","107","0.7297786340627941","5","true","107","0.6303402634305145","25","true","107","0.6246455781994442","35","true","107","0.5713479854104138","45","true","107","0.347703131804817","65","true","107","0.3936500433220549","75","true","107","0.26445863386330515","95","true","107","0.6072504878603004","105","true","107","0.4408630533412755","115","true","107","0.4280382528588113","125","true","107","0.3987212228897652","135","true"
"108","0.3503235354466803","0","true","108","0.29795733465947866","85","true","108","0.6013147041009728","55","true","108","0.49484899878761734","15","true","108","0.7358942710897776","5","true","108","0.6353161971580125","25","true","108","0.6292158627921606","35","true","108","0.5760852247103121","45","true","108","0.35128601080613","65","true","108","0.397016060976097","75","true","108","0.26706960971413296","95","true","108","0.6124131579466024","105","true","108","0.44462209205717457","115","true","108","0.43170717610284315","125","true","108","0.4025139204668006","135","true"
"109","0.3471387760335287","0","true","109","0.29524863161711973","85","true","109","0.595848206790964","55","true","109","0.4903503715259117","15","true","109","0.7292043231707797","5","true","109","0.6295405953656669","25","true","109","0.6234957185849591","35","true","109","0.5708480863038548","45","true","109","0.34809250161698335","65","true","109","0.3934068240581325","75","true","109","0.26464170417127725","95","true","109","0.6068457656016333","105","true","109","0.44058007303847296","115","true","109","0.4277825654109991","125","true","109","0.3988547030080115","135","true"
"110","0.3508245777901126","0","true","110","0.2984256454488902","85","true","110","0.6012285697965624","55","true","110","0.4950471939691805","15","true","110","0.7361708199722294","5","true","110","0.6360196596710662","25","true","110","0.6300082399334553","35","true","110","0.5765256376343281","45","true","110","0.35115282653772345","65","true","110","0.39692176963074843","75","true","110","0.2673661452928969","95","true","110","0.6124615335902849","105","true","110","0.44462493052118657","115","true","110","0.4317027715151976","125","true","110","0.40266070396940284","135","true"
"111","0.34769221548841517","0","true","111","0.29576113075738225","85","true","111","0.595860457566236","55","true","111","0.4906271297373129","15","true","111","0.7295978662224774","5","true","111","0.6303409127097175","25","true","111","0.6243831663626209","35","true","111","0.5713780872983073","45","true","111","0.3480175334436366","65","true","111","0.3933778252590453","75","true","111","0.2649789475670674","95","true","111","0.6069931270403716","105","true","111","0.44065506507010455","115","true","111","0.4278482824838119","125","true","111","0.3990655191125332","135","true"
"112","0.351629668181574","0","true","112","0.2985865466550969","85","true","112","0.6010410858945526","55","true","112","0.49517428823853477","15","true","112","0.7355520299201275","5","true","112","0.6348749071414601","25","true","112","0.6287876741426418","35","true","112","0.5758873113404519","45","true","112","0.3507957500380394","65","true","112","0.3967368239470704","75","true","112","0.26746128220023363","95","true","112","0.6122213654916041","105","true","112","0.4443370389736769","115","true","112","0.4316935846195808","125","true","112","0.4026669457959963","135","true"
"113","0.3485451974080514","0","true","113","0.29596736642128024","85","true","113","0.5957687956674075","55","true","113","0.49083065413117916","15","true","113","0.7290998191313544","5","true","113","0.6293058290086403","25","true","113","0.6232719927905134","35","true","113","0.5708356682585181","45","true","113","0.34771859433595137","65","true","113","0.3932566763685873","75","true","113","0.26511513060198594","95","true","113","0.6068510026364146","105","true","113","0.4404393456493464","115","true","113","0.42790679878958443","125","true","113","0.39913477960480337","135","true"
"114","0.35215653494865756","0","true","114","0.299229859777738","85","true","114","0.601066844976837","55","true","114","0.495079293590368","15","true","114","0.735926836226545","5","true","114","0.6357181192305861","25","true","114","0.6294541128414699","35","true","114","0.5763354505185084","45","true","114","0.3511139991243348","65","true","114","0.39647684839524383","75","true","114","0.26787552979377866","95","true","114","0.6122366894793","105","true","114","0.44443232013643236","115","true","114","0.4318219667390661","125","true","114","0.4026283042699415","135","true"
"115","0.3491207027508243","0","true","115","0.29665029202103343","85","true","115","0.5958852342442782","55","true","115","0.49081136864562347","15","true","115","0.7295826393625231","5","true","115","0.6302377906165293","25","true","115","0.6240277842824917","35","true","115","0.5713670414623143","45","true","115","0.34808715430429743","65","true","115","0.3930589445297676","75","true","115","0.2655662579852116","95","true","115","0.6069587869837888","105","true","115","0.44060100703180793","115","true","115","0.42809936357752243","125","true","115","0.399157370612442","135","true"
"116","0.35322909130109","0","true","116","0.2991734793598014","85","true","116","0.6009156506943811","55","true","116","0.49515170843683226","15","true","116","0.7352019869744043","5","true","116","0.6346232695902931","25","true","116","0.6284923209413698","35","true","116","0.5757364871740023","45","true","116","0.3509595197644804","65","true","116","0.39633817384202735","75","true","116","0.26790322104115594","95","true","116","0.611718509375233","105","true","116","0.4440486096935569","115","true","116","0.4314822969375677","125","true","116","0.40261932174335485","135","true"
"117","0.35023562442565703","0","true","117","0.2966381108906505","85","true","117","0.595823145180022","55","true","117","0.4909555075178761","15","true","117","0.7289714616610619","5","true","117","0.6292451062886805","25","true","117","0.6231661148316971","35","true","117","0.5708573644013413","45","true","117","0.34798528654613736","65","true","117","0.3929793757586203","75","true","117","0.2656328547611461","95","true","117","0.6065344542110361","105","true","117","0.44028548588259453","115","true","117","0.42782566730250354","125","true","117","0.3992072935929874","135","true"
"118","0.35376884547280074","0","true","118","0.30002475790116045","85","true","118","0.6005449531852851","55","true","118","0.4955121700977808","15","true","118","0.7351609974766015","5","true","118","0.6355688308334807","25","true","118","0.6290284438077071","35","true","118","0.5761391050224833","45","true","118","0.35063457621013805","65","true","118","0.39624981425273664","75","true","118","0.26811943640313146","95","true","118","0.6120543343489635","105","true","118","0.44407183974981457","115","true","118","0.43187547943489857","125","true","118","0.40261167927743746","135","true"
"119","0.3508207717605274","0","true","119","0.2975245515853175","85","true","119","0.5955404119087411","55","true","119","0.49138290201363266","15","true","119","0.7290346558309632","5","true","119","0.6302724239098684","25","true","119","0.6237865401093095","35","true","119","0.5713379458139626","45","true","119","0.3477126214083869","65","true","119","0.39294773246729714","75","true","119","0.2658851077664387","95","true","119","0.6069538815627222","105","true","119","0.4403712410852328","115","true","119","0.4282765171062744","125","true","119","0.3992565819501255","135","true"
"120","0.35471173112006527","0","true","120","0.30014156680862397","85","true","120","0.6005323575996253","55","true","120","0.4953332774395622","15","true","120","0.7346104160809086","5","true","120","0.6346093927658949","25","true","120","0.6281502654192334","35","true","120","0.5756054592295442","45","true","120","0.35091070128288293","65","true","120","0.3959845774789179","75","true","120","0.26845766464439397","95","true","120","0.6116437084071917","105","true","120","0.44382860621648845","115","true","120","0.43173691191922714","125","true","120","0.40273457238755694","135","true"
"121","0.3518042579141631","0","true","121","0.2976813900315041","85","true","121","0.595609961225858","55","true","121","0.49127316860809034","15","true","121","0.7285890192277864","5","true","121","0.6294076764317482","25","true","121","0.6230014927518626","35","true","121","0.5708873816948759","45","true","121","0.34803438405925274","65","true","121","0.3927388022536809","75","true","121","0.26625719198337433","95","true","121","0.6066302353874606","105","true","121","0.44019066682127134","115","true","121","0.4281980847723482","125","true","121","0.3994334693351999","135","true"
"122","0.3555038344456145","0","true","122","0.3006304082331976","85","true","122","0.6004545215008092","55","true","122","0.4954708044307655","15","true","122","0.7345591364324993","5","true","122","0.6354573919052146","25","true","122","0.6285986233174481","35","true","122","0.5756323965604492","45","true","122","0.35078798914197756","65","true","122","0.3958578177710268","75","true","122","0.2685904064344158","95","true","122","0.6116936231153589","105","true","122","0.4437459931858389","115","true","122","0.431743979284633","125","true","122","0.40268470786008237","135","true"
"123","0.35263686803879507","0","true","123","0.2982059694571234","85","true","123","0.5956121463274157","55","true","123","0.491475072136969","15","true","123","0.7286352724290113","5","true","123","0.6303327355188821","25","true","123","0.6235292795810171","35","true","123","0.570990199813994","45","true","123","0.34795905374567127","65","true","123","0.39266541601480887","75","true","123","0.2664243547696221","95","true","123","0.6067606100257189","105","true","123","0.4401673964665983","115","true","123","0.4282621730000795","125","true","123","0.39943725053863005","135","true"
"124","0.35637181243628624","0","true","124","0.3009944554518821","85","true","124","0.6003823630531943","55","true","124","0.4956669875563231","15","true","124","0.7339942385472195","5","true","124","0.6343161949762293","25","true","124","0.627679293148418","35","true","124","0.5750943104966046","45","true","124","0.35049598838465873","65","true","124","0.39585203358803156","75","true","124","0.2686974324230371","95","true","124","0.6114461187199693","105","true","124","0.44350540591292065","115","true","124","0.4317987587746752","125","true","124","0.40274681208352403","135","true"
"125","0.3535434647185379","0","true","125","0.29860561056734336","85","true","125","0.5956174236638831","55","true","125","0.49173312257571733","15","true","125","0.7281688874476384","5","true","125","0.6292819394605449","25","true","125","0.6226977114567639","35","true","125","0.5705300699371078","45","true","125","0.3477142741911297","65","true","125","0.39271035078177735","75","true","125","0.2665649131180924","95","true","125","0.6065933717460014","105","true","125","0.43998552173900857","115","true","125","0.42837178449868574","125","true","125","0.3995504088130199","135","true"
"126","0.35709199695954186","0","true","126","0.3015810738616141","85","true","126","0.6004481407489991","55","true","126","0.4955912937042751","15","true","126","0.7341024177142736","5","true","126","0.6352882666121665","25","true","126","0.6281279047359324","35","true","126","0.5751814364983079","45","true","126","0.3507612506638169","65","true","126","0.395624071663938","75","true","126","0.2690976864934693","95","true","126","0.6114649559410142","105","true","126","0.4435773335111908","115","true","126","0.4320199286477079","125","true","126","0.40276783596415966","135","true"
"127","0.3543022157332954","0","true","127","0.29922497172207024","85","true","127","0.5957571396493976","55","true","127","0.49171948672221044","15","true","127","0.7283672425758808","5","true","127","0.630325077029259","25","true","127","0.6232206554801829","35","true","127","0.5706878315256648","45","true","127","0.34802092839300586","65","true","127","0.39253325860406346","75","true","127","0.2669953608177391","95","true","127","0.606687885972725","105","true","127","0.4401118855931346","115","true","127","0.4286447729551477","125","true","127","0.39962121224568964","135","true"
"128","0.35812378452763627","0","true","128","0.30166616464433915","85","true","128","0.600187595247152","55","true","128","0.4956685620038909","15","true","128","0.7334881299901879","5","true","128","0.6342970280355689","25","true","128","0.6272403912407909","35","true","128","0.5747255714923296","45","true","128","0.3506465631282105","65","true","128","0.3956961404745122","75","true","128","0.26910854211922214","95","true","128","0.6111296118449059","105","true","128","0.4432549496087461","115","true","128","0.43181294440093965","125","true","128","0.40287853044099564","135","true"
"129","0.355368986185116","0","true","129","0.29934565568553656","85","true","129","0.5955707675914047","55","true","129","0.4918557269115533","15","true","129","0.727845913605648","5","true","129","0.629417820127603","25","true","129","0.6224154651543232","35","true","129","0.5703046055577732","45","true","129","0.3479492818733781","65","true","129","0.39265232400932365","75","true","129","0.26703847641061274","95","true","129","0.6064286148307143","105","true","129","0.4398452961502173","115","true","129","0.42849130636708627","125","true","129","0.3997794648222187","135","true"
"130","0.358654725887443","0","true","130","0.3022809579115035","85","true","130","0.6002330463681429","55","true","130","0.49601506149868263","15","true","130","0.7331357394250648","5","true","130","0.635074853234094","25","true","130","0.6278204592083234","35","true","130","0.5747784237487145","45","true","130","0.35041760822697576","65","true","130","0.39565368840590975","75","true","130","0.26936352368519534","95","true","130","0.6112437252257534","105","true","130","0.4432830009081127","115","true","130","0.43203908718027856","125","true","130","0.4028433249188919","135","true"
"131","0.35593764463072","0","true","131","0.2999909506545982","85","true","131","0.5956858263198994","55","true","131","0.4922573716388441","15","true","131","0.7275816807930567","5","true","131","0.6302636801035327","25","true","131","0.6230642436082604","35","true","131","0.5704240417506181","45","true","131","0.3477629293767714","65","true","131","0.39265631197859224","75","true","131","0.26732289093000444","95","true","131","0.6066130909437402","105","true","131","0.43992479635577847","115","true","131","0.4287660637925492","125","true","131","0.39979148154829425","135","true"
"132","0.35963751749146905","0","true","132","0.30265803871905594","85","true","132","0.5999680264648732","55","true","132","0.49588618585756017","15","true","132","0.732892090321846","5","true","132","0.6341833233311898","25","true","132","0.6272279849322703","35","true","132","0.5743755090630075","45","true","132","0.3506869780802273","65","true","132","0.3955604332829659","75","true","132","0.26960799205950275","95","true","132","0.6109052981218968","105","true","132","0.44303612276010906","115","true","132","0.431988018869945","125","true","132","0.4031104537669158","135","true"
"133","0.3569536554206372","0","true","133","0.300399396639063","85","true","133","0.5954906531330458","55","true","133","0.4921855426795187","15","true","133","0.7274227463642202","5","true","133","0.6294506119630466","25","true","133","0.6225471790745668","35","true","133","0.5700891246670149","45","true","133","0.3480699110796286","65","true","133","0.3926084897510035","75","true","133","0.2675959921187602","95","true","133","0.6063463033597931","105","true","133","0.4397298830380187","115","true","133","0.4287642276843484","125","true","133","0.40010216679850596","135","true"
"134","0.3603279064341874","0","true","134","0.3030174759944535","85","true","134","0.6000176550738681","55","true","134","0.49610445777557693","15","true","134","0.732739704776911","5","true","134","0.6351948925155826","25","true","134","0.627787585504686","35","true","134","0.5746341253814277","45","true","134","0.35058264793717037","65","true","134","0.3954940446765549","75","true","134","0.26979206096624425","95","true","134","0.6109618715846635","105","true","134","0.4430283221311646","115","true","134","0.43199186741956136","125","true","134","0.40305197349259364","135","true"
"135","0.357678436533936","0","true","135","0.3007894063180237","85","true","135","0.595605760551266","55","true","135","0.4924566308801683","15","true","135","0.7273519128300219","5","true","135","0.630524341835321","25","true","135","0.6231715003171516","35","true","135","0.5704088744595054","45","true","135","0.34800483434939705","65","true","135","0.39258600023040374","75","true","135","0.2678082958120807","95","true","135","0.606469504881835","105","true","135","0.4397707609390237","115","true","135","0.4288154566297116","125","true","135","0.40008835604044224","135","true"
"136","0.3610309507874348","0","true","136","0.3034374129982966","85","true","136","0.5998068940525509","55","true","136","0.49636484956831634","15","true","136","0.7322718823754832","5","true","136","0.6341837622400135","25","true","136","0.6271606151604253","35","true","136","0.574147818471822","45","true","136","0.35037285153970366","65","true","136","0.3955092789028013","75","true","136","0.2699364697874088","95","true","136","0.6107432114568169","105","true","136","0.4427316752501588","115","true","136","0.43208762964279096","125","true","136","0.4031230879389734","135","true"
"137","0.3584147844773809","0","true","137","0.3012385911649756","85","true","137","0.5954604672840542","55","true","137","0.49276800283231403","15","true","137","0.726965564387255","5","true","137","0.629588227731028","25","true","137","0.6226159730215817","35","true","137","0.5699873270336203","45","true","137","0.34783391783289425","65","true","137","0.39264326963538965","75","true","137","0.2679804084121377","95","true","137","0.6063175360114776","105","true","137","0.43952347470486774","115","true","137","0.42895655986277076","125","true","137","0.40020190614231416","135","true"
"138","0.36178032125257115","0","true","138","0.3040117911940062","85","true","138","0.5998444525859773","55","true","138","0.4963759805193589","15","true","138","0.7321887755001507","5","true","138","0.6351436734328052","25","true","138","0.627628822190734","35","true","138","0.5744374383999027","45","true","138","0.3506228209690733","65","true","138","0.3952973270443023","75","true","138","0.27036576002136337","95","true","138","0.6108263946695693","105","true","138","0.44279094053487644","115","true","138","0.43231129672256674","125","true","138","0.4030913471231071","135","true"
"139","0.35919617610076704","0","true","139","0.3018402783997633","85","true","139","0.5955598493532204","55","true","139","0.4928304378013635","15","true","139","0.7269588556751496","5","true","139","0.6306069329082852","25","true","139","0.623145759175086","35","true","139","0.5703343138399034","45","true","139","0.3481183722478656","65","true","139","0.3924737747082716","75","true","139","0.26843457602121074","95","true","139","0.6064633489933581","105","true","139","0.43962814810248446","115","true","139","0.4292233588888341","125","true","139","0.4002121232150849","135","true"
"140","0.3627105597744875","0","true","140","0.30443264258684016","85","true","140","0.5997207979484616","55","true","140","0.4964947872263926","15","true","140","0.731729821365745","5","true","140","0.6342678458935989","25","true","140","0.6270221926012184","35","true","140","0.5739754287859468","45","true","140","0.3505016030277597","65","true","140","0.395298491368835","75","true","140","0.27041870366768384","95","true","140","0.6105550226857909","105","true","140","0.4424196639567256","115","true","140","0.43221944722521033","125","true","140","0.403217351932279","135","true"
"141","0.36015626005776574","0","true","141","0.30228875073763706","85","true","141","0.595497412047416","55","true","141","0.49299834506282647","15","true","141","0.7265767944547187","5","true","141","0.6298011709225172","25","true","141","0.6226065433575478","35","true","141","0.5699333483015386","45","true","141","0.34803328187967686","65","true","141","0.3925146991760967","75","true","141","0.26851434659960155","95","true","141","0.6062553394274403","105","true","141","0.4393040325204106","115","true","141","0.4291756483010891","125","true","141","0.40037779311585453","135","true"
"142","0.3631793666241518","0","true","142","0.30498971907553984","85","true","142","0.5997434644972228","55","true","142","0.4968693300208233","15","true","142","0.7315873167266899","5","true","142","0.6350031281252346","25","true","142","0.6273683894527744","35","true","142","0.5742265279899591","45","true","142","0.3503124332527649","65","true","142","0.39523702143817996","75","true","142","0.2706397872138002","95","true","142","0.6106344842629041","105","true","142","0.4424310914128119","115","true","142","0.43242365640667757","125","true","142","0.403170314750993","135","true"
"143","0.36065728768926186","0","true","143","0.302871734915293","85","true","143","0.5955785793271032","55","true","143","0.49341884856234536","15","true","143","0.7265068492494211","5","true","143","0.6305933841799205","25","true","143","0.623011664526019","35","true","143","0.5702388437678066","45","true","143","0.3478797080218429","65","true","143","0.39249231990041483","75","true","143","0.26876034424703776","95","true","143","0.6063939670110784","105","true","143","0.4393586532780007","115","true","143","0.42942071434829787","125","true","143","0.40037052089855557","135","true"
"144","0.3642251830290262","0","true","144","0.30546544147666727","85","true","144","0.5996195924033739","55","true","144","0.49684032134964357","15","true","144","0.7312535496294762","5","true","144","0.6342989065915519","25","true","144","0.6269036075178117","35","true","144","0.5738192868234465","45","true","144","0.35057817422129756","65","true","144","0.39508110838039173","75","true","144","0.27086153299433063","95","true","144","0.6104874607128943","105","true","144","0.4422799998069096","115","true","144","0.43256842741618046","125","true","144","0.4033063410969833","135","true"
"145","0.3617304899945808","0","true","145","0.30337321242545723","85","true","145","0.5955126088937618","55","true","145","0.4934373054499885","15","true","145","0.72624496367311","5","true","145","0.6299543935327057","25","true","145","0.6226097471923473","35","true","145","0.5698890177356147","45","true","145","0.3481769538499188","65","true","145","0.3923750733914849","75","true","145","0.2690063170149174","95","true","145","0.6063060397491074","105","true","145","0.43925068473973894","115","true","145","0.4296056299681244","125","true","145","0.4005439688976889","135","true"
"146","0.3649008872330989","0","true","146","0.3062168867797313","85","true","146","0.5996327116629229","55","true","146","0.49703598776584","15","true","146","0.7310825859750057","5","true","146","0.6352297649721919","25","true","146","0.6273370567657147","35","true","146","0.5740109885325191","45","true","146","0.3504359818435886","65","true","146","0.3950458686908773","75","true","146","0.27093991283215385","95","true","146","0.6105300128339223","105","true","146","0.4423038094649665","115","true","146","0.43253229376461066","125","true","146","0.4033286975051349","135","true"
"147","0.3624353406977401","0","true","147","0.3041478537609493","85","true","147","0.595581139286822","55","true","147","0.4936776364971519","15","true","147","0.7261428387724719","5","true","147","0.630937671965623","25","true","147","0.623098292868649","35","true","147","0.5701325359072994","45","true","147","0.34806817115545624","65","true","147","0.3923766398483714","75","true","147","0.26910923774545015","95","true","147","0.6064048100445039","105","true","147","0.43931527021182487","115","true","147","0.4296097782662011","125","true","147","0.4006035036030732","135","true"
"148","0.3656250703592424","0","true","148","0.3065417054736959","85","true","148","0.5995375411216392","55","true","148","0.49739801737856226","15","true","148","0.7306198801644495","5","true","148","0.6344096298440797","25","true","148","0.6268721487509679","35","true","148","0.5734052116914333","45","true","148","0.3502530072016368","65","true","148","0.3950653295805365","75","true","148","0.27110246021009166","95","true","148","0.6102969232482046","105","true","148","0.4420957767010638","115","true","148","0.4327585543446573","125","true","148","0.40340358273744337","135","true"
"149","0.3631875698901808","0","true","149","0.3044980941038713","85","true","149","0.5955406241808283","55","true","149","0.4940820305960385","15","true","149","0.7257490809633531","5","true","149","0.6301802323117858","25","true","149","0.6226930010926282","35","true","149","0.569582510280157","45","true","149","0.3479179871536259","65","true","149","0.3924315607166662","75","true","149","0.26929511047535776","95","true","149","0.6062282770932166","105","true","149","0.4391484715230567","115","true","149","0.42987349731569297","125","true","149","0.4007142255191938","135","true"
"150","0.3664530547903735","0","true","150","0.30740796447130775","85","true","150","0.5995345459265167","55","true","150","0.49742473200753756","15","true","150","0.7304839325418053","5","true","150","0.6352053375245578","25","true","150","0.6273140668373343","35","true","150","0.5736492932891304","45","true","150","0.35053955493327016","65","true","150","0.3948458714105827","75","true","150","0.2713641982561438","95","true","150","0.6104360122492397","105","true","150","0.44223293515855727","115","true","150","0.4329150302975989","125","true","150","0.40336982905958835","135","true"
"151","0.3640421794299105","0","true","151","0.30538554365241755","85","true","151","0.5955902397033159","55","true","151","0.49415220087590905","15","true","151","0.7256781171961355","5","true","151","0.6310263550408436","25","true","151","0.6231870006081413","35","true","151","0.5698752847806493","45","true","151","0.34823337365081447","65","true","151","0.3922482012039341","75","true","151","0.26957890747814284","95","true","151","0.606419985852863","105","true","151","0.4393235079535668","115","true","151","0.4300669050982726","125","true","151","0.4007160801841963","135","true"
"152","0.36741012694424213","0","true","152","0.3077872428789174","85","true","152","0.5994542545968256","55","true","152","0.4977186894114511","15","true","152","0.7301083473344514","5","true","152","0.6344828579143591","25","true","152","0.626906266202005","35","true","152","0.5731953719273288","45","true","152","0.35037387611469306","65","true","152","0.39483764290954854","75","true","152","0.27146138687483895","95","true","152","0.6102434208765882","105","true","152","0.4419858179107726","115","true","152","0.4329242193259243","125","true","152","0.4034326486191152","135","true"
"153","0.36502434689914964","0","true","153","0.3057886244186647","85","true","153","0.595561694502041","55","true","153","0.49448674986981833","15","true","153","0.7253673840400718","5","true","153","0.6303628393564736","25","true","153","0.6228354462916024","35","true","153","0.5694733240576708","45","true","153","0.34809872107498724","65","true","153","0.39227376211143455","75","true","153","0.2696986505964309","95","true","153","0.6062808012605064","105","true","153","0.43911578013213126","115","true","153","0.43011302309653515","125","true","153","0.40081295609561446","135","true"
"154","0.36780895482974857","0","true","154","0.3084786999803317","85","true","154","0.5994155564572761","55","true","154","0.49807318336377715","15","true","154","0.7299177384556428","5","true","154","0.6353371116057404","25","true","154","0.6272724347468156","35","true","154","0.5732640802298737","45","true","154","0.3501737260861811","65","true","154","0.3948735138164166","75","true","154","0.2715379703969415","95","true","154","0.6102683629378638","105","true","154","0.44201132427038287","115","true","154","0.43294925987801824","125","true","154","0.40340564977457655","135","true"
"155","0.36545120511930146","0","true","155","0.3065012724163553","85","true","155","0.5955731490440883","55","true","155","0.4948804065473427","15","true","155","0.7252387785937476","5","true","155","0.6312644378133959","25","true","155","0.6232514576010028","35","true","155","0.5695893104848104","45","true","155","0.34792902271383375","65","true","155","0.39234227334323446","75","true","155","0.2697973423815765","95","true","155","0.6063563862523647","105","true","155","0.4391779183455727","115","true","155","0.4301739441095694","125","true","155","0.40081971612217543","135","true"
"156","0.36883968608337037","0","true","156","0.3089276568844965","85","true","156","0.5992940121893238","55","true","156","0.498155697325577","15","true","156","0.7294985699088257","5","true","156","0.6346304450164308","25","true","156","0.6269037485817374","35","true","156","0.5728408502529261","45","true","156","0.3504497367426495","65","true","156","0.3947714210484247","75","true","156","0.271811065220578","95","true","156","0.6101445858359292","105","true","156","0.4418977659931643","115","true","156","0.43337996401479945","125","true","156","0.40346713294175324","135","true"
"157","0.3665052576904377","0","true","157","0.3069724185497845","85","true","157","0.5955010121121762","55","true","157","0.49500281316528855","15","true","157","0.7248814903524406","5","true","157","0.630613796630251","25","true","157","0.6229360033375492","35","true","157","0.5692152752513252","45","true","157","0.34823170043415175","65","true","157","0.39227286775064985","75","true","157","0.27009074202297945","95","true","157","0.6062829112420309","105","true","157","0.43910094468941013","115","true","157","0.4306370528501488","125","true","157","0.40091354349275476","135","true"
"158","0.3694715355765524","0","true","158","0.3095997448584541","85","true","158","0.5992571311956767","55","true","158","0.49838636456763696","15","true","158","0.7293598913438732","5","true","158","0.6353975203047918","25","true","158","0.6273014467031017","35","true","158","0.5728210932576451","45","true","158","0.35029143974352334","65","true","158","0.39477690752918776","75","true","158","0.2717539666135665","95","true","158","0.6102519511600886","105","true","158","0.4418837241584951","115","true","158","0.43318656473925593","125","true","158","0.40347280341769726","135","true"
"159","0.36716233847919894","0","true","159","0.3076647464530888","85","true","159","0.5955117741257037","55","true","159","0.4952714497890892","15","true","159","0.7248013920229741","5","true","159","0.6314262858028868","25","true","159","0.6233808126612074","35","true","159","0.5692409614247849","45","true","159","0.3481021182451263","65","true","159","0.39230955185713035","75","true","159","0.2700555043222317","95","true","159","0.606437876465338","105","true","159","0.4391219508825045","115","true","159","0.4304791487096356","125","true","159","0.40095109839633664","135","true"
"160","0.37035681246855323","0","true","160","0.3100640883414963","85","true","160","0.599183746908451","55","true","160","0.49864524754949907","15","true","160","0.7290519834160262","5","true","160","0.6346889051432385","25","true","160","0.6268927074310658","35","true","160","0.5723436824918242","45","true","160","0.350106361332271","65","true","160","0.3948907778353776","75","true","160","0.27188546442720396","95","true","160","0.6100511806246559","105","true","160","0.44168053165311066","115","true","160","0.433520962675678","125","true","160","0.4036117835663108","135","true"
"161","0.36807065930516714","0","true","161","0.30815011248753643","85","true","161","0.5954850818040778","55","true","161","0.4955671904658602","15","true","161","0.7245516625307421","5","true","161","0.6307710723954407","25","true","161","0.6230229993605038","35","true","161","0.5688106967974302","45","true","161","0.34794521095367675","65","true","161","0.3924531804413321","75","true","161","0.27020715909123355","95","true","161","0.6062854325961087","105","true","161","0.43895410861821493","115","true","161","0.43084490735051956","125","true","161","0.4011203528035558","135","true"
"162","0.3711933693796196","0","true","162","0.3108001856640132","85","true","162","0.5991814855765579","55","true","162","0.4987622830216883","15","true","162","0.7288810660782423","5","true","162","0.6355831754198492","25","true","162","0.6272432580901384","35","true","162","0.5723392437499666","45","true","162","0.35035418541746377","65","true","162","0.3947676504245145","75","true","162","0.2719539503761159","95","true","162","0.6101419002623857","105","true","162","0.44182597619856745","115","true","162","0.4336293646977686","125","true","162","0.40357237444540045","135","true"
"163","0.3689299951760853","0","true","163","0.30890506258069605","85","true","163","0.5955279399327984","55","true","163","0.4957210495886292","15","true","163","0.7244366693338627","5","true","163","0.631707668252655","25","true","163","0.6234186040773936","35","true","163","0.5688493703124669","45","true","163","0.34821787940882065","65","true","163","0.3923605306048528","75","true","163","0.2702956945811396","95","true","163","0.6064215228217613","105","true","163","0.4391319153680884","115","true","163","0.430985283205709","125","true","163","0.401111567284148","135","true"
"164","0.3720986681836847","0","true","164","0.31128939264857863","85","true","164","0.5990929581063162","55","true","164","0.4989523555546227","15","true","164","0.7286102532724771","5","true","164","0.6349339634568537","25","true","164","0.6269009973044344","35","true","164","0.5718817343388619","45","true","164","0.35020809720814944","65","true","164","0.39483272460243246","75","true","164","0.2721154163886578","95","true","164","0.6100243463429964","105","true","164","0.4416266924695657","115","true","164","0.433763527933548","125","true","164","0.4035832344348125","135","true"
"165","0.3698571099416143","0","true","165","0.3094141553434667","85","true","165","0.5954839643827843","55","true","165","0.49594661847296834","15","true","165","0.7242210348792694","5","true","165","0.6311090600625353","25","true","165","0.62312448527248","35","true","165","0.5684366636500736","45","true","165","0.3480984098755702","65","true","165","0.39245421421326115","75","true","165","0.2704761668923406","95","true","165","0.6063495008830988","105","true","165","0.4389662907077008","115","true","165","0.4311504946327435","125","true","165","0.40115201013098833","135","true"
"166","0.37280777739168736","0","true","166","0.3118390756562248","85","true","166","0.5990975294729846","55","true","166","0.49933926244423055","15","true","166","0.7284707751477175","5","true","166","0.6357130220286978","25","true","166","0.627251430793366","35","true","166","0.5718426687897232","45","true","166","0.3500488812742483","65","true","166","0.39486304351291873","75","true","166","0.2722115064437928","95","true","166","0.6100991586757029","105","true","166","0.4415969497938717","115","true","166","0.4338840252082488","125","true","166","0.40359689453740666","135","true"
"167","0.3705886834786416","0","true","167","0.3099828906820806","85","true","167","0.5955314727499311","55","true","167","0.49636700492968155","15","true","167","0.724134639581362","5","true","167","0.6319290159451937","25","true","167","0.6235177913243578","35","true","167","0.5684388433802606","45","true","167","0.3479652569809492","65","true","167","0.3925126682539133","75","true","167","0.2705911998578178","95","true","167","0.6064676160645379","105","true","167","0.43896839652128916","115","true","167","0.43130138220105685","125","true","167","0.40119453206992206","135","true"
"168","0.3737979024871155","0","true","168","0.3123685633062595","85","true","168","0.598991082285534","55","true","168","0.49934726974605487","15","true","168","0.7281313965896867","5","true","168","0.6351821412384525","25","true","168","0.6269145428535733","35","true","168","0.5713993708239704","45","true","168","0.3502701263097188","65","true","168","0.3948477510042706","75","true","168","0.27240810938501764","95","true","168","0.6100117809864499","105","true","168","0.4415116378848442","115","true","168","0.4341164603648439","125","true","168","0.4037159935336146","135","true"
"169","0.37159909129601476","0","true","169","0.3105311011691638","85","true","169","0.5954676053309131","55","true","169","0.4964099328651957","15","true","169","0.7238482707273944","5","true","169","0.6314457757017558","25","true","169","0.6232268102485522","35","true","169","0.5680381980544176","45","true","169","0.3482097138020146","65","true","169","0.3925251171748337","75","true","169","0.2708057087415764","95","true","169","0.6064234763924119","105","true","169","0.43891451060316866","115","true","169","0.43156283412740365","125","true","169","0.40134119357165216","135","true"
"170","0.37456185811595855","0","true","170","0.3130140139692465","85","true","170","0.5990009107675978","55","true","170","0.49970273973181867","15","true","170","0.7279904099149276","5","true","170","0.6361043257818552","25","true","170","0.6272779656987002","35","true","170","0.5713907933619674","45","true","170","0.3501280489883351","65","true","170","0.39484565267055954","75","true","170","0.27239967537444887","95","true","170","0.6100588083273599","105","true","170","0.44152719938064355","115","true","170","0.4342325674971768","125","true","170","0.40360702501975765","135","true"
"171","0.37238417289435416","0","true","171","0.31119416505082065","85","true","171","0.5955183473329024","55","true","171","0.4967974912450058","15","true","171","0.7237579075317013","5","true","171","0.6324060448180071","25","true","171","0.6236310007818473","35","true","171","0.5680687538656769","45","true","171","0.34809242079654246","65","true","171","0.392550038410847","75","true","171","0.2708159563315742","95","true","171","0.606511954790573","105","true","171","0.4389601807795933","115","true","171","0.43170795954661184","125","true","171","0.40126047254871255","135","true"
"172","0.3753824820450201","0","true","172","0.31340241898645205","85","true","172","0.5989446016517754","55","true","172","0.49992606480936624","15","true","172","0.7277038910471784","5","true","172","0.6354730685004368","25","true","172","0.626960515977751","35","true","172","0.5709463719968733","45","true","172","0.3499667142772905","65","true","172","0.3949667309097436","75","true","172","0.2723856018167414","95","true","172","0.6099794335550578","105","true","172","0.4413856760760038","115","true","172","0.43459103666094484","125","true","172","0.4036235592433572","135","true"
"173","0.3732251114585545","0","true","173","0.3116012556589437","85","true","173","0.5955023912974549","55","true","173","0.49705292650586413","15","true","173","0.7235216847767922","5","true","173","0.6318209244285953","25","true","173","0.6233572946215571","35","true","173","0.5676650710083855","45","true","173","0.3479554113216739","65","true","173","0.392696807168883","75","true","173","0.2708201673235417","95","true","173","0.6064738046265805","105","true","173","0.4388489767882107","115","true","173","0.4320933870249624","125","true","173","0.40130388361552183","135","true"
"174","0.37621914527144656","0","true","174","0.3140709431922658","85","true","174","0.5989189668600312","55","true","174","0.5000535975191863","15","true","174","0.727616903242825","5","true","174","0.6362756661700977","25","true","174","0.6272773269764401","35","true","174","0.5709366555313906","45","true","174","0.3501903158872687","65","true","174","0.3949094397344468","75","true","174","0.2724899108810912","95","true","174","0.610083207956963","105","true","174","0.44142610517389563","115","true","174","0.4347299612227448","125","true","174","0.4035907534443622","135","true"
"175","0.37408153649149517","0","true","175","0.3122864491968552","85","true","175","0.5955160181846901","55","true","175","0.4972123838969182","15","true","175","0.7234827162925817","5","true","175","0.6326604635214039","25","true","175","0.6237132512549831","35","true","175","0.5676926972613259","45","true","175","0.34820059818336374","65","true","175","0.392665636099592","75","true","175","0.270941672751085","95","true","175","0.6066168260935713","105","true","175","0.4389180023035894","115","true","175","0.4322599046248883","125","true","175","0.4012976241634283","135","true"
"176","0.37714040568061724","0","true","176","0.31456330649174996","85","true","176","0.5988433482931044","55","true","176","0.5003706812443514","15","true","176","0.7273045027083215","5","true","176","0.6358266348053017","25","true","176","0.6270287505858664","35","true","176","0.5705168182359652","45","true","176","0.3500444382943206","65","true","176","0.39498970454460597","75","true","176","0.27254398846385114","95","true","176","0.6100177586038265","105","true","176","0.44136626337377927","115","true","176","0.43494936623839364","125","true","176","0.40347952037384494","135","true"
"177","0.37502163935656885","0","true","177","0.31279609690471766","85","true","177","0.5954790598195476","55","true","177","0.49755961000140553","15","true","177","0.7232185223560276","5","true","177","0.6322545750592045","25","true","177","0.6235061171556088","35","true","177","0.5673116675717182","45","true","177","0.34807789650615023","65","true","177","0.3927706612606475","75","true","177","0.27101284246124524","95","true","177","0.6065906925442545","105","true","177","0.4388866776244884","115","true","177","0.4325058304730094","125","true","177","0.4012127814953402","135","true"
"178","0.37784548827243264","0","true","178","0.31507235891777197","85","true","178","0.5988502157301023","55","true","178","0.5008004279204447","15","true","178","0.7272048519806465","5","true","178","0.636626761065123","25","true","178","0.6274119571514523","35","true","178","0.5704966867317065","45","true","178","0.34988177668105","65","true","178","0.3950788778105897","75","true","178","0.2725062026692169","95","true","178","0.6100269960616799","105","true","178","0.4414594915910105","115","true","178","0.43510301082260594","125","true","178","0.4034651093882962","135","true"
"179","0.37574634667091916","0","true","179","0.31332195692378434","85","true","179","0.5955232700871573","55","true","179","0.4980182033208867","15","true","179","0.7231648250251985","5","true","179","0.6330899457258723","25","true","179","0.6239263351672775","35","true","179","0.567327260694308","45","true","179","0.34793798903282197","65","true","179","0.39288399515608646","75","true","179","0.2709922793210546","95","true","179","0.6066379571946705","105","true","179","0.43900693885994935","115","true","179","0.4326857718735915","125","true","179","0.40122363655836124","135","true"
"180","0.37873674284646547","0","true","180","0.31556900352784256","85","true","180","0.5987815793571664","55","true","180","0.5008941441360659","15","true","180","0.7268870131402224","5","true","180","0.6362241084345771","25","true","180","0.6271609657112127","35","true","180","0.5700942534812394","45","true","180","0.3500981289571586","65","true","180","0.39513129340840114","75","true","180","0.2726127983749326","95","true","180","0.6100091715065205","105","true","180","0.44142931516387846","115","true","180","0.43545538278184115","125","true","180","0.4036262412201073","135","true"
"181","0.37665577173192444","0","true","181","0.31383510790406316","85","true","181","0.5954915706793797","55","true","181","0.4981419785089447","15","true","181","0.7228931284526388","5","true","181","0.6327283715750465","25","true","181","0.6237150263391731","35","true","181","0.5669618674731007","45","true","181","0.34817451286398743","65","true","181","0.39296024234571764","75","true","181","0.271114925856389","95","true","181","0.6066574727619791","105","true","181","0.4390038793662747","115","true","181","0.43306277078853433","125","true","181","0.4014085146199969","135","true"
"182","0.37944132264222935","0","true","182","0.3161055121262534","85","true","182","0.5987847141997965","55","true","182","0.5011746075520295","15","true","182","0.7267601624797603","5","true","182","0.6369291724522723","25","true","182","0.6275327827261502","35","true","182","0.5701431776543573","45","true","182","0.3499526714688782","65","true","182","0.3951638200003766","75","true","182","0.2726191593631491","95","true","182","0.6100657178256743","105","true","182","0.4414537065330112","115","true","182","0.43546639922715674","125","true","182","0.4034398455137377","135","true"
"183","0.37737914154091284","0","true","183","0.3143875473864368","85","true","183","0.5955304494487107","55","true","183","0.4984508325109858","15","true","183","0.7228103789880225","5","true","183","0.6334676008628578","25","true","183","0.6241222784722037","35","true","183","0.5670445734279749","45","true","183","0.3480507547761126","65","true","183","0.3930161905438528","75","true","183","0.27113753349704506","95","true","183","0.6067501432722738","105","true","183","0.43905450160620135","115","true","183","0.4330997340139657","125","true","183","0.4012472376576848","135","true"
"184","0.38032611644588227","0","true","184","0.3164837940401727","85","true","184","0.5985908592148754","55","true","184","0.5015928436111301","15","true","184","0.7265005047107612","5","true","184","0.6365538552770551","25","true","184","0.6273016836415743","35","true","184","0.5697432458443537","45","true","184","0.34978548435926266","65","true","184","0.3952613861382199","75","true","184","0.2726137069643008","95","true","184","0.609966422013005","105","true","184","0.4412786844746796","115","true","184","0.4357134177567887","125","true","184","0.4035161838567398","135","true"
"185","0.3782813523789689","0","true","185","0.3147822682657631","85","true","185","0.595372628788989","55","true","185","0.4988961078927907","15","true","185","0.722594588018768","5","true","185","0.6331315227218021","25","true","185","0.6239290939445766","35","true","185","0.5666801101140077","45","true","185","0.3479049172390516","65","true","185","0.393136324922423","75","true","185","0.27114804187309494","95","true","185","0.6066870326473437","105","true","185","0.4389062184291168","115","true","185","0.43337087250003176","125","true","185","0.40134674200804765","135","true"
"186","0.38095811208125585","0","true","186","0.3169826708261417","85","true","186","0.5985475561647918","55","true","186","0.501798029070035","15","true","186","0.7264333878192143","5","true","186","0.6373592361296967","25","true","186","0.627651997645006","35","true","186","0.5697383575325283","45","true","186","0.34999300504813596","65","true","186","0.3952264801543621","75","true","186","0.2726641311362042","95","true","186","0.6100677284324262","105","true","186","0.44139420670484975","115","true","186","0.43584322785283425","125","true","186","0.40343695322049805","135","true"
"187","0.3789317391446534","0","true","187","0.3152965927898324","85","true","187","0.5953637925681705","55","true","187","0.49912889061753485","15","true","187","0.7225693804371972","5","true","187","0.6339690274268791","25","true","187","0.6243134231894475","35","true","187","0.5667078343541638","45","true","187","0.34813134012766717","65","true","187","0.39312421164290273","75","true","187","0.2712137900131393","95","true","187","0.606822687323743","105","true","187","0.4390463651798239","115","true","187","0.43352491281106387","125","true","187","0.4012910119799635","135","true"
"188","0.38201157763368687","0","true","188","0.3173189788710288","85","true","188","0.5983485809597405","55","true","188","0.502073231201989","15","true","188","0.7261908862373598","5","true","188","0.6370361846058558","25","true","188","0.6274429376662299","35","true","188","0.569442642109032","45","true","188","0.34985303007202406","65","true","188","0.3952213484697072","75","true","188","0.27271323212695897","95","true","188","0.6100152266307943","105","true","188","0.44117611002666124","115","true","188","0.4360039555468136","125","true","188","0.40323029046764275","135","true"
"189","0.38000099038298324","0","true","189","0.31564887898223387","85","true","189","0.5951993779020577","55","true","189","0.49943074051145225","15","true","189","0.7223688289413738","5","true","189","0.6336833625816144","25","true","189","0.6241406064153551","35","true","189","0.566445575571616","45","true","189","0.34801169833480283","65","true","189","0.39314123610934026","75","true","189","0.27127789932629076","95","true","189","0.6068046201748427","105","true","189","0.43885413050020516","115","true","189","0.4337091978860409","125","true","189","0.401108025780971","135","true"
"190","0.3825224711413429","0","true","190","0.31783041466943723","85","true","190","0.5983772779243232","55","true","190","0.502280279940095","15","true","190","0.7262098131509517","5","true","190","0.6376052597313762","25","true","190","0.6277664444997951","35","true","190","0.5693844122047028","45","true","190","0.34969213827890794","65","true","190","0.39534581079930087","75","true","190","0.27265117341598166","95","true","190","0.6099791933946488","105","true","190","0.4412285648057963","115","true","190","0.4362084640331215","125","true","190","0.40311725372350987","135","true"
"191","0.3805301666041484","0","true","191","0.31617504792636725","85","true","191","0.5952607296018007","55","true","191","0.4996642368154071","15","true","191","0.7224274703741238","5","true","191","0.6342843990036086","25","true","191","0.6244968276013587","35","true","191","0.5664188683911366","45","true","191","0.3478708250587053","65","true","191","0.3932867180347212","75","true","191","0.2712311152211067","95","true","191","0.6068022184290517","105","true","191","0.43893049936409945","115","true","191","0.43393654494961564","125","true","191","0.4010176846936999","135","true"
"192","0.3835878123305542","0","true","192","0.3181358149842609","85","true","192","0.5981499480135433","55","true","192","0.5025139795640837","15","true","192","0.7258362887464114","5","true","192","0.6373891062468441","25","true","192","0.627580569192758","35","true","192","0.5690405982734281","45","true","192","0.34989692294063185","65","true","192","0.395285609764948","75","true","192","0.2726690089125201","95","true","192","0.6100099105646989","105","true","192","0.44114613498557265","115","true","192","0.4364098998953752","125","true","192","0.4030534369899129","135","true"
"193","0.38161055556596374","0","true","193","0.31649593964929046","85","true","193","0.5950667008588343","55","true","193","0.499923701318908","15","true","193","0.7220948645776155","5","true","193","0.6341035953899016","25","true","193","0.6243456178051665","35","true","193","0.5661073993132558","45","true","193","0.34809333055433994","65","true","193","0.393248055075438","75","true","193","0.2712634985573009","95","true","193","0.6068655295824066","105","true","193","0.4388721858361625","115","true","193","0.4341603643289042","125","true","193","0.4009758419538824","135","true"
"194","0.3841429387857458","0","true","194","0.31864416916215427","85","true","194","0.5981531087811973","55","true","194","0.5027066576102565","15","true","194","0.7258541677284567","5","true","194","0.6379676053017135","25","true","194","0.6279500171881381","35","true","194","0.5690820233572068","45","true","194","0.34974392108198565","65","true","194","0.39527795449865855","75","true","194","0.27263480339274465","95","true","194","0.6100698685260411","105","true","194","0.4411571567147891","115","true","194","0.4365187075590409","125","true","194","0.40286188111893634","135","true"
"195","0.38218302583275726","0","true","195","0.3170184336052045","85","true","195","0.5951013072057831","55","true","195","0.5001418277244898","15","true","195","0.7221508301380054","5","true","195","0.6347126685399701","25","true","195","0.6247461905698313","35","true","195","0.5661785436462006","45","true","195","0.34795951332136327","65","true","195","0.39326123024101234","75","true","195","0.2712438094978837","95","true","195","0.6069572671560103","105","true","195","0.4389063548948157","115","true","195","0.43429157129598456","125","true","195","0.4008064633581254","135","true"
"196","0.38506980116231176","0","true","196","0.31902744690797347","85","true","196","0.5979194888349391","55","true","196","0.5030341898116817","15","true","196","0.7255887642812618","5","true","196","0.6376057882535136","25","true","196","0.6277441880759754","35","true","196","0.5687645833687955","45","true","196","0.3495876119262248","65","true","196","0.3953852844856979","75","true","196","0.27255794388884286","95","true","196","0.6099676190829587","105","true","196","0.44100260733403046","115","true","196","0.43672034969097884","125","true","196","0.4027724309166472","135","true"
"197","0.38312500418674456","0","true","197","0.31741619717611497","85","true","197","0.5948996934367828","55","true","197","0.5004936130954611","15","true","197","0.7219241745626697","5","true","197","0.6343855569997079","25","true","197","0.6245737628836725","35","true","197","0.565892034967943","45","true","197","0.3478220179265974","65","true","197","0.39338838910950746","75","true","197","0.27118138861667695","95","true","197","0.6068869745421357","105","true","197","0.43877532143840403","115","true","197","0.4345146913592062","125","true","197","0.4007382267200985","135","true"
"198","0.3856789538126936","0","true","198","0.3194980143706131","85","true","198","0.59788454218309","55","true","198","0.5031485558229049","15","true","198","0.725592818381504","5","true","198","0.6382706697059277","25","true","198","0.6282067508395409","35","true","198","0.5686870223812992","45","true","198","0.34978727269214477","65","true","198","0.39534263955942095","75","true","198","0.27258766255403716","95","true","198","0.6100429520429247","105","true","198","0.4411312957049422","115","true","198","0.43690680392599524","125","true","198","0.40269296557799505","135","true"
"199","0.38375055904363015","0","true","199","0.31790052429876003","85","true","199","0.5948951194721745","55","true","199","0.5006328130437904","15","true","199","0.7219648542895966","5","true","199","0.6350793163573981","25","true","199","0.6250657170853432","35","true","199","0.5658435872693927","45","true","199","0.3480383363286841","65","true","199","0.3933659263616239","75","true","199","0.271224724241267","95","true","199","0.6069927372827101","105","true","199","0.4389256392264175","115","true","199","0.43472226990636526","125","true","199","0.40067950075010506","135","true"
"200","0.3866690511921865","0","true","200","0.3199053197792915","85","true","200","0.597629823839647","55","true","200","0.5033692385808394","15","true","200","0.7253460131116499","5","true","200","0.6380146618669867","25","true","200","0.6280752994273763","35","true","200","0.5683346380223464","45","true","200","0.3496399291004083","65","true","200","0.3953511179742922","75","true","200","0.27260258591936365","95","true","200","0.6099795060795035","105","true","200","0.4409871237023256","115","true","200","0.4369600005238672","125","true","200","0.4024095973473159","135","true"
"201","0.38475484796846277","0","true","201","0.3183216300774138","85","true","201","0.5946712603552924","55","true","201","0.5008773116571719","15","true","201","0.7217551912645626","5","true","201","0.6348561734419027","25","true","201","0.6249660157668446","35","true","201","0.5655211002103546","45","true","201","0.3479090383622875","65","true","201","0.3933939342219442","75","true","201","0.2712530681672876","95","true","201","0.6069598055543574","105","true","201","0.4388040191295418","115","true","201","0.4347968322044421","125","true","201","0.4004174706277747","135","true"
"202","0.38716011548409585","0","true","202","0.3204227385621391","85","true","202","0.5976830801720566","55","true","202","0.5036851202845003","15","true","202","0.7251789338471688","5","true","202","0.6385693370547665","25","true","202","0.6284284654865239","35","true","202","0.5682548379421348","45","true","202","0.34949448987747067","65","true","202","0.3954581616989623","75","true","202","0.27253491831479015","95","true","202","0.6100089062881006","105","true","202","0.4410274054604811","115","true","202","0.43724610564971716","125","true","202","0.40220034809220945","135","true"
"203","0.38526227178074246","0","true","203","0.31885203886330504","85","true","203","0.5947532611516053","55","true","203","0.5012160755772234","15","true","203","0.7216241351518395","5","true","203","0.6354390952064588","25","true","203","0.6253479337929624","35","true","203","0.5654692750110459","45","true","203","0.34778128159375754","65","true","203","0.3935196412984772","75","true","203","0.2711989628328549","95","true","203","0.6070186665513941","105","true","203","0.43886550641410615","115","true","203","0.43510274238672836","125","true","203","0.4002287777584241","135","true"
"204","0.3880397924423376","0","true","204","0.32080668123847866","85","true","204","0.5973825117047337","55","true","204","0.5039411650895596","15","true","204","0.724954801998648","5","true","204","0.638367518264817","25","true","204","0.6283685844858169","35","true","204","0.5679232015562728","45","true","204","0.3496717136849647","65","true","204","0.39543296485489005","75","true","204","0.2725362790525082","95","true","204","0.6099363530107692","105","true","204","0.4409541434720255","115","true","204","0.43740567630717336","125","true","204","0.4020530827087229","135","true"
"205","0.38615610412951074","0","true","205","0.31924936725188413","85","true","205","0.5944825965993709","55","true","205","0.5014948487541734","15","true","205","0.7214356039306934","5","true","205","0.6352686468169295","25","true","205","0.6253182515514197","35","true","205","0.5651662928108541","45","true","205","0.3479742781816396","65","true","205","0.3935133873555945","75","true","205","0.27121328740662226","95","true","205","0.6069754969281926","105","true","205","0.4388135893775011","115","true","205","0.43528234778141034","125","true","205","0.40010136871499125","135","true"
"206","0.3886383279071303","0","true","206","0.3213303425166089","85","true","206","0.5974086788294931","55","true","206","0.5040981827458837","15","true","206","0.7247682299123486","5","true","206","0.6389674929605491","25","true","206","0.6287007893547235","35","true","206","0.5677927615681537","45","true","206","0.3495400063003232","65","true","206","0.3954757097566692","75","true","206","0.2725313481455586","95","true","206","0.6100135259756265","105","true","206","0.44106223830015184","115","true","206","0.43763932600737737","125","true","206","0.4017218415862732","135","true"
"207","0.3867698744075768","0","true","207","0.3197854851006637","85","true","207","0.5945365217197359","55","true","207","0.5016746337903746","15","true","207","0.7212837672685392","5","true","207","0.6358955338597773","25","true","207","0.6256781894059028","35","true","207","0.5650629886759991","45","true","207","0.34785952550080246","65","true","207","0.3935743842289929","75","true","207","0.2712211012794742","95","true","207","0.6070807686392052","105","true","207","0.43894174676986264","115","true","207","0.4355352907861881","125","true","207","0.3997904865786469","135","true"
"208","0.38934151248238075","0","true","208","0.3216954031386668","85","true","208","0.5971204727885737","55","true","208","0.5044647997238517","15","true","208","0.7244127733591558","5","true","208","0.6387625618691557","25","true","208","0.6284892600399505","35","true","208","0.5674454648523006","45","true","208","0.34939223475021036","65","true","208","0.3955142063213349","75","true","208","0.2724309925090242","95","true","208","0.6098983716570633","105","true","208","0.44102423842768057","115","true","208","0.4378057445368393","125","true","208","0.40153321268493386","135","true"
"209","0.3874875052800837","0","true","209","0.3201635202665779","85","true","209","0.594277041965771","55","true","209","0.5020625863918333","15","true","209","0.7209631887241121","5","true","209","0.6357208353840645","25","true","209","0.6254964540397603","35","true","209","0.5647433435910992","45","true","209","0.3477284622037808","65","true","209","0.3936308053388523","75","true","209","0.271133702068505","95","true","209","0.6069940936967915","105","true","209","0.4389241230065964","115","true","209","0.43572095527714005","125","true","209","0.39962114976738655","135","true"
"210","0.390028846913746","0","true","210","0.3222141525032071","85","true","210","0.5971124062998064","55","true","210","0.5047543391606499","15","true","210","0.7243328303756895","5","true","210","0.6393512948305844","25","true","210","0.6288851250029808","35","true","210","0.5672301010935517","45","true","210","0.34956620149761175","65","true","210","0.39547105465589427","75","true","210","0.27243507520284077","95","true","210","0.6099667768127363","105","true","210","0.4410257345667614","115","true","210","0.43800684565250486","125","true","210","0.40137911354653194","135","true"
"211","0.3881890882018887","0","true","211","0.3206942744253618","85","true","211","0.5942958383455621","55","true","211","0.502373422466496","15","true","211","0.7209161660814646","5","true","211","0.6363354868361005","25","true","211","0.6259186857340988","35","true","211","0.564554487409148","45","true","211","0.34791730432073625","65","true","211","0.39360562515280045","75","true","211","0.2711500040933934","95","true","211","0.6070895750353177","105","true","211","0.4389454244980503","115","true","211","0.4359407756258421","125","true","211","0.39948581584112375","135","true"
"212","0.39067815949473295","0","true","212","0.32270013425238275","85","true","212","0.5968416497616733","55","true","212","0.5050765913518162","15","true","212","0.7239927728860008","5","true","212","0.6391619780198144","25","true","212","0.6287056364634332","35","true","212","0.5668707585183301","45","true","212","0.3494014781093866","65","true","212","0.3954995556984716","75","true","212","0.2723712813619411","95","true","212","0.6099066370120302","105","true","212","0.4409776165314755","115","true","212","0.4382646147289933","125","true","212","0.40107844673173393","135","true"
"213","0.3888525606185893","0","true","213","0.32119218969980157","85","true","213","0.5940526700898898","55","true","213","0.5027164203641908","15","true","213","0.7206096290874681","5","true","213","0.6361752398047686","25","true","213","0.6257677596575293","35","true","213","0.5642218297402071","45","true","213","0.3477687609219595","65","true","213","0.3936514269335255","75","true","213","0.27109851836492266","95","true","213","0.6070566059979553","105","true","213","0.4389169734635714","115","true","213","0.43621664923960546","125","true","213","0.3992042483825202","135","true"
"214","0.391278286409095","0","true","214","0.32325417459736766","85","true","214","0.5969082150289452","55","true","214","0.5052075674417517","15","true","214","0.7236479494310761","5","true","214","0.63974023531369","25","true","214","0.6289695267307936","35","true","214","0.5666775743824763","45","true","214","0.3492472199931712","65","true","214","0.39558378643532593","75","true","214","0.2722957614514536","95","true","214","0.6099167721395189","105","true","214","0.44105860736231883","115","true","214","0.43839649903141625","125","true","214","0.40089642859164815","135","true"
"215","0.3894668128609048","0","true","215","0.3217576274927502","85","true","215","0.5941447510704778","55","true","215","0.5028686435184102","15","true","215","0.7202977274429693","5","true","215","0.6367784749650155","25","true","215","0.6260576307737067","35","true","215","0.5640540670936686","45","true","215","0.34763033471542504","65","true","215","0.39375238001664387","75","true","215","0.27103513292621545","95","true","215","0.6070930833796137","105","true","215","0.43901666936527106","115","true","215","0.4363668856099745","125","true","215","0.39904042660742756","135","true"
"216","0.3919728804230434","0","true","216","0.3236771555561077","85","true","216","0.5966280565187463","55","true","216","0.5056553023877546","15","true","216","0.7234276190191403","5","true","216","0.6395259952118386","25","true","216","0.6288175552799813","35","true","216","0.566345563961645","45","true","216","0.349417713141631","65","true","216","0.39548280344508907","75","true","216","0.2723133673408164","95","true","216","0.6098461609018493","105","true","216","0.4410677612034947","115","true","216","0.43869996514537013","125","true","216","0.4007009925757818","135","true"
"217","0.3901748396871579","0","true","217","0.3221923979618136","85","true","217","0.5938912305714126","55","true","217","0.5033357826520309","15","true","217","0.7201091437025388","5","true","217","0.6365923897292155","25","true","217","0.6259330710814494","35","true","217","0.5637476485306283","45","true","217","0.34781487959510976","65","true","217","0.3936686621448822","75","true","217","0.27106422345393194","95","true","217","0.607048701448171","105","true","217","0.4390445145924695","115","true","217","0.4366875799841528","125","true","217","0.39886291462818646","135","true"
"218","0.39262749037011674","0","true","218","0.3242769729792099","85","true","218","0.5966062300746577","55","true","218","0.5058344707178478","15","true","218","0.7231147479965917","5","true","218","0.6400344400840878","25","true","218","0.6291338313858549","35","true","218","0.5661555165789077","45","true","218","0.3492520919294444","65","true","218","0.39549613252497795","75","true","218","0.2722773916113939","95","true","218","0.6099045637375636","105","true","218","0.44106447433871954","115","true","218","0.4389111075264809","125","true","218","0.40045786859588306","135","true"
"219","0.39084281995934345","0","true","219","0.32280298673839525","85","true","219","0.5938943835743183","55","true","219","0.5035352231236757","15","true","219","0.7198278627784254","5","true","219","0.6371251926291602","25","true","219","0.6262741321522828","35","true","219","0.56358208241264","45","true","219","0.3476645824206742","65","true","219","0.3936984228316826","75","true","219","0.2710397671040694","95","true","219","0.6071322702660292","105","true","219","0.4390596358189981","115","true","219","0.4369160570377242","125","true","219","0.3986376055568109","135","true"
"220","0.39318941600405677","0","true","220","0.3247605599069493","85","true","220","0.5964039791401091","55","true","220","0.5062455351621359","15","true","220","0.7228080282259913","5","true","220","0.6398761948744268","25","true","220","0.6289454680711125","35","true","220","0.5658030555945698","45","true","220","0.349143960341213","65","true","220","0.3955103449518703","75","true","220","0.2722310597539669","95","true","220","0.6097881525602561","105","true","220","0.4410253366539274","115","true","220","0.4391406410573878","125","true","220","0.4001996958305193","135","true"
"221","0.391418292508543","0","true","221","0.323297674501963","85","true","221","0.5937174747295682","55","true","221","0.5039651498686127","15","true","221","0.7195521362069554","5","true","221","0.6369938696722898","25","true","221","0.6261123803770985","35","true","221","0.5632543931819817","45","true","221","0.34757123979913546","65","true","221","0.39372876682145647","75","true","221","0.2710047937190391","95","true","221","0.6070413590802549","105","true","221","0.4390387360383691","115","true","221","0.43716253006163386","125","true","221","0.3983969944979494","135","true"
"222","0.3939653216035836","0","true","222","0.3252622325434606","85","true","222","0.5963449822832563","55","true","222","0.5063938780620554","15","true","222","0.7225885864090545","5","true","222","0.6404789961140072","25","true","222","0.6292580635642688","35","true","222","0.5656253185195214","45","true","222","0.3493138002743792","65","true","222","0.39540335655969533","75","true","222","0.2722308202209022","95","true","222","0.6098544186073857","105","true","222","0.44111408122877166","115","true","222","0.43929428495046485","125","true","222","0.40002338767289397","135","true"
"223","0.3922065478464247","0","true","223","0.32381016900532017","85","true","223","0.5936827278980632","55","true","223","0.5041331911064213","15","true","223","0.7193627445054428","5","true","223","0.6376197148813554","25","true","223","0.6264488757804998","35","true","223","0.5631002054904163","45","true","223","0.3477543636660114","65","true","223","0.39363816300362525","75","true","223","0.2710155040592018","95","true","223","0.6071318542386027","105","true","223","0.4391448219375718","115","true","223","0.43733314974979315","125","true","223","0.3982375689779257","135","true"
"224","0.39453071585203986","0","true","224","0.32572294846469296","85","true","224","0.5961218211267875","55","true","224","0.506765396803313","15","true","224","0.7223017483429575","5","true","224","0.6401724627574664","25","true","224","0.6290996845466942","35","true","224","0.5653224440237201","45","true","224","0.349171545239785","65","true","224","0.39536084203999716","75","true","224","0.2722176542443319","95","true","224","0.6097946302863055","105","true","224","0.44106515766137044","115","true","224","0.4396503951602251","125","true","224","0.3996821632667652","135","true"
"225","0.3927850047199512","0","true","225","0.32428169648033595","85","true","225","0.5934841139536602","55","true","225","0.5045230720386965","15","true","225","0.7191057229078116","5","true","225","0.6373398412408404","25","true","225","0.6263160576239212","35","true","225","0.5628210172802524","45","true","225","0.34762653840244084","65","true","225","0.393611457783183","75","true","225","0.2710131513494455","95","true","225","0.6070964239576051","105","true","225","0.43911354191950597","115","true","225","0.4377050394294276","125","true","225","0.39791365811956714","135","true"
"226","0.3952425972447448","0","true","226","0.32627765551095933","85","true","226","0.596086142587217","55","true","226","0.5069754825076846","15","true","226","0.7219905448367148","5","true","226","0.6407277704411009","25","true","226","0.6293742315253193","35","true","226","0.5651478995298157","45","true","226","0.34907364722987183","65","true","226","0.3953044390845836","75","true","226","0.2721385471183852","95","true","226","0.6098119123299023","105","true","226","0.4410725878029702","115","true","226","0.43981712158690445","125","true","226","0.39942847382983265","135","true"
"227","0.39350907708139066","0","true","227","0.32484661316222707","85","true","227","0.5934717296811327","55","true","227","0.5047519058300194","15","true","227","0.7188239196400625","5","true","227","0.6379175609216223","25","true","227","0.6266138182291556","35","true","227","0.5626691806722287","45","true","227","0.34754262246131973","65","true","227","0.3935706476850898","75","true","227","0.27094495699944493","95","true","227","0.6071372986793325","105","true","227","0.4391380589090975","115","true","227","0.437888099123804","125","true","227","0.3976765945586492","135","true"
"228","0.3958547164478819","0","true","228","0.3267050175611672","85","true","228","0.5958514976700717","55","true","228","0.5073773601817632","15","true","228","0.7217594539841204","5","true","228","0.6406226171146251","25","true","228","0.6291979204576046","35","true","228","0.5648584762814878","45","true","228","0.34924128616609157","65","true","228","0.39519611978784036","75","true","228","0.2721592917866882","95","true","228","0.6097447568105412","105","true","228","0.4410905325812679","115","true","228","0.44008565338233285","125","true","228","0.39923873252782094","135","true"
"229","0.39413360898506505","0","true","229","0.32528456096307523","85","true","229","0.5932608389845496","55","true","229","0.5051713716592338","15","true","229","0.7186213694015807","5","true","229","0.6378373013880397","25","true","229","0.6264622773251802","35","true","229","0.5624025698628726","45","true","229","0.3477228457914564","65","true","229","0.3934778757887628","75","true","229","0.2709759905180504","95","true","229","0.6070936926504954","105","true","229","0.43917274765700154","115","true","229","0.43817223749806183","125","true","229","0.397502911951613","135","true"
"230","0.39627195493769757","0","true","230","0.3272601530073932","85","true","230","0.5957757832481926","55","true","230","0.5075792999183677","15","true","230","0.721466825819011","5","true","230","0.6411298846889024","25","true","230","0.6294863559552564","35","true","230","0.5647424957782354","45","true","230","0.34912638154196635","65","true","230","0.3952021264917784","75","true","230","0.2721280366717382","95","true","230","0.6098121570496023","105","true","230","0.44105817960239546","115","true","230","0.440289118909367","125","true","230","0.39885334439257925","135","true"
"231","0.3945638861664144","0","true","231","0.3258495488996027","85","true","231","0.5932077841824677","55","true","231","0.5053914581083747","15","true","231","0.7183570550180669","5","true","231","0.6383663938066227","25","true","231","0.6267730526968286","35","true","231","0.5623082608826396","45","true","231","0.34762152644911304","65","true","231","0.39349866905000347","75","true","231","0.27095507099642896","95","true","231","0.6071836563726645","105","true","231","0.4391570667592817","115","true","231","0.4383913209830335","125","true","231","0.39713414894261123","135","true"
"232","0.3969559387343081","0","true","232","0.3277555202127104","85","true","232","0.5955673101040125","55","true","232","0.5079718518171985","15","true","232","0.7212300999549066","5","true","232","0.6408315214471064","25","true","232","0.6293080086671075","35","true","232","0.5645092198786467","45","true","232","0.3490289150273382","65","true","232","0.3952410867466265","75","true","232","0.2720911597541248","95","true","232","0.6097095537212808","105","true","232","0.4410518926645369","115","true","232","0.44047761374361405","125","true","232","0.3986546654969677","135","true"
"233","0.3952595458337342","0","true","233","0.3263548555964168","85","true","233","0.5930221506591237","55","true","233","0.5058010319376378","15","true","233","0.7181479200405694","5","true","233","0.638092925201606","25","true","233","0.6266186582027181","35","true","233","0.5620967873150627","45","true","233","0.3475373384673923","65","true","233","0.39355202227335034","75","true","233","0.27092837702013284","95","true","233","0.6071039573378565","105","true","233","0.4391670555163979","115","true","233","0.4385952307788978","125","true","233","0.396951013080314","135","true"
"234","0.39748322510576145","0","true","234","0.32826560405604793","85","true","234","0.595424714331332","55","true","234","0.508274411915986","15","true","234","0.7209312818711321","5","true","234","0.6413758867345736","25","true","234","0.6295817830034048","35","true","234","0.5644393242318095","45","true","234","0.34920227966699807","65","true","234","0.3950792024812938","75","true","234","0.2720821964867237","95","true","234","0.6097854495184467","105","true","234","0.44111225596618675","115","true","234","0.44066078772564954","125","true","234","0.3984446673014555","135","true"
"235","0.39579897415192344","0","true","235","0.3268746481066579","85","true","235","0.592901728253657","55","true","235","0.5061207067807487","15","true","235","0.7178764883038815","5","true","235","0.6386581922992577","25","true","235","0.6269140635838989","35","true","235","0.5620476321799799","45","true","235","0.347722608990443","65","true","235","0.3934051380640002","75","true","235","0.2709293058236444","95","true","235","0.6072016128679447","105","true","235","0.43924313623751643","115","true","235","0.4387935809979985","125","true","235","0.3967563424400086","135","true"
"236","0.39802693024332875","0","true","236","0.32868727163631334","85","true","236","0.5951656965861051","55","true","236","0.5086552360415632","15","true","236","0.7207216533540922","5","true","236","0.6411711386336724","25","true","236","0.6294652907859101","35","true","236","0.5642095538921013","45","true","236","0.34909067900831653","65","true","236","0.3951146315049485","75","true","236","0.27205138463161244","95","true","236","0.6097233170146598","105","true","236","0.4410096828328952","115","true","236","0.44084359510902765","125","true","236","0.3981176167121282","135","true"
"237","0.3963545481834828","0","true","237","0.32730623267985826","85","true","237","0.5926650003819618","55","true","237","0.5065180291674389","15","true","237","0.7176934111131087","5","true","237","0.6384771422528586","25","true","237","0.6268204786397508","35","true","237","0.5618389255144034","45","true","237","0.34762391144945803","65","true","237","0.3934544859944235","75","true","237","0.2709083115869418","95","true","237","0.6071614543381276","105","true","237","0.4391567009722528","115","true","237","0.4389913110959645","125","true","237","0.39644485361669907","135","true"
"238","0.39852630470734884","0","true","238","0.3292093219769818","85","true","238","0.5948493841300493","55","true","238","0.5088023672173919","15","true","238","0.7204791145468402","5","true","238","0.6416590297398703","25","true","238","0.629729287556869","35","true","238","0.5641400651474359","45","true","238","0.34901730119454155","65","true","238","0.39505753969319507","75","true","238","0.27198635596113035","95","true","238","0.609735287344066","105","true","238","0.44099798437579246","115","true","238","0.4409001314628775","125","true","238","0.3979144087833369","135","true"
"239","0.3968657784377349","0","true","239","0.3278376164687443","85","true","239","0.5923708450295074","55","true","239","0.506682357353986","15","true","239","0.7174771182362284","5","true","239","0.6389854504492876","25","true","239","0.627105415525382","35","true","239","0.5617894815426548","45","true","239","0.3475630624395643","65","true","239","0.3934114666111401","75","true","239","0.27085307947795895","95","true","239","0.607194723646799","105","true","239","0.43916049277422664","115","true","239","0.43906304758178216","125","true","239","0.396256432080073","135","true"
"240","0.39899441167628114","0","true","240","0.3296364036401127","85","true","240","0.5946034727385816","55","true","240","0.5093110980575791","15","true","240","0.7202167677971729","5","true","240","0.6415484943187933","25","true","240","0.6296037040941272","35","true","240","0.5639252525259847","45","true","240","0.34918832318888193","65","true","240","0.3950102172932819","75","true","240","0.2719477095937735","95","true","240","0.6096985690404351","105","true","240","0.44102317582418554","115","true","240","0.44116957028389286","125","true","240","0.397724091952254","135","true"
"241","0.3973456744379494","0","true","241","0.3282742697407734","85","true","241","0.5921464335950337","55","true","241","0.5072065067432916","15","true","241","0.7172406654509036","5","true","241","0.6388974674827653","25","true","241","0.6270020358953912","35","true","241","0.5615949828874475","45","true","241","0.34774539623355594","65","true","241","0.393377943668103","75","true","241","0.27082395872768356","95","true","241","0.6071791534658879","105","true","241","0.43920076600673025","115","true","241","0.43934655553065366","125","true","241","0.39608060396898026","135","true"
"242","0.3994426708119182","0","true","242","0.3302212410338912","85","true","242","0.5942905986181025","55","true","242","0.5095482187449593","15","true","242","0.7200150029318968","5","true","242","0.6419607358025514","25","true","242","0.6298607774013938","35","true","242","0.5638611139335524","45","true","242","0.34907959297015234","65","true","242","0.3949862654807945","75","true","242","0.2718299455520202","95","true","242","0.6097429572972487","105","true","242","0.4409410834273306","115","true","242","0.44125686544492887","125","true","242","0.39728395732309946","135","true"
"243","0.3978056106856398","0","true","243","0.32886787529194905","85","true","243","0.5918549814106513","55","true","243","0.5074599063730537","15","true","243","0.7170641217723398","5","true","243","0.6393297491804097","25","true","243","0.6272793807726996","35","true","243","0.5615502077289067","45","true","243","0.3476489389006025","65","true","243","0.39336746931079125","75","true","243","0.27071588839811855","95","true","243","0.6072440107509486","105","true","243","0.4391339478395137","115","true","243","0.4394484356685152","125","true","243","0.3956557443832507","135","true"
"244","0.40001475253998786","0","true","244","0.33068688442726824","85","true","244","0.5940918267436894","55","true","244","0.5099471094019709","15","true","244","0.7197631019839373","5","true","244","0.6418916872723651","25","true","244","0.6297000766805215","35","true","244","0.5636429724815856","45","true","244","0.34904464976263916","65","true","244","0.39502385517588384","75","true","244","0.2717356726422008","95","true","244","0.6096561877787291","105","true","244","0.4409512580077287","115","true","244","0.4414764268712804","125","true","244","0.39699518026518116","135","true"
"245","0.3983886763101505","0","true","245","0.3293426287995151","85","true","245","0.5916768193179022","55","true","245","0.5078741536726945","15","true","245","0.71683723571571","5","true","245","0.639282371470445","25","true","245","0.6271403202712511","35","true","245","0.5613517408861319","45","true","245","0.3476257690725471","65","true","245","0.39341806714671357","75","true","245","0.27063105608674465","95","true","245","0.6071779105926367","105","true","245","0.4391587732190794","115","true","245","0.43968180724985245","125","true","245","0.3953813787193877","135","true"
"246","0.4004404365330706","0","true","246","0.3312335940438613","85","true","246","0.5938570562149025","55","true","246","0.5102034311224671","15","true","246","0.719513949072118","5","true","246","0.64246204397634","25","true","246","0.6299464277915972","35","true","246","0.5636186596116262","45","true","246","0.34920479092806994","65","true","246","0.3949010155947007","75","true","246","0.27168673118372055","95","true","246","0.6097315259760993","105","true","246","0.4409407635776559","115","true","246","0.4416125811412815","125","true","246","0.39659676318152204","135","true"
"247","0.39882575735350173","0","true","247","0.32989797471303933","85","true","247","0.5914624713108101","55","true","247","0.5081461592227797","15","true","247","0.7166126831484401","5","true","247","0.6398714712183708","25","true","247","0.6274063212279214","35","true","247","0.5613460037260954","45","true","247","0.34779670709368254","65","true","247","0.39330867278988335","75","true","247","0.270591220170883","95","true","247","0.6072729311132924","105","true","247","0.439162776627746","115","true","247","0.4398318852495828","125","true","247","0.3949975826848223","135","true"
"248","0.4008244065830131","0","true","248","0.3316680155361098","85","true","248","0.5936031608518383","55","true","248","0.5105558084137674","15","true","248","0.719280303825","5","true","248","0.6423138346835514","25","true","248","0.629799281620731","35","true","248","0.5634113603548793","45","true","248","0.3491066926967661","65","true","248","0.3949203764890865","75","true","248","0.27167767607141763","95","true","248","0.609666760792015","105","true","248","0.4409231473634272","115","true","248","0.4419401534367912","125","true","248","0.3961198965249112","135","true"
"249","0.39922110895668106","0","true","249","0.3303413434739654","85","true","249","0.591228748208431","55","true","249","0.5085135851801122","15","true","249","0.7164031826097","5","true","249","0.6397445793448172","25","true","249","0.6272800844942481","35","true","249","0.5611577149134597","45","true","249","0.34771026592597903","65","true","249","0.3933406949831302","75","true","249","0.27059096536713195","95","true","249","0.6072280937488469","105","true","249","0.43915945477397345","115","true","249","0.4401723928230441","125","true","249","0.39453541693881156","135","true"
"250","0.40134313323397","0","true","250","0.33231013136972193","85","true","250","0.5934105459304373","55","true","250","0.5107460480537004","15","true","250","0.7190721750238769","5","true","250","0.642689030402051","25","true","250","0.6300418504986718","35","true","250","0.563375122797806","45","true","250","0.3490723688509734","65","true","250","0.39490506937980013","75","true","250","0.27161123284046085","95","true","250","0.6096995830354243","105","true","250","0.44090830238451506","115","true","250","0.4420680626119799","125","true","250","0.39580054900408757","135","true"
"251","0.3997505017528828","0","true","251","0.33099144037222306","85","true","251","0.5910557421767452","55","true","251","0.5087192780217413","15","true","251","0.7162187140118773","5","true","251","0.6401386771068048","25","true","251","0.6275416844252644","35","true","251","0.561139507231148","45","true","251","0.34768716103807273","65","true","251","0.3933379857711501","75","true","251","0.27053341048791935","95","true","251","0.6072801402456012","105","true","251","0.4391586662639416","115","true","251","0.4403138242682816","125","true","251","0.394229911904865","135","true"
"252","0.4017016367766099","0","true","252","0.33272048931532777","85","true","252","0.5931381307725744","55","true","252","0.5111434660529809","15","true","252","0.7188011207461587","5","true","252","0.642703057985735","25","true","252","0.6299023023473427","35","true","252","0.5631773089068333","45","true","252","0.3492357070213874","65","true","252","0.3947879662799723","75","true","252","0.27156680576542597","95","true","252","0.6096670527078188","105","true","252","0.4409073528493348","115","true","252","0.44227411971725394","125","true","252","0.3954416688708831","135","true"
"253","0.40012013426961535","0","true","253","0.33141056612904696","85","true","253","0.5908029412813438","55","true","253","0.5091310902023786","15","true","253","0.7159711950739297","5","true","253","0.6401727309857911","25","true","253","0.6274223720231406","35","true","253","0.5609600754072","45","true","253","0.34786076329295673","65","true","253","0.3932336829481614","75","true","253","0.27049764511280616","95","true","253","0.6072667887207801","105","true","253","0.4391714971294555","115","true","253","0.44053288302545374","125","true","253","0.3938848119068245","135","true"
"254","0.40200853097343897","0","true","254","0.33331067042373685","85","true","254","0.5928898757566973","55","true","254","0.5113513785429347","15","true","254","0.7185972686903702","5","true","254","0.6431432317353681","25","true","254","0.6301724932715875","35","true","254","0.5631539944735017","45","true","254","0.34916328767556837","65","true","254","0.39476551440640184","75","true","254","0.2714970803062299","95","true","254","0.6097170716251685","105","true","254","0.44088175959483883","115","true","254","0.44241976611439404","125","true","254","0.3949316980819364","135","true"
"255","0.400438185149324","0","true","255","0.3320086756173941","85","true","255","0.5905738996795227","55","true","255","0.5093539122205014","15","true","255","0.7157902481095485","5","true","255","0.6406309534864019","25","true","255","0.6277108819697453","35","true","255","0.5609541741825895","45","true","255","0.3477993685830857","65","true","255","0.39322346161575183","75","true","255","0.27043654483628365","95","true","255","0.6073353643141327","105","true","255","0.43915956522142147","115","true","255","0.4406915639030097","125","true","255","0.39338899613630385","135","true"
"256","0.40236217279319597","0","true","256","0.3337660331503154","85","true","256","0.5926638903317467","55","true","256","0.5117144763059138","15","true","256","0.718432892963246","5","true","256","0.6430115832714716","25","true","256","0.6300707798648653","35","true","256","0.562948978185771","45","true","256","0.3491385508257833","65","true","256","0.3947952467518314","75","true","256","0.2714334339222538","95","true","256","0.6096432957142389","105","true","256","0.44091702416068274","115","true","256","0.44262351794334975","125","true","256","0.3945712578874297","135","true"
"257","0.400802629487796","0","true","257","0.33247236635515914","85","true","257","0.5903667434699957","55","true","257","0.5097310868628676","15","true","257","0.7156482693471093","5","true","257","0.640519290313055","25","true","257","0.6276286450591875","35","true","257","0.5607670054021053","45","true","257","0.34778530062878416","65","true","257","0.3932650326171344","75","true","257","0.27038136634891174","95","true","257","0.6072803372037187","105","true","257","0.43920804344688164","115","true","257","0.4409079229125616","125","true","257","0.39304191192662574","135","true"
"258","0.4026907075391162","0","true","258","0.33437852463000484","85","true","258","0.5923882032307355","55","true","258","0.5118576237351599","15","true","258","0.7182630695754572","5","true","258","0.643431405847043","25","true","258","0.6303339979847492","35","true","258","0.5629317908057743","45","true","258","0.349297594042637","65","true","258","0.39469399151587015","75","true","258","0.2713866506974721","95","true","258","0.6097006701067545","105","true","258","0.4409654101334351","115","true","258","0.44276946502914677","125","true","258","0.3941427448338938","135","true"
"259","0.4011418971255042","0","true","259","0.3330924533814279","85","true","259","0.5901097870644635","55","true","259","0.5098889405669477","15","true","259","0.7155005193078592","5","true","259","0.6409566696707082","25","true","259","0.6279096364540386","35","true","259","0.5607666685334444","45","true","259","0.3479541417578576","65","true","259","0.3931759377023476","75","true","259","0.27034285588709717","95","true","259","0.6073556675294209","105","true","259","0.4392693893252296","115","true","259","0.44106650554826543","125","true","259","0.39262681119991727","135","true"
"260","0.40307397687315244","0","true","260","0.33479845047798207","85","true","260","0.5921834734416251","55","true","260","0.5122170789431064","15","true","260","0.7180552519435098","5","true","260","0.6433984409732284","25","true","260","0.6302287787794142","35","true","260","0.562739219635948","45","true","260","0.349240350924404","65","true","260","0.3947004933903431","75","true","260","0.2712668167514436","95","true","260","0.6096485510537968","105","true","260","0.440968793786941","115","true","260","0.44304691712235755","125","true","260","0.39369660973654214","135","true"
"261","0.40153552657974345","0","true","261","0.3335205937967684","85","true","261","0.5899232311765807","55","true","261","0.5102620519242396","15","true","261","0.7153145830429621","5","true","261","0.6409427217328726","25","true","261","0.6278233254252943","35","true","261","0.5605913600190169","45","true","261","0.34790737248576126","65","true","261","0.3931940029575555","75","true","261","0.27023144722185793","95","true","261","0.6073216481871793","105","true","261","0.4392857067877542","115","true","261","0.44135589835471495","125","true","261","0.39219395092075376","135","true"
"262","0.403329321507301","0","true","262","0.3354061602183295","85","true","262","0.5919543942923953","55","true","262","0.512450726260074","15","true","262","0.7178770634282425","5","true","262","0.643740393602792","25","true","262","0.6304917988961092","35","true","262","0.5627074921354426","45","true","262","0.349210076253299","65","true","262","0.3947093293545162","75","true","262","0.27129561030134897","95","true","262","0.6096815457732593","105","true","262","0.4410012377747013","115","true","262","0.44307047493845336","125","true","262","0.39328938820777937","135","true"
"263","0.40180155892583397","0","true","263","0.3341356823387146","85","true","263","0.5897121427988634","55","true","263","0.5105096250242404","15","true","263","0.7151578321273779","5","true","263","0.6413019830209633","25","true","263","0.628103572385139","35","true","263","0.5605760243622022","45","true","263","0.34788731081294555","65","true","263","0.39321421825847636","75","true","263","0.27026797541384384","95","true","263","0.6073721459786636","105","true","263","0.4393307785407062","115","true","263","0.44139217768489863","125","true","263","0.3917996556766893","135","true"
"264","0.40369219853800775","0","true","264","0.3357960009369861","85","true","264","0.5917257020001812","55","true","264","0.5127864558760664","15","true","264","0.7177488342235915","5","true","264","0.6437600121716447","25","true","264","0.6304303343516828","35","true","264","0.5625249180860439","45","true","264","0.3493556190481092","65","true","264","0.3945503454957155","75","true","264","0.271252880816014","95","true","264","0.6096643056426988","105","true","264","0.4410666069929164","115","true","264","0.4432994514116543","125","true","264","0.39288225654308667","135","true"
"265","0.4021745586938799","0","true","265","0.33453360995601994","85","true","265","0.5895011692858947","55","true","265","0.5108586872449534","15","true","265","0.7150505303355329","5","true","265","0.6413398617499468","25","true","265","0.6280602955007367","35","true","265","0.5604101627548934","45","true","265","0.3480422520592065","65","true","265","0.3930670735201677","75","true","265","0.2702331331437734","95","true","265","0.6073723345688541","105","true","265","0.4394084618538453","115","true","265","0.44163291212063305","125","true","265","0.391405255578639","135","true"
"266","0.4038840132010379","0","true","266","0.3363769189911391","85","true","266","0.5914996245618346","55","true","266","0.5129753323835798","15","true","266","0.7175945120741717","5","true","266","0.6440841064639463","25","true","266","0.6306747179268175","35","true","266","0.5625003087150386","45","true","266","0.34933428242042336","65","true","266","0.3945458679949229","75","true","266","0.27117088609750833","95","true","266","0.6097119002945611","105","true","266","0.441035643040971","115","true","266","0.44340115894918086","125","true","266","0.39234547466112824","135","true"
"267","0.402376983301034","0","true","267","0.33512178123370945","85","true","267","0.5892925364104844","55","true","267","0.511061245322447","15","true","267","0.7149169206112084","5","true","267","0.6416808075592301","25","true","267","0.6283214540539562","35","true","267","0.560401426966102","45","true","267","0.3480307962919889","65","true","267","0.393073681920315","75","true","267","0.2701590544329654","95","true","267","0.607436855890477","105","true","267","0.43938998765648973","115","true","267","0.44174667701280335","125","true","267","0.3908814990094076","135","true"
"268","0.40420866435024494","0","true","268","0.33684493916105057","85","true","268","0.5912538561754392","55","true","268","0.5133488568880121","15","true","268","0.7173604277402017","5","true","268","0.6440299036906516","25","true","268","0.6306317649181299","35","true","268","0.5623025950018699","45","true","268","0.34929661988572613","65","true","268","0.39448035895293837","75","true","268","0.2711139493521803","95","true","268","0.609640090249647","105","true","268","0.44101351184158455","115","true","268","0.4436475109988161","125","true","268","0.3918632499679248","135","true"
"269","0.40271159522302186","0","true","269","0.33559736531230594","85","true","269","0.5890640270784931","55","true","269","0.5114475648254639","15","true","269","0.7147035372670899","5","true","269","0.6416446077510566","25","true","269","0.6282960917147293","35","true","269","0.5602199927981593","45","true","269","0.34800292870096416","65","true","269","0.393019320586446","75","true","269","0.2701098236138389","95","true","269","0.6073821639894632","105","true","269","0.4393801284643935","115","true","269","0.44200437206919085","125","true","269","0.3904119045976732","135","true"
"270","0.40452173608575387","0","true","270","0.3374096040722966","85","true","270","0.5909872929772434","55","true","270","0.5135307789434053","15","true","270","0.7172454024395956","5","true","270","0.6445011017509236","25","true","270","0.6308738868380924","35","true","270","0.5622979831381609","45","true","270","0.34941890314764784","65","true","270","0.39434053675586733","75","true","270","0.2710598722375302","95","true","270","0.6097150338860509","105","true","270","0.4410709704558696","115","true","270","0.4437117991847351","125","true","270","0.3914421810594024","135","true"
"271","0.40303452382073274","0","true","271","0.33616912758673667","85","true","271","0.5888145455765919","55","true","271","0.5116427981384662","15","true","271","0.7146084708129794","5","true","271","0.642131612406251","25","true","271","0.6285544975482464","35","true","271","0.5602307111413294","45","true","271","0.3481342748272521","65","true","271","0.3928907553707355","75","true","271","0.2700633285895981","95","true","271","0.6074734344967638","105","true","271","0.43944938600566424","115","true","271","0.44208050580537944","125","true","271","0.39000305539374286","135","true"
"272","0.40479858314756206","0","true","272","0.33784148310729434","85","true","272","0.5907852778595792","55","true","272","0.5138573542438174","15","true","272","0.71706314479496","5","true","272","0.6444531404342901","25","true","272","0.6308424395696217","35","true","272","0.5621156972222134","45","true","272","0.3493970575711603","65","true","272","0.3942718475947721","75","true","272","0.2709407023742348","95","true","272","0.6096510112492793","105","true","272","0.4410095137219188","115","true","272","0.44397761971993693","125","true","272","0.3909223331896077","135","true"
"273","0.4033212160557827","0","true","273","0.33660848499376406","85","true","273","0.5886291272104567","55","true","273","0.5119819624400078","15","true","273","0.714446126018336","5","true","273","0.642101121673581","25","true","273","0.6285400948996596","35","true","273","0.5600641800790667","45","true","273","0.34812188582819986","65","true","273","0.39283289924588605","75","true","273","0.26995186769403684","95","true","273","0.6074260075585886","105","true","273","0.4393999899492111","115","true","273","0.4423572634435868","125","true","273","0.38949560934585004","135","true"
"274","0.4049921825952431","0","true","274","0.33841738602161436","85","true","274","0.5906343336316989","55","true","274","0.5140477038450092","15","true","274","0.7169259007104156","5","true","274","0.6447744937987709","25","true","274","0.6310580805617046","35","true","274","0.56213159946464","45","true","274","0.3493683256935405","65","true","274","0.3942332548552777","75","true","274","0.27087353688516924","95","true","274","0.6096750055712591","105","true","274","0.44100389126107226","115","true","274","0.4439878622898612","125","true","274","0.3905496613112867","135","true"
"275","0.40352481961482556","0","true","275","0.3371912360722607","85","true","275","0.5884943541620188","55","true","275","0.5121852121644114","15","true","275","0.714328343099146","5","true","275","0.6424383543284855","25","true","275","0.6287716382408289","35","true","275","0.5600948907709276","45","true","275","0.3481024984265349","65","true","275","0.3928048734971064","75","true","275","0.26989211102688965","95","true","275","0.6074660381597691","105","true","275","0.43940605107534375","115","true","275","0.44237921061489793","125","true","275","0.38913462630653567","135","true"
"276","0.405252055338192","0","true","276","0.3389085348479752","85","true","276","0.5903201760046665","55","true","276","0.5143871359834632","15","true","276","0.7166060033880493","5","true","276","0.644831287519156","25","true","276","0.6310551959589413","35","true","276","0.5620010209075459","45","true","276","0.3494874424890826","65","true","276","0.39407505672407844","75","true","276","0.27087609539646373","95","true","276","0.6096429108921733","105","true","276","0.44102562759291286","115","true","276","0.44432339082778854","125","true","276","0.3900982150650585","135","true"
"277","0.4037943141319395","0","true","277","0.33768943939888174","85","true","277","0.5881967221341461","55","true","277","0.5125368225446737","15","true","277","0.7140282839514016","5","true","277","0.6425117505136914","25","true","277","0.6287852132396646","35","true","277","0.5599794345014036","45","true","277","0.34823029341538086","65","true","277","0.3926575205488119","75","true","277","0.2699017209525916","95","true","277","0.6074499507810504","105","true","277","0.439439204472075","115","true","277","0.44272510524927133","125","true","277","0.38869498407561587","135","true"
"278","0.4054170336255507","0","true","278","0.3393777197161062","85","true","278","0.5901842684492863","55","true","278","0.5145703128892205","15","true","278","0.7165502653666047","5","true","278","0.6452555731037893","25","true","278","0.631282252383857","35","true","278","0.5620303432092875","45","true","278","0.34946730865295655","65","true","278","0.3940193112407179","75","true","278","0.2708446751708207","95","true","278","0.609674955967465","105","true","278","0.44100246284584427","115","true","278","0.4443772536772882","125","true","278","0.3896055267278901","135","true"
"279","0.4039691156483166","0","true","279","0.33816565643140584","85","true","279","0.5880764674905389","55","true","279","0.512732561771759","15","true","279","0.7139911572760097","5","true","279","0.642951088914133","25","true","279","0.6290276729110575","35","true","279","0.56002309198354","45","true","279","0.3482192111220531","65","true","279","0.39261209941485814","75","true","279","0.2698773727594964","95","true","279","0.6074975454104383","105","true","279","0.43942745404996625","115","true","279","0.4427901920570122","125","true","279","0.38821407841814765","135","true"
"280","0.40558350172552804","0","true","280","0.3398554917878787","85","true","280","0.5899319507140411","55","true","280","0.5149218104084803","15","true","280","0.7162539315280912","5","true","280","0.6451975299105123","25","true","280","0.6312453624845074","35","true","280","0.5617292942413941","45","true","280","0.3494343601845169","65","true","280","0.39397421688406514","75","true","280","0.2708796242531791","95","true","280","0.6096137050620462","105","true","280","0.44099502982899397","115","true","280","0.4446252308944782","125","true","280","0.3891325913709704","135","true"
"281","0.404145262357707","0","true","281","0.33865033046948195","85","true","281","0.5878399934420055","55","true","281","0.5130958465417836","15","true","281","0.713714023969481","5","true","281","0.6429095954072834","25","true","281","0.6290069037522927","35","true","281","0.5597373463894741","45","true","281","0.34819523124769236","65","true","281","0.3925771451929869","75","true","281","0.2699190582097281","95","true","281","0.6074519543348759","105","true","281","0.4394312176664798","115","true","281","0.44304854567854035","125","true","281","0.38775268856469036","135","true"
"282","0.40570531110697405","0","true","282","0.3403535743627687","85","true","282","0.5897418179379532","55","true","282","0.5150937144113616","15","true","282","0.716158390169531","5","true","282","0.6455735134623103","25","true","282","0.6314571417553916","35","true","282","0.561784469124953","45","true","282","0.34955164241115216","65","true","282","0.3937962389662709","75","true","282","0.2708348379133499","95","true","282","0.6096772838556737","105","true","282","0.44108957953105143","115","true","282","0.4447003251279652","125","true","282","0.3886324720309809","135","true"
"283","0.4042767712791326","0","true","283","0.33915514628402654","85","true","283","0.5876652622409886","55","true","283","0.5132800041493498","15","true","283","0.713636705697103","5","true","283","0.6433003672881472","25","true","283","0.6292337011154078","35","true","283","0.5598063547970482","45","true","283","0.34832082676885934","65","true","283","0.3924096324910376","75","true","283","0.26988119411788036","95","true","283","0.6075305328561819","105","true","283","0.439536447208759","115","true","283","0.4431344789127259","125","true","283","0.3872640478336887","135","true"
"284","0.4059545902134916","0","true","284","0.3407813240966728","85","true","284","0.5894649449162958","55","true","284","0.5153927652719483","15","true","284","0.7159422205808239","5","true","284","0.6456549202855193","25","true","284","0.631437826210035","35","true","284","0.5615951070969514","45","true","284","0.3495192213617223","65","true","284","0.39372113874985426","75","true","284","0.270820727165203","95","true","284","0.6096182315011909","105","true","284","0.4410826209721685","115","true","284","0.44506534595282843","125","true","284","0.38810794443068036","135","true"
"285","0.4045351685693885","0","true","285","0.3395897810054257","85","true","285","0.5874038786753297","55","true","285","0.5135906926661024","15","true","285","0.7134389261032685","5","true","285","0.6433973855992062","25","true","285","0.6292300016428669","35","true","285","0.5596314878413676","45","true","285","0.3482971261821359","65","true","285","0.3923444914115681","75","true","285","0.26987380154574425","95","true","285","0.6074866992232146","105","true","285","0.43954037404569235","115","true","285","0.44350917341453183","125","true","285","0.3867509236459577","135","true"
"286","0.40601403438623207","0","true","286","0.34130002299392953","85","true","286","0.5893401369582953","55","true","286","0.5155927757550869","15","true","286","0.715771919975405","5","true","286","0.6459722731098716","25","true","286","0.6317151337825488","35","true","286","0.5616176723742837","45","true","286","0.3494788274394607","65","true","286","0.3936842164739452","75","true","286","0.2708245441914093","95","true","286","0.6096449942668457","105","true","286","0.4410548602522169","115","true","286","0.44508817390765565","125","true","286","0.3876642267533463","135","true"
"287","0.4046042634335021","0","true","287","0.34011495346964504","85","true","287","0.5872938170383013","55","true","287","0.5138025230614929","15","true","287","0.7132866008088238","5","true","287","0.6437293138282401","25","true","287","0.629521678456915","35","true","287","0.559667611011873","45","true","287","0.34826535928862923","65","true","287","0.3923172573889662","75","true","287","0.2698841811907447","95","true","287","0.6075281713700859","105","true","287","0.4395234197652301","115","true","287","0.4435427288593652","125","true","287","0.38631817041045274","135","true"
"288","0.4061647002068795","0","true","288","0.3417923849424514","85","true","288","0.5890153675496818","55","true","288","0.5159251213178688","15","true","288","0.7155222382024038","5","true","288","0.6460097457722681","25","true","288","0.6317227122922487","35","true","288","0.5614317593662497","45","true","288","0.34960394651644205","65","true","288","0.3935105907174143","75","true","288","0.27082519615636846","95","true","288","0.6096055509039949","105","true","288","0.4410711134130118","115","true","288","0.445399977038887","125","true","288","0.3871809288317222","135","true"
"289","0.40476413227513164","0","true","289","0.3406137905116154","85","true","289","0.5869842800753725","55","true","289","0.5141460691753934","15","true","289","0.7130549201396369","5","true","289","0.6437821259592603","25","true","289","0.6295443581119307","35","true","289","0.5594957877822282","45","true","289","0.34839841566638535","65","true","289","0.39215365764597493","75","true","289","0.2698913161696224","95","true","289","0.6075034627974294","105","true","289","0.43955017853917383","115","true","289","0.4438641150490978","125","true","289","0.38584582218057834","135","true"
"290","0.4062341665422569","0","true","290","0.3422581567694585","85","true","290","0.5889159827359551","55","true","290","0.5160793313026296","15","true","290","0.7153886264894774","5","true","290","0.646330247874282","25","true","290","0.6319546231433067","35","true","290","0.5613810577579","45","true","290","0.3495487302355978","65","true","290","0.3934555108341529","75","true","290","0.27080172107684203","95","true","290","0.609637758231291","105","true","290","0.44111043369180974","115","true","290","0.44546440320407527","125","true","290","0.38664234788542684","135","true"
"291","0.4048429536431396","0","true","291","0.3410860397942206","85","true","291","0.5868991471786402","55","true","291","0.5143119363324152","15","true","291","0.7129386654398558","5","true","291","0.6441167881212879","25","true","291","0.6297903949818571","35","true","291","0.5594585198888662","45","true","291","0.3483516455430101","65","true","291","0.3921080604545839","75","true","291","0.26987431792246924","95","true","291","0.6075499576894029","105","true","291","0.4395997815216323","115","true","291","0.44393884017940377","125","true","291","0.3853182302556822","135","true"
"292","0.4064780460192826","0","true","292","0.3427496918022572","85","true","292","0.5887066417804826","55","true","292","0.5163886541640117","15","true","292","0.7151462760795367","5","true","292","0.6464001636212007","25","true","292","0.6319870437946218","35","true","292","0.5611921379113056","45","true","292","0.349491286326925","65","true","292","0.3933885097196516","75","true","292","0.2708467437723268","95","true","292","0.609561328678471","105","true","292","0.4411239538302812","115","true","292","0.44575415431462656","125","true","292","0.38614861740933654","135","true"
"293","0.4050954676314619","0","true","293","0.3415838765240182","85","true","293","0.5867042382370116","55","true","293","0.5146322301702566","15","true","293","0.7127138057527356","5","true","293","0.6442015236088837","25","true","293","0.6298374279994019","35","true","293","0.559283321115689","45","true","293","0.3483025404550647","65","true","293","0.3920504535641426","75","true","293","0.2699254963445298","95","true","293","0.607487990825823","105","true","293","0.43962353221861356","115","true","293","0.4442379837217197","125","true","293","0.3848351867378762","135","true"
"294","0.4063903390594218","0","true","294","0.34327261717065927","85","true","294","0.5885074602067784","55","true","294","0.5165627892498368","15","true","294","0.7150692679808758","5","true","294","0.6467955357725723","25","true","294","0.6322461375987227","35","true","294","0.5611406698647667","45","true","294","0.34960753639251346","65","true","294","0.39325481783216626","75","true","294","0.27079693960871043","95","true","294","0.6096122095812078","105","true","294","0.44113991604367125","115","true","294","0.4457730409356567","125","true","294","0.38563536493564154","135","true"
"295","0.40501739872476156","0","true","295","0.3421129123829206","85","true","295","0.5865192593277014","55","true","295","0.5148176446915602","15","true","295","0.7126534934268863","5","true","295","0.6446104157192866","25","true","295","0.630110170917646","35","true","295","0.5592449243584668","45","true","295","0.3484264298506468","65","true","295","0.39192625425840893","75","true","295","0.2698820850830053","95","true","295","0.6075527088731631","105","true","295","0.4396495784894697","115","true","295","0.4442670509324957","125","true","295","0.3843325427568049","135","true"
"296","0.4064739708726274","0","true","296","0.3437598948505209","85","true","296","0.5883157669057343","55","true","296","0.5168260165298847","15","true","296","0.7148576648987321","5","true","296","0.6467619877754497","25","true","296","0.6322436848702994","35","true","296","0.5609931443253485","45","true","296","0.3495243661196359","65","true","296","0.3931581312762002","75","true","296","0.27075270490564907","95","true","296","0.6095457329236077","105","true","296","0.4411195811293179","115","true","296","0.4460413478340987","125","true","296","0.38505497681474976","135","true"
"297","0.40510996425896084","0","true","297","0.34260633815639163","85","true","297","0.5863415529228292","55","true","297","0.5150917010381737","15","true","297","0.7124588136742397","5","true","297","0.6445916455345925","25","true","297","0.6301220617667077","35","true","297","0.5591106169953977","45","true","297","0.34835146556218743","65","true","297","0.391838808688025","75","true","297","0.2698441387818046","95","true","297","0.6075002774439983","105","true","297","0.43963931407854834","115","true","297","0.44454456478767557","125","true","297","0.3837628460200694","135","true"
"298","0.40653900198355175","0","true","298","0.3442703900475801","85","true","298","0.5881366338396197","55","true","298","0.5170541976573608","15","true","298","0.7147610233427827","5","true","298","0.6471089712421293","25","true","298","0.6324966000425686","35","true","298","0.5608759027375723","45","true","298","0.34948070696641476","65","true","298","0.3931161591413962","75","true","298","0.2707450431822106","95","true","298","0.6095757038412762","105","true","298","0.44110965203016705","115","true","298","0.4460326109291884","125","true","298","0.3846023184981613","135","true"
"299","0.4051838719769399","0","true","299","0.34312282208075484","85","true","299","0.5861761783934876","55","true","299","0.5153306836651697","15","true","299","0.7123784865983067","5","true","299","0.6449519413379889","25","true","299","0.6303882780424267","35","true","299","0.5590063163951138","45","true","299","0.34831577127652674","65","true","299","0.3918057719442582","75","true","299","0.26984255970493654","95","true","299","0.6075437848284719","105","true","299","0.43963928652339984","115","true","299","0.44454583555942445","125","true","299","0.3833203107698341","135","true"
"300","0.4065586872850127","0","true","300","0.34482102496612244","85","true","300","0.5878700902082085","55","true","300","0.5173592301793747","15","true","300","0.7145880550571085","5","true","300","0.6471856436296343","25","true","300","0.6325163783383215","35","true","300","0.560755877081104","45","true","300","0.3495935180696083","65","true","300","0.39295123926552794","75","true","300","0.27075697296716833","95","true","300","0.6095362075493871","105","true","300","0.44112419784586115","115","true","300","0.44641178723664093","125","true","300","0.3840747407136508","135","true"
"301","0.40521246646618814","0","true","301","0.34367923349272467","85","true","301","0.5859235005055323","55","true","301","0.5156461201456681","15","true","301","0.7122218694443367","5","true","301","0.6450426448096686","25","true","301","0.630421953244486","35","true","301","0.5588990695411002","45","true","301","0.34843592363891424","65","true","301","0.3916500762216023","75","true","301","0.2698604266990651","95","true","301","0.6075178757363097","105","true","301","0.43966352169405365","115","true","301","0.4449336025106918","125","true","301","0.382802970049036","135","true"
"302","0.4064181617688632","0","true","302","0.34529716700628205","85","true","302","0.5876435438361375","55","true","302","0.5174984812003655","15","true","302","0.7144391752413496","5","true","302","0.6475763916139811","25","true","302","0.6327524404439606","35","true","302","0.5606499228206514","45","true","302","0.34950395293463266","65","true","302","0.39285763179046246","75","true","302","0.2706874977798335","95","true","302","0.6095625260687403","105","true","302","0.4410533463140021","115","true","302","0.44642244874040593","125","true","302","0.3835287586858766","135","true"
"303","0.4050812599209393","0","true","303","0.3441613210621824","85","true","303","0.5857105058629922","55","true","303","0.5157961835648379","15","true","303","0.7120890463754241","5","true","303","0.6454462061152508","25","true","303","0.6306710179425001","35","true","303","0.5588056796534782","45","true","303","0.3483542688789266","65","true","303","0.39156533694904644","75","true","303","0.26979707837924194","95","true","303","0.6075573861803563","105","true","303","0.4396025129379692","115","true","303","0.44495395384323355","125","true","303","0.3822671509270415","135","true"
"304","0.40651954596651013","0","true","304","0.34581195007292376","85","true","304","0.5874240715130893","55","true","304","0.5177482983887156","15","true","304","0.7143366922875549","5","true","304","0.6476187464009042","25","true","304","0.6327235469393132","35","true","304","0.5604473295226381","45","true","304","0.3494434367326204","65","true","304","0.39275855779324126","75","true","304","0.27074216798039863","95","true","304","0.6095125500672791","105","true","304","0.44104950420167965","115","true","304","0.44671155489603126","125","true","304","0.38302042675465653","135","true"
"305","0.40519105071825356","0","true","305","0.34468184566092075","85","true","305","0.5855043850048767","55","true","305","0.5160563104854845","15","true","305","0.7120022586526283","5","true","305","0.6455023452688752","25","true","305","0.6306558229297076","35","true","305","0.5586158023019758","45","true","305","0.3483014647171543","65","true","305","0.39147503309457055","75","true","305","0.2698573896536653","95","true","305","0.6075206789886279","105","true","305","0.43960816595265456","115","true","305","0.4452517132133645","125","true","305","0.3817687260136282","135","true"
"306","0.40636965098751227","0","true","306","0.3463088822435665","85","true","306","0.5871848216836185","55","true","306","0.518004594136614","15","true","306","0.7142341702022565","5","true","306","0.6479900999321082","25","true","306","0.6329626503194619","35","true","306","0.5603419975005351","45","true","306","0.3495542858613788","65","true","306","0.39260046900727796","75","true","306","0.2707133678449157","95","true","306","0.6095805075055535","105","true","306","0.44103552080925756","115","true","306","0.446768377976578","125","true","306","0.382505288367014","135","true"
"307","0.40505026900378654","0","true","307","0.3451845027557627","85","true","307","0.585278377457373","55","true","307","0.516322761038768","15","true","307","0.7119152280912102","5","true","307","0.6458862359712897","25","true","307","0.6309075767794636","35","true","307","0.558522705300858","45","true","307","0.3484193693488419","65","true","307","0.39132579215985175","75","true","307","0.2698344283389257","95","true","307","0.6076013500136523","105","true","307","0.4396035873001366","115","true","307","0.4453178312948358","125","true","307","0.3812633880801081","135","true"
"308","0.40635525242673165","0","true","308","0.34679131795867335","85","true","308","0.5869341593726024","55","true","308","0.518180093879119","15","true","308","0.7141008540296993","5","true","308","0.6480638921622873","25","true","308","0.6329682635510205","35","true","308","0.5601495721555046","45","true","308","0.3494728727611561","65","true","308","0.3925017028911756","75","true","308","0.2707107559777543","95","true","308","0.6095045709198083","105","true","308","0.4409981005220937","115","true","308","0.4470614449247069","125","true","308","0.38192618746540985","135","true"
"309","0.4050444290318067","0","true","309","0.34567263628783895","85","true","309","0.5850408233746263","55","true","309","0.5165085451891863","15","true","309","0.711797302887668","5","true","309","0.6459733634778928","25","true","309","0.6309264304427915","35","true","309","0.5583426380517772","45","true","309","0.3483455409135394","65","true","309","0.39123556836572015","75","true","309","0.26983749547460023","95","true","309","0.6075384271426476","105","true","309","0.4395755260042805","115","true","309","0.4456193112314014","125","true","309","0.380694167505844","135","true"
"310","0.4064043323542505","0","true","310","0.3472660722159972","85","true","310","0.5867667083849571","55","true","310","0.51846731962383","15","true","310","0.713965411657604","5","true","310","0.6484184561220132","25","true","310","0.6331791360114775","35","true","310","0.5600171339039761","45","true","310","0.34940023123967545","65","true","310","0.39241272702655716","75","true","310","0.27067385697807417","95","true","310","0.6095019760443953","105","true","310","0.4410136465377085","115","true","310","0.4470591357644279","125","true","310","0.3814774234935202","135","true"
"311","0.4051017543659356","0","true","311","0.34615303993325364","85","true","311","0.5848860458580822","55","true","311","0.5168055653942665","15","true","311","0.7116770609792142","5","true","311","0.6463401918395709","25","true","311","0.6311497157037483","35","true","311","0.5582222071927454","45","true","311","0.34828035870365087","65","true","311","0.39115499392711306","75","true","311","0.2698063125646829","95","true","311","0.607548444069894","105","true","311","0.4396001412603441","115","true","311","0.4456262539190291","125","true","311","0.38025473944386146","135","true"
"312","0.40635386498557413","0","true","312","0.34781358026926373","85","true","312","0.5864485689248041","55","true","312","0.518777184934176","15","true","312","0.7138270366480098","5","true","312","0.6485288863381528","25","true","312","0.6332002452201572","35","true","312","0.5598898681610031","45","true","312","0.3495173053344216","65","true","312","0.3923135457003185","75","true","312","0.27071457982168995","95","true","312","0.6094789157628829","105","true","312","0.4410424085770653","115","true","312","0.44734875469180474","125","true","312","0.3809328259912738","135","true"
"313","0.4050597443964481","0","true","313","0.3467058937078966","85","true","313","0.5845808983231328","55","true","313","0.5171250282942582","15","true","313","0.7115537021363919","5","true","313","0.6464635077192414","25","true","313","0.6311836839296472","35","true","313","0.558106779408898","45","true","313","0.3484041928970508","65","true","313","0.3910641395038207","75","true","313","0.2698524314783088","95","true","313","0.6075379001075871","105","true","313","0.43963781491917653","115","true","313","0.445924077129092","125","true","313","0.3797196641250596","135","true"
"314","0.40627327533191965","0","true","314","0.3482443568801419","85","true","314","0.5862858121507185","55","true","314","0.5189883089574295","15","true","314","0.7137793692171744","5","true","314","0.6488010413419596","25","true","314","0.6334333283117092","35","true","314","0.5598701704809513","45","true","314","0.349433864575786","65","true","314","0.39217231686819826","75","true","314","0.2706348731935161","95","true","314","0.6095066694849879","105","true","314","0.4409861578915999","115","true","314","0.44739538246411686","125","true","314","0.38042411439779933","135","true"
"315","0.40498760040998316","0","true","315","0.34714231777609084","85","true","315","0.5844304773021403","55","true","315","0.5173459408911086","15","true","315","0.7115205737449682","5","true","315","0.6467478734896116","25","true","315","0.6314287924626214","35","true","315","0.5580984294351256","45","true","315","0.34832806120687526","65","true","315","0.3909312652325394","75","true","315","0.2697784337213847","95","true","315","0.6075778509106683","105","true","315","0.4395906320754872","115","true","315","0.44597957429176205","125","true","315","0.3792202406180595","135","true"
"316","0.4062315613249625","0","true","316","0.348752109501221","85","true","316","0.5860380289131413","55","true","316","0.5192512732532338","15","true","316","0.7136890517664145","5","true","316","0.6489151964504388","25","true","316","0.6334979625334481","35","true","316","0.5597504930922648","45","true","316","0.34936284408111806","65","true","316","0.3920416384100767","75","true","316","0.2706738375356881","95","true","316","0.6094475860128911","105","true","316","0.44099385958993864","115","true","316","0.4476305446709444","125","true","316","0.3800091202502127","135","true"
"317","0.40495410358494693","0","true","317","0.3476554047543618","85","true","317","0.5841951420297666","55","true","317","0.5176184076140727","15","true","317","0.7114447465721805","5","true","317","0.646874582625123","25","true","317","0.6315058305757958","35","true","317","0.557990271415874","45","true","317","0.34826421878526553","65","true","317","0.39080880306916455","75","true","317","0.2698226619459532","95","true","317","0.6075310841700833","105","true","317","0.4396070864465741","115","true","317","0.4462229014487087","125","true","317","0.3788141230167215","135","true"
"318","0.40609331679352284","0","true","318","0.34923162088041726","85","true","318","0.5858484338332028","55","true","318","0.5195549554797804","15","true","318","0.7135680791625609","5","true","318","0.6492725861954471","25","true","318","0.6337533169687285","35","true","318","0.5597423990915648","45","true","318","0.3494903713758753","65","true","318","0.39198266092388945","75","true","318","0.27066894913831024","95","true","318","0.6095161151490337","105","true","318","0.4410062892346202","115","true","318","0.4476003741045162","125","true","318","0.37947919351822096","135","true"
"319","0.4048242751785431","0","true","319","0.34814027206516596","85","true","319","0.584017657477474","55","true","319","0.517931346243906","15","true","319","0.7113381789151779","5","true","319","0.6472436093635864","25","true","319","0.6317728378532013","35","true","319","0.5579932040944036","45","true","319","0.34839821396532566","65","true","319","0.3907577151085023","75","true","319","0.269823108672253","95","true","319","0.607611377289193","105","true","319","0.43962814458076205","115","true","319","0.4462016229354396","125","true","319","0.3782933210384765","135","true"
"320","0.40585515664425675","0","true","320","0.3496697710153556","85","true","320","0.5855630036627005","55","true","320","0.5197875244901009","15","true","320","0.7134466733490706","5","true","320","0.6493308716729725","25","true","320","0.6338578665612142","35","true","320","0.5596608971503717","45","true","320","0.3494086580704138","65","true","320","0.39182620410242636","75","true","320","0.27069313876865947","95","true","320","0.6094595469362913","105","true","320","0.44098660372671505","115","true","320","0.44786456974052535","125","true","320","0.3789527502784224","135","true"
"321","0.40459473690312553","0","true","321","0.3485838400494694","85","true","321","0.5837444850177853","55","true","321","0.5181732775196348","15","true","321","0.711231000450471","5","true","321","0.6473143161708826","25","true","321","0.6318893638700303","35","true","321","0.557922819830029","45","true","321","0.34832353801429455","65","true","321","0.3906093525368909","75","true","321","0.2698524768470177","95","true","321","0.6075668154240669","105","true","321","0.43961708011265693","115","true","321","0.44647368598356724","125","true","321","0.3777758783831478","135","true"
"322","0.40568783840354866","0","true","322","0.35013645068168936","85","true","322","0.5854212045269624","55","true","322","0.5200205919729632","15","true","322","0.7133440179297243","5","true","322","0.6496535784934576","25","true","322","0.6341029697870328","35","true","322","0.5596594166836366","45","true","322","0.3493391129193334","65","true","322","0.39176534174144234","75","true","322","0.27069605515665657","95","true","322","0.6094809526770173","105","true","322","0.440988927992957","115","true","322","0.447853192227196","125","true","322","0.37849304937765477","135","true"
"323","0.40443571544551304","0","true","323","0.3490557826240298","85","true","323","0.5836143489574348","55","true","323","0.5184155901458861","15","true","323","0.71114233886204","5","true","323","0.6476484748561322","25","true","323","0.6321458618555914","35","true","323","0.5579320728049835","45","true","323","0.34826090578069346","65","true","323","0.3905561894521169","75","true","323","0.2698605735049385","95","true","323","0.607599838625545","105","true","323","0.43962785105470714","115","true","323","0.44647092928822313","125","true","323","0.37732486095364964","135","true"
"324","0.4053719428399862","0","true","324","0.35061940156298615","85","true","324","0.5851626480168429","55","true","324","0.5203327267846981","15","true","324","0.7132806148343294","5","true","324","0.6497543400330108","25","true","324","0.6342002248135687","35","true","324","0.5595906950248349","45","true","324","0.3494644319019522","65","true","324","0.3916840768061088","75","true","324","0.27076660001725067","95","true","324","0.6094893898155244","105","true","324","0.440996443439317","115","true","324","0.44815096277675803","125","true","324","0.3780131873666436","135","true"
"325","0.4041284706226856","0","true","325","0.3495438819262899","85","true","325","0.5833676705689385","55","true","325","0.5187366141258494","15","true","325","0.7110926374882118","5","true","325","0.6477612285605169","25","true","325","0.6322548253509505","35","true","325","0.5578741591505256","45","true","325","0.34839245511697686","65","true","325","0.39048259190793055","75","true","325","0.2699360276245597","95","true","325","0.607619790460262","105","true","325","0.43964369361281597","115","true","325","0.4467762665719213","125","true","325","0.37685363771214464","135","true"
"326","0.40525825507221286","0","true","326","0.3510769136136888","85","true","326","0.5849453046698359","55","true","326","0.5205701745789961","15","true","326","0.7131852007373535","5","true","326","0.6500698023061339","25","true","326","0.6344705856226814","35","true","326","0.5596028213835798","45","true","326","0.34938528296048965","65","true","326","0.39159445392779685","75","true","326","0.2706975822047927","95","true","326","0.609485133745962","105","true","326","0.44097459482595547","115","true","326","0.4480725283117851","125","true","326","0.37750061493738946","135","true"
"327","0.40402271161162684","0","true","327","0.3500065571697446","85","true","327","0.5831619348385254","55","true","327","0.5189830703882065","15","true","327","0.7110108556131542","5","true","327","0.6480878821771517","25","true","327","0.6325362240811488","35","true","327","0.557896715220825","45","true","327","0.34832008392707353","65","true","327","0.3904005683975292","75","true","327","0.26987228469807073","95","true","327","0.6076269473625902","105","true","327","0.43963016008563244","115","true","327","0.44670645353034677","125","true","327","0.376349698428434","135","true"
"328","0.40506921514073785","0","true","328","0.3515407857700775","85","true","328","0.5847310732249794","55","true","328","0.5207985094450224","15","true","328","0.713120968664557","5","true","328","0.6502001223988756","25","true","328","0.6345688846530212","35","true","328","0.5595381122261353","45","true","328","0.3493181439135247","65","true","328","0.39149576159350324","75","true","328","0.270746427879971","95","true","328","0.6094528043765984","105","true","328","0.44102983737315726","115","true","328","0.44832715314131627","125","true","328","0.3770392626016727","135","true"
"329","0.4038417326706144","0","true","329","0.3504755106616833","85","true","329","0.5829591608818734","55","true","329","0.5192203321436738","15","true","329","0.7109599960322401","5","true","329","0.6482298189976669","25","true","329","0.6326459486389211","35","true","329","0.5578425421890864","45","true","329","0.3482596040834838","65","true","329","0.3903094108007956","75","true","329","0.2699259841591226","95","true","329","0.6076059776966694","105","true","329","0.43969338332051133","115","true","329","0.446968586010585","125","true","329","0.37589671938166763","135","true"
"330","0.40489639234138897","0","true","330","0.3520075275615775","85","true","330","0.5845096278740587","55","true","330","0.521121661452093","15","true","330","0.7129039911762616","5","true","330","0.6506164150241589","25","true","330","0.6348157628531891","35","true","330","0.5595530994003309","45","true","330","0.3494277922115379","65","true","330","0.3914895304890849","75","true","330","0.2707449943976698","95","true","330","0.6094694313671629","105","true","330","0.4409836260938581","115","true","330","0.44827517694374225","125","true","330","0.3765965189719221","135","true"
"331","0.4036768248945775","0","true","331","0.3509472639243438","85","true","331","0.5827490567057633","55","true","331","0.5195520178935024","15","true","331","0.7107566899980198","5","true","331","0.6486567270270982","25","true","331","0.6329036671819446","35","true","331","0.5578676984985227","45","true","331","0.3483752988615032","65","true","331","0.39031034515628643","75","true","331","0.2699294974265925","95","true","331","0.6076336800678642","105","true","331","0.43965536215984047","115","true","331","0.44692495050716474","125","true","331","0.37546219210754883","135","true"
"332","0.4047894758524337","0","true","332","0.3524721859539808","85","true","332","0.5842530502627413","55","true","332","0.5213662301249962","15","true","332","0.7128605787514509","5","true","332","0.6507093494814816","25","true","332","0.6349502033446054","35","true","332","0.5595336272343128","45","true","332","0.34936696624165603","65","true","332","0.39133445751331286","75","true","332","0.2707628889453832","95","true","332","0.6094370228686466","105","true","332","0.44098365140871343","115","true","332","0.4485324015371952","125","true","332","0.37611671259473817","135","true"
"333","0.40357753131395335","0","true","333","0.3514168800080108","85","true","333","0.5825037896332121","55","true","333","0.5198052533880949","15","true","333","0.7107262656414167","5","true","333","0.6487611178962077","25","true","333","0.6330491548315975","35","true","333","0.5578583768533717","45","true","333","0.34832095736069296","65","true","333","0.3901627974608778","75","true","333","0.2699522216132114","95","true","333","0.6076123611235309","105","true","333","0.4396633410751544","115","true","333","0.4471894901553473","125","true","333","0.3749906146528378","135","true"
"334","0.40453228193530233","0","true","334","0.3529084242298857","85","true","334","0.5840629164023705","55","true","334","0.5216244574232252","15","true","334","0.7126387596186412","5","true","334","0.6510938668191193","25","true","334","0.6351990814049757","35","true","334","0.5595326089027497","45","true","334","0.3492992764277985","65","true","334","0.3912664788784778","75","true","334","0.270771264562392","95","true","334","0.6094265182738003","105","true","334","0.44101844934437184","115","true","334","0.44840704927842506","125","true","334","0.3756448332882224","135","true"
"335","0.40332831681049486","0","true","335","0.3518581015387253","85","true","335","0.5823246339130778","55","true","335","0.5200720036808941","15","true","335","0.7105178109293","5","true","335","0.6491560874535862","25","true","335","0.6333086079484134","35","true","335","0.5578673332810153","45","true","335","0.3482596952479539","65","true","335","0.3901019953103871","75","true","335","0.26996539770357536","95","true","335","0.6076127488741759","105","true","335","0.4397058944356088","115","true","335","0.44707250448890595","125","true","335","0.37452684271295983","135","true"
"336","0.40424052755427636","0","true","336","0.35346972053175596","85","true","336","0.5838551482160879","55","true","336","0.521900979842415","15","true","336","0.7125130648323673","5","true","336","0.6512203781479878","25","true","336","0.6353201613314324","35","true","336","0.5595048048594893","45","true","336","0.349399122805967","65","true","336","0.3911842070074716","75","true","336","0.27086875939673744","95","true","336","0.6094184946496454","105","true","336","0.44102790050259016","115","true","336","0.44871163825155513","125","true","336","0.3752377268431956","135","true"
"337","0.4030445496621039","0","true","337","0.35242395212781585","85","true","337","0.582127766120774","55","true","337","0.5203568941032364","15","true","337","0.7104050380133367","5","true","337","0.6492936906386743","25","true","337","0.6334405158837063","35","true","337","0.5578494652001417","45","true","337","0.34836539759056473","65","true","337","0.3900268572825974","75","true","337","0.27006737253461693","95","true","337","0.6076154813518653","105","true","337","0.4397230842289139","115","true","337","0.4473840890259588","125","true","337","0.3741275560537187","135","true"
"338","0.4037819196658108","0","true","338","0.3539620791117696","85","true","338","0.5835532280842174","55","true","338","0.522199060150907","15","true","338","0.7122886194758107","5","true","338","0.6515396276651872","25","true","338","0.6355608805951123","35","true","338","0.5595128557148835","45","true","338","0.3493249555184209","65","true","338","0.3910642791479809","75","true","338","0.270812318215241","95","true","338","0.6094140102088632","105","true","338","0.44096822974401806","115","true","338","0.4486444723211643","125","true","338","0.3747783986020847","135","true"
"339","0.40259432578444077","0","true","339","0.35292101417320554","85","true","339","0.5818368950604402","55","true","339","0.5206631805622279","15","true","339","0.7101936529479407","5","true","339","0.6496233346426425","25","true","339","0.6336915838874796","35","true","339","0.5578672296686633","45","true","339","0.3482975291786608","65","true","339","0.38991409009166333","75","true","339","0.2700158113969609","95","true","339","0.60762161606119","105","true","339","0.43967126436241805","115","true","339","0.4473249297555138","125","true","339","0.3736761091944315","135","true"
"340","0.40349961220845093","0","true","340","0.35444692531611505","85","true","340","0.583377056527388","55","true","340","0.5224735437953093","15","true","340","0.7121961845169397","5","true","340","0.6516886855369673","25","true","340","0.6356769136101862","35","true","340","0.5594811113172085","45","true","340","0.34926803530090555","65","true","340","0.3910059892495169","75","true","340","0.2709106083493969","95","true","340","0.6094358883624965","105","true","340","0.4409645833762099","115","true","340","0.44893291252778833","125","true","340","0.37434323254316476","135","true"
"341","0.4023197887809408","0","true","341","0.3534105307976469","85","true","341","0.5816712756603488","55","true","341","0.5209458433748552","15","true","341","0.710113739532972","5","true","341","0.649783163064637","25","true","341","0.6338182091844254","35","true","341","0.5578452016349944","45","true","341","0.34824678373569823","65","true","341","0.3898626968832902","75","true","341","0.2701184720676735","95","true","341","0.6076539120807348","105","true","341","0.43967521324937886","115","true","341","0.4476202431929117","125","true","341","0.3732486616877754","135","true"
"342","0.4030613614164435","0","true","342","0.35498353102496655","85","true","342","0.5831080231883001","55","true","342","0.522757767577545","15","true","342","0.7119741044193946","5","true","342","0.6520695141913054","25","true","342","0.635911453163632","35","true","342","0.5594793916166011","45","true","342","0.3493604504382289","65","true","342","0.3910000945038134","75","true","342","0.27095647595084105","95","true","342","0.6094547599695072","105","true","342","0.44097147643334084","115","true","342","0.44892718807278914","125","true","342","0.37391511137837063","135","true"
"343","0.4018896714123259","0","true","343","0.3539516021557079","85","true","343","0.5814129417255434","55","true","343","0.5212381229043545","15","true","343","0.7099044122553847","5","true","343","0.6501739632779586","25","true","343","0.6340628733579238","35","true","343","0.5578529980363203","45","true","343","0.34834486773346657","65","true","343","0.38986346632211627","75","true","343","0.2701688117765653","95","true","343","0.6076830891556423","105","true","343","0.4396895826064997","115","true","343","0.4476221671772287","125","true","343","0.37282814884529397","135","true"
"344","0.40273134483266565","0","true","344","0.35548626312296167","85","true","344","0.5828205271367151","55","true","344","0.5230969712980764","15","true","344","0.7118530822936179","5","true","344","0.6521676626357986","25","true","344","0.6360401681550547","35","true","344","0.559457818282035","45","true","344","0.34927554378105913","65","true","344","0.390946558911296","75","true","344","0.27099130974652386","95","true","344","0.6094771921731157","105","true","344","0.4408743183199768","115","true","344","0.44924424366718324","125","true","344","0.3735132298421187","135","true"
"345","0.4015673814082938","0","true","345","0.3544588461775196","85","true","345","0.5811360747461466","55","true","345","0.5215851303405675","15","true","345","0.7097957034430583","5","true","345","0.6502827849981229","25","true","345","0.6342019017731036","35","true","345","0.5578408881713933","45","true","345","0.3482660768915185","65","true","345","0.38981665556184136","75","true","345","0.27020809786864375","95","true","345","0.6077156973980489","105","true","345","0.43960011508783814","115","true","345","0.44794584989935904","125","true","345","0.3724337118367947","135","true"
"346","0.40245359669261294","0","true","346","0.3559805199943905","85","true","346","0.5825755841096376","55","true","346","0.5233718527368986","15","true","346","0.7116567738628928","5","true","346","0.6524679257589084","25","true","346","0.6362912357150661","35","true","346","0.5594982825269359","45","true","346","0.34922811932737174","65","true","346","0.39086459501057813","75","true","346","0.27099902004316795","95","true","346","0.6094608677946597","105","true","346","0.44088559242333286","115","true","346","0.44923038066433524","125","true","346","0.37308233652834627","135","true"
"347","0.4012971208400479","0","true","347","0.35495758746567097","85","true","347","0.5809015163392076","55","true","347","0.5218679106313328","15","true","347","0.7096117831334017","5","true","347","0.6505930179262679","25","true","347","0.6344628126239309","35","true","347","0.5578905288415137","45","true","347","0.34822459024884483","65","true","347","0.38974142088698455","75","true","347","0.27022028722695196","95","true","347","0.6077095434619164","105","true","347","0.4396186798014267","115","true","347","0.4479394887658745","125","true","347","0.3720102608486671","135","true"
"348","0.40197778267032247","0","true","348","0.3565413396040927","85","true","348","0.5823701159107036","55","true","348","0.5236696406998781","15","true","348","0.7114630304022567","5","true","348","0.6525898872445726","25","true","348","0.6363929306092796","35","true","348","0.5595285905684133","45","true","348","0.3493191744106066","65","true","348","0.3908684889337337","75","true","348","0.2711120374061589","95","true","348","0.6094989693106705","105","true","348","0.4408592240744756","115","true","348","0.4495086773990097","125","true","348","0.3727070845379003","135","true"
"349","0.4008292747198358","0","true","349","0.35552265006236666","85","true","349","0.5807062012938159","55","true","349","0.5221734417264499","15","true","349","0.7094302788868216","5","true","349","0.6507253447095881","25","true","349","0.6345746650932531","35","true","349","0.5579299374525035","45","true","349","0.3483211196265763","65","true","349","0.38975172182249446","75","true","349","0.27033743158499846","95","true","349","0.6077575436840685","105","true","349","0.43959962629140564","115","true","349","0.44822436689215533","125","true","349","0.3716422071535063","135","true"
"350","0.40164547175176074","0","true","350","0.3569523566491001","85","true","350","0.5821081507774682","55","true","350","0.5240130063069557","15","true","350","0.7112442401185152","5","true","350","0.6528842728441017","25","true","350","0.6366651937681986","35","true","350","0.5595701422157782","45","true","350","0.34922871018661067","65","true","350","0.3907801346332798","75","true","350","0.2710777858154831","95","true","350","0.6095035475368309","105","true","350","0.44078745436236483","115","true","350","0.44957088038431325","125","true","350","0.3723115860265917","135","true"
"351","0.4005044334797387","0","true","351","0.35593828745407424","85","true","351","0.5804544344400323","55","true","351","0.5225243329935837","15","true","351","0.7092236598909057","5","true","351","0.6510294879780673","25","true","351","0.6348564858313571","35","true","351","0.557980454311756","45","true","351","0.3482365831690351","65","true","351","0.38966996379625346","75","true","351","0.2703076784694164","95","true","351","0.6077720033676922","105","true","351","0.4395352172761081","115","true","351","0.4482936903832215","125","true","351","0.371253882657198","135","true"
"352","0.4012217741419477","0","true","352","0.3574874220206483","85","true","352","0.5818844337105102","55","true","352","0.5243414425626312","15","true","352","0.7110493002497887","5","true","352","0.6529075813303444","25","true","352","0.6367695131270534","35","true","352","0.5596071521817576","45","true","352","0.3491925210583917","65","true","352","0.3907116365266691","75","true","352","0.27119138507334967","95","true","352","0.60951523176797","105","true","352","0.44073613624411795","115","true","352","0.44985328832509147","125","true","352","0.37195006377326656","135","true"
"353","0.40008837929973884","0","true","353","0.35647757054601376","85","true","353","0.580240692372345","55","true","353","0.5228602520469176","15","true","353","0.7090406864072752","5","true","353","0.6510632096316711","25","true","353","0.6349707291916662","35","true","353","0.5580263410174023","45","true","353","0.3482061015073793","65","true","353","0.38960793133874067","75","true","353","0.2704253077143854","95","true","353","0.6077934373279474","105","true","353","0.439491118910095","115","true","353","0.4485825163241731","125","true","353","0.37089935737842683","135","true"
"354","0.40077432054295553","0","true","354","0.35795029479356466","85","true","354","0.5816602661839478","55","true","354","0.5246207711290807","15","true","354","0.710846939772002","5","true","354","0.6531613861041371","25","true","354","0.6369982397288572","35","true","354","0.5596404765005187","45","true","354","0.3492756025095761","65","true","354","0.3906714180101375","75","true","354","0.2712449088982008","95","true","354","0.609520997263731","105","true","354","0.4406959988598109","115","true","354","0.4499205015038408","125","true","354","0.3716398857012269","135","true"
"355","0.3996485499796326","0","true","355","0.35694481643740295","85","true","355","0.5800263890317457","55","true","355","0.5231471172775946","15","true","355","0.7088501787052266","5","true","355","0.6513266631094626","25","true","355","0.6352089188307424","35","true","355","0.5580684526901241","45","true","355","0.3482944912665717","65","true","355","0.38957402638651356","75","true","355","0.27048298499680135","95","true","355","0.6078088596309676","105","true","355","0.4394580887506542","115","true","355","0.44865667987040303","125","true","355","0.3705959534380212","135","true"
"356","0.4003867987359094","0","true","356","0.35842519707808146","85","true","356","0.5814138252819601","55","true","356","0.5249728697576993","15","true","356","0.7106715740286025","5","true","356","0.6532258721946801","25","true","356","0.6370926109162315","35","true","356","0.5596727290745771","45","true","356","0.34918563561731253","65","true","356","0.3906420602289755","75","true","356","0.27130291296001613","95","true","356","0.6095467093128895","105","true","356","0.44061511375348356","115","true","356","0.45028466480080365","125","true","356","0.3712641554313377","135","true"
"357","0.3992683998567588","0","true","357","0.357424009376746","85","true","357","0.5797897643174853","55","true","357","0.5235064650935717","15","true","357","0.708686457900031","5","true","357","0.6514012189203933","25","true","357","0.6353130226175828","35","true","357","0.5581093974291174","45","true","357","0.3482102567468731","65","true","357","0.38955088128978843","75","true","357","0.27054508359420604","95","true","357","0.607844064873468","105","true","357","0.4393843452793118","115","true","357","0.4490268864075053","125","true","357","0.3702271047178423","135","true"
"358","0.39994289962663687","0","true","358","0.35886971069107","85","true","358","0.5811917558104532","55","true","358","0.5252910387221987","15","true","358","0.7104471849821183","5","true","358","0.6535139196141835","25","true","358","0.6373241852065603","35","true","358","0.5597130757446752","45","true","358","0.3491701924427397","65","true","358","0.39051262781087476","75","true","358","0.2713240596905355","95","true","358","0.6095341036387726","105","true","358","0.4405977127156068","115","true","358","0.4503624654238576","125","true","358","0.3709025087010508","135","true"
"359","0.398831947127674","0","true","359","0.3578728503835948","85","true","359","0.5795773342665352","55","true","359","0.5238318969479704","15","true","359","0.7084737205793903","5","true","359","0.6516986031708107","25","true","359","0.6355538402476532","35","true","359","0.5581583172009401","45","true","359","0.34820027524150987","65","true","359","0.3894278705114001","75","true","359","0.2705703817469507","95","true","359","0.6078409533508871","105","true","359","0.4393738301802857","115","true","359","0.449111458575458","125","true","359","0.36987222395465896","135","true"
"360","0.3994193166347237","0","true","360","0.35935966067169256","85","true","360","0.5809886980756752","55","true","360","0.5256030910043187","15","true","360","0.7103083442539861","5","true","360","0.6535912869914917","25","true","360","0.637416643170363","35","true","360","0.559746720373136","45","true","360","0.3492528377651635","65","true","360","0.39053912000361535","75","true","360","0.271488453020268","95","true","360","0.6095755419607993","105","true","360","0.44054586873623164","115","true","360","0.4506760770931726","125","true","360","0.3705756272741758","135","true"
"361","0.39831594835672723","0","true","361","0.3583669544267431","85","true","361","0.57938375692077","55","true","361","0.5241511487639753","15","true","361","0.7083461665074282","5","true","361","0.6517857861986975","25","true","361","0.6356558237140912","35","true","361","0.5582004587146467","45","true","361","0.3482880509205084","65","true","361","0.38946028265553906","75","true","361","0.27073848491800206","95","true","361","0.607891631623891","105","true","361","0.4393288911982863","115","true","361","0.44943111555424115","125","true","361","0.3695519376960703","135","true"
"362","0.39900564648883896","0","true","362","0.3597562134328268","85","true","362","0.580760237321232","55","true","362","0.525895960478371","15","true","362","0.7100828597940507","5","true","362","0.6538753806954696","25","true","362","0.6376421794436529","35","true","362","0.559782893889673","45","true","362","0.34916581553303006","65","true","362","0.3904692041024091","75","true","362","0.27144925763404476","95","true","362","0.6095848165696665","105","true","362","0.44047100494024755","115","true","362","0.45078064666532963","125","true","362","0.37025033020111564","135","true"
"363","0.39790947713035313","0","true","363","0.35876787218713224","85","true","363","0.5791647421637561","55","true","363","0.5244511913561776","15","true","363","0.7081320827067044","5","true","363","0.652079019759493","25","true","363","0.635890415214412","35","true","363","0.5582450287965695","45","true","363","0.3482065687870602","65","true","363","0.3893964865087211","75","true","363","0.2707035179152699","95","true","363","0.6079101330076618","105","true","363","0.4392609197618403","115","true","363","0.44954223829536993","125","true","363","0.36923315896429937","135","true"
"364","0.39861037573620234","0","true","364","0.3602244410830898","85","true","364","0.5805450177338591","55","true","364","0.5262217479373719","15","true","364","0.7099209824375584","5","true","364","0.6539526838190187","25","true","364","0.6377417596090698","35","true","364","0.5598222838054503","45","true","364","0.349169154905426","65","true","364","0.39043593985759434","75","true","364","0.2716472401281691","95","true","364","0.6096200632004034","105","true","364","0.44045208045738105","115","true","364","0.4510719596834028","125","true","364","0.36990019430904947","135","true"
"365","0.39752127634894496","0","true","365","0.3592402212987098","85","true","365","0.5789588291608158","55","true","365","0.5247839835987451","15","true","365","0.7079813076221553","5","true","365","0.6521659278523001","25","true","365","0.6359992957850013","35","true","365","0.5582927147240146","45","true","365","0.3482151408209849","65","true","365","0.38936917499459545","75","true","365","0.2709050345540484","95","true","365","0.6079544346124242","105","true","365","0.43924865947252484","115","true","365","0.44983952263508753","125","true","365","0.36888953804044555","135","true"
"366","0.39815794389323245","0","true","366","0.360625359694078","85","true","366","0.5803466443680093","55","true","366","0.5265271360035702","15","true","366","0.7097435095264466","5","true","366","0.6542443133818462","25","true","366","0.6379678794862957","35","true","366","0.5598563875481346","45","true","366","0.3492313274344945","65","true","366","0.3904172881764716","75","true","366","0.2716635563185143","95","true","366","0.6096271435250179","105","true","366","0.44043362862804236","115","true","366","0.4511828847881859","125","true","366","0.3695902608297875","135","true"
"367","0.39707599295873997","0","true","367","0.359645399477518","85","true","367","0.5787696154430962","55","true","367","0.5250963557426909","15","true","367","0.7078148586853421","5","true","367","0.6524664755737434","25","true","367","0.6362342711181265","35","true","367","0.5583350386689278","45","true","367","0.3482823292621181","65","true","367","0.3893563716325138","75","true","367","0.2709253401328662","95","true","367","0.6079705480263087","105","true","367","0.4392367981154662","115","true","367","0.44995684434039196","125","true","367","0.368585939468837","135","true"
"368","0.39773398096432183","0","true","368","0.3610505859455631","85","true","368","0.5800403377017345","55","true","368","0.5268127054631897","15","true","368","0.7096081141668393","5","true","368","0.6543219521616186","25","true","368","0.6380523635528449","35","true","368","0.5598894201134437","45","true","368","0.3491654945345765","65","true","368","0.3904354452637796","75","true","368","0.2717877804363823","95","true","368","0.6096766454677421","105","true","368","0.44035230260428687","115","true","368","0.45154481067147206","125","true","368","0.369236918567148","135","true"
"369","0.39665902425901284","0","true","369","0.36007477355111567","85","true","369","0.5784726611133514","55","true","369","0.5253888873403162","15","true","369","0.7076902543988208","5","true","369","0.6525535144530737","25","true","369","0.6363278977054048","35","true","369","0.5583762054644884","45","true","369","0.34822180400880737","65","true","369","0.3893802143306343","75","true","369","0.27105321886763534","95","true","369","0.6080288707502618","105","true","369","0.4391621612458969","115","true","369","0.45032441929127887","125","true","369","0.368238980949399","135","true"
"370","0.39734010551929067","0","true","370","0.3614075207446574","85","true","370","0.579809364645225","55","true","370","0.5270710345867116","15","true","370","0.7094198721144604","5","true","370","0.6546717859928091","25","true","370","0.6382274765025355","35","true","370","0.559923239486323","45","true","370","0.34919287446496894","65","true","370","0.3903928916799482","75","true","370","0.27182724502989525","95","true","370","0.6096417654807487","105","true","370","0.44036557951466027","115","true","370","0.45169714952726847","125","true","370","0.36888616784778994","135","true"
"371","0.3962719869560668","0","true","371","0.36043599515125774","85","true","371","0.5782507373209099","55","true","371","0.5256541769668548","15","true","371","0.7075128294474861","5","true","371","0.6529119156003553","25","true","371","0.6365118112431201","35","true","371","0.5584180694877039","45","true","371","0.34825418394221364","65","true","371","0.389343448422744","75","true","371","0.27109652662927725","95","true","371","0.6080029435305315","105","true","371","0.43918180107510474","115","true","371","0.4504829098780016","125","true","371","0.36789453836432817","135","true"
"372","0.39680076470947145","0","true","372","0.36186402024129827","85","true","372","0.5795262644270335","55","true","372","0.5273487579818128","15","true","372","0.7092232601864376","5","true","372","0.6547182964358036","25","true","372","0.6383429649546247","35","true","372","0.5599569808530136","45","true","372","0.34925391971711117","65","true","372","0.3903940374962425","75","true","372","0.2720332484079366","95","true","372","0.6097022729619651","105","true","372","0.44032759300015545","115","true","372","0.45200119269299244","125","true","372","0.3685943603801204","135","true"
"373","0.39573980009794885","0","true","373","0.3608964693850381","85","true","373","0.577976728960651","55","true","373","0.5259387345647492","15","true","373","0.7073269413089337","5","true","373","0.652967712755494","25","true","373","0.6366361655830883","35","true","373","0.5584597696742621","45","true","373","0.3483200857071724","65","true","373","0.38935020317138624","75","true","373","0.27130588678117734","95","true","373","0.6080720529807834","105","true","373","0.43915024649480744","115","true","373","0.4507926333542411","125","true","373","0.36760881396199174","135","true"
"374","0.3964275491243767","0","true","374","0.36221238320955","85","true","374","0.579240177733148","55","true","374","0.5276375924422206","15","true","374","0.7090684878135058","5","true","374","0.6549825719408533","25","true","374","0.6385236839255513","35","true","374","0.5599934929205735","45","true","374","0.34919426104148105","65","true","374","0.3904532470099744","75","true","374","0.2720193160411049","95","true","374","0.6096661245427977","105","true","374","0.4402763788024862","115","true","374","0.4521407562138735","125","true","374","0.36827184847501976","135","true"
"375","0.39537322053628","0","true","375","0.36124905240314165","85","true","375","0.5776996453455597","55","true","375","0.5262343009729594","15","true","375","0.7071826673671934","5","true","375","0.6532405970154788","25","true","375","0.6368254826385152","35","true","375","0.5585041485245082","45","true","375","0.3482655529004133","65","true","375","0.3894148075232458","75","true","375","0.27129586041333603","95","true","375","0.6080446720839073","105","true","375","0.43910543098652216","115","true","375","0.45093825420266637","125","true","375","0.3672924020695011","135","true"
"376","0.39597003038413064","0","true","376","0.3626264018796426","85","true","376","0.5789818449730878","55","true","376","0.5278818327058816","15","true","376","0.7089257706002389","5","true","376","0.6550774915116767","25","true","376","0.6386350874977155","35","true","376","0.5600615054666588","45","true","376","0.3492137287640698","65","true","376","0.3904107076069191","75","true","376","0.272250436344469","95","true","376","0.6097150493748049","105","true","376","0.4402699037715841","115","true","376","0.4524472724283214","125","true","376","0.3679184640637907","135","true"
"377","0.39492249062120965","0","true","377","0.36166707277414095","85","true","377","0.5774501469705134","55","true","377","0.5264853199209455","15","true","377","0.707050305598651","5","true","377","0.6533444822748733","25","true","377","0.6369455766842295","35","true","377","0.5585798612723025","45","true","377","0.3482898829207786","65","true","377","0.38937787504711247","75","true","377","0.27153019709488047","95","true","377","0.6081020465986811","105","true","377","0.4391051685764212","115","true","377","0.4512503219721618","125","true","377","0.36694513479378066","135","true"
"378","0.3954165426775544","0","true","378","0.36302688815896933","85","true","378","0.5787810350091552","55","true","378","0.5281354447622263","15","true","378","0.7087379085694229","5","true","378","0.6553917857446154","25","true","378","0.6388206792188361","35","true","378","0.560092993440217","45","true","378","0.3492724216147618","65","true","378","0.39043808557340154","75","true","378","0.2723175752435496","95","true","378","0.60970353739155","105","true","378","0.4402869906317199","115","true","378","0.45262377933295683","125","true","378","0.36769973331637645","135","true"
"379","0.3943759728284029","0","true","379","0.3620715542427615","85","true","379","0.5772579270222891","55","true","379","0.526745614644431","15","true","379","0.7068728088100296","5","true","379","0.6536670705189718","25","true","379","0.6371395721682602","35","true","379","0.5586190645101112","45","true","379","0.348353283663144","65","true","379","0.3894106169271558","75","true","379","0.27160095004554025","95","true","379","0.6080990543984144","105","true","379","0.43912834065637324","115","true","379","0.45143266412418587","125","true","379","0.3667321024392281","135","true"
"380","0.3949260955257405","0","true","380","0.3634416603106079","85","true","380","0.5785720330610722","55","true","380","0.5284158402211075","15","true","380","0.7085967335193054","5","true","380","0.6554669840170332","25","true","380","0.6389622174931292","35","true","380","0.5601892182467066","45","true","380","0.3492075866667701","65","true","380","0.3904351464662917","75","true","380","0.2724825177729623","95","true","380","0.6097403740906467","105","true","380","0.4401981676860406","115","true","380","0.4529622923558323","125","true","380","0.3673296924233599","135","true"
"381","0.39389225757933805","0","true","381","0.36249024235167954","85","true","381","0.5770574465870902","55","true","381","0.5270325526812617","15","true","381","0.7067417682483125","5","true","381","0.6537511018599205","25","true","381","0.6372895415311053","35","true","381","0.5587227543245948","45","true","381","0.34829343068073143","65","true","381","0.3894130649310396","75","true","381","0.27176921275261423","95","true","381","0.6081441951008807","105","true","381","0.4390458164617316","115","true","381","0.45177652719259714","125","true","381","0.3663680963698956","135","true"
"382","0.39453587792396017","0","true","382","0.3637779772619769","85","true","382","0.578348260964852","55","true","382","0.5286420683844665","15","true","382","0.7084444484437681","5","true","382","0.6557964500390486","25","true","382","0.6391393980653628","35","true","382","0.5602107002931257","45","true","382","0.3492356810321171","65","true","382","0.3904042716502873","75","true","382","0.27257630792172216","95","true","382","0.6097424285872823","105","true","382","0.44020559943516196","115","true","382","0.4530969330352498","125","true","382","0.3670505245014523","135","true"
"383","0.3935084407418665","0","true","383","0.3628306387795239","85","true","383","0.5768421457019227","55","true","383","0.5272653963313819","15","true","383","0.7065995410259457","5","true","383","0.6540886467837387","25","true","383","0.6374749725495676","35","true","383","0.5587518182611124","45","true","383","0.34832621311276263","65","true","383","0.38938759385953137","75","true","383","0.2718664737865093","95","true","383","0.608154557679503","105","true","383","0.43905923068663294","115","true","383","0.4519169931054705","125","true","383","0.3660946637605631","135","true"
"384","0.39399428027514655","0","true","384","0.36422514194441064","85","true","384","0.578184120979046","55","true","384","0.528897180187668","15","true","384","0.7083018224302564","5","true","384","0.6558626043936886","25","true","384","0.639260717075172","35","true","384","0.5602953382378654","45","true","384","0.3492961814020101","65","true","384","0.3904283478209822","75","true","384","0.2727850830164604","95","true","384","0.6098039923513855","105","true","384","0.4401833898970926","115","true","384","0.4534181763311949","125","true","384","0.36679768799033347","135","true"
"385","0.39297356970448555","0","true","385","0.36328155349377744","85","true","385","0.5766862346552661","55","true","385","0.5275269802389952","15","true","385","0.7064668436156702","5","true","385","0.6541634784755703","25","true","385","0.6376046012278269","35","true","385","0.5588437959108243","45","true","385","0.34839126901495826","65","true","385","0.38941687541730086","75","true","385","0.2720783859102001","95","true","385","0.6082241892623923","105","true","385","0.4390430184206753","115","true","385","0.45224351784329025","125","true","385","0.36584743491263827","135","true"
"386","0.3935751559390152","0","true","386","0.36456656671271914","85","true","386","0.5779697921846997","55","true","386","0.5291408458945902","15","true","386","0.7081143290304889","5","true","386","0.6561843870792043","25","true","386","0.6394417822270547","35","true","386","0.5603415414001498","45","true","386","0.34924645774354146","65","true","386","0.39042337411228273","75","true","386","0.2728049630643633","95","true","386","0.609784651591576","105","true","386","0.44015422524810904","115","true","386","0.4536058787789778","125","true","386","0.3664649250336717","135","true"
"387","0.39256078698040947","0","true","387","0.3636269621593359","85","true","387","0.5764801793182442","55","true","387","0.5277770808278516","15","true","387","0.7062892920999979","5","true","387","0.6544931902052888","25","true","387","0.6377937363965726","35","true","387","0.5588973621697371","45","true","387","0.34834633800708903","65","true","387","0.38941712830271497","75","true","387","0.27210185748945515","95","true","387","0.6082130416647936","105","true","387","0.43901980714179945","115","true","387","0.4524367914625371","125","true","387","0.3655204278042034","135","true"
"388","0.3931402274889846","0","true","388","0.36496243948503126","85","true","388","0.5778071448256775","55","true","388","0.5293610959934","15","true","388","0.7079988269421726","5","true","388","0.6563455224843244","25","true","388","0.6395646897011955","35","true","388","0.5604527803414134","45","true","388","0.3492739189254807","65","true","388","0.3903681295132649","75","true","388","0.27303414628404604","95","true","388","0.6098311034326424","105","true","388","0.4401538989447094","115","true","388","0.45393800635480197","125","true","388","0.3661745105983653","135","true"
"389","0.39213217562362823","0","true","389","0.3640266383581465","85","true","389","0.5763255880440732","55","true","389","0.5280037598498272","15","true","389","0.7061834453346286","5","true","389","0.6546625852471852","25","true","389","0.6379247802404232","35","true","389","0.5590157219302816","45","true","389","0.3483783447743897","65","true","389","0.389367185591436","75","true","389","0.27233405872947153","95","true","389","0.6082674339366612","105","true","389","0.43902529920382555","115","true","389","0.45277406274876403","125","true","389","0.36523560159683105","135","true"
"390","0.39261983484432966","0","true","390","0.3653245545474121","85","true","390","0.5775648332942408","55","true","390","0.5296001237104059","15","true","390","0.7078411926624059","5","true","390","0.6566719084695661","25","true","390","0.6397495876038257","35","true","390","0.5604886828894506","45","true","390","0.3493358087650175","65","true","390","0.39040006595182714","75","true","390","0.2731393403886058","95","true","390","0.6098421136805166","105","true","390","0.44013097261917733","115","true","390","0.4540869095596327","125","true","390","0.3658909590191722","135","true"
"391","0.3916182536329921","0","true","391","0.36439260415315844","85","true","391","0.5760914536174698","55","true","391","0.5282491029866548","15","true","391","0.7060354753341854","5","true","391","0.6549967250295927","25","true","391","0.6381175733497343","35","true","391","0.5590588648208551","45","true","391","0.3484446459875557","65","true","391","0.38940414741623575","75","true","391","0.2724425563570022","95","true","391","0.6082863940027602","105","true","391","0.4390081895257611","115","true","391","0.4529285245862663","125","true","391","0.3649575637155519","135","true"
"392","0.3921963411542904","0","true","392","0.365717963646813","85","true","392","0.5773943999471549","55","true","392","0.5298222724777303","15","true","392","0.7077335957732417","5","true","392","0.6567820169141273","25","true","392","0.6398814397823765","35","true","392","0.5605980412740571","45","true","392","0.34928584871955287","65","true","392","0.3904528796318315","75","true","392","0.2733142519945597","95","true","392","0.6098682426440438","105","true","392","0.44008187117637276","115","true","392","0.4543717519891413","125","true","392","0.36555687385875957","135","true"
"393","0.39120091896861964","0","true","393","0.36478974546496834","85","true","393","0.5759289319269845","55","true","393","0.5284775458978376","15","true","393","0.7059373176113807","5","true","393","0.655115057480335","25","true","393","0.638257375214401","35","true","393","0.5591752036058488","45","true","393","0.34839933641315807","65","true","393","0.3894618824754056","75","true","393","0.27262056099964965","95","true","393","0.6083203537033229","105","true","393","0.43896491211247335","115","true","393","0.45321852419221453","125","true","393","0.364629064534245","135","true"
"394","0.39168229004876803","0","true","394","0.36604888455956297","85","true","394","0.577138272121062","55","true","394","0.5300030049164915","15","true","394","0.7075572545439712","5","true","394","0.6570977986780325","25","true","394","0.6400213979008295","35","true","394","0.560635492796881","45","true","394","0.3493186171351771","65","true","394","0.39038000697649056","75","true","394","0.2734096244697665","95","true","394","0.6098613923178957","105","true","394","0.44007325188945107","115","true","394","0.45454528142875195","125","true","394","0.3652255121963264","135","true"
"395","0.3906931933567257","0","true","395","0.3651245186894631","85","true","395","0.5756808522419684","55","true","395","0.5286646134899348","15","true","395","0.7057704938001733","5","true","395","0.655438460802583","25","true","395","0.6384051822495648","35","true","395","0.5592197466029494","45","true","395","0.34843649941513877","65","true","395","0.3893941988780651","75","true","395","0.2727191961251459","95","true","395","0.608321338296891","105","true","395","0.43896195579882114","115","true","395","0.4533974398089824","125","true","395","0.36430322554936595","135","true"
"396","0.39111719162554115","0","true","396","0.3664410841241568","85","true","396","0.5769865443670713","55","true","396","0.5302778163448448","15","true","396","0.7074911928571589","5","true","396","0.6571856404850966","25","true","396","0.6401342913327468","35","true","396","0.5607396492067739","45","true","396","0.3493974605665082","65","true","396","0.39046716620568644","75","true","396","0.2735438523355152","95","true","396","0.6098992486368424","105","true","396","0.44003202742785746","115","true","396","0.4548121827029563","125","true","396","0.36496289193064585","135","true"
"397","0.3901344851139192","0","true","397","0.36552037788263886","85","true","397","0.5755368294314757","55","true","397","0.5289454600223704","15","true","397","0.7057135767947037","5","true","397","0.6555344202828728","25","true","397","0.6385259137163328","35","true","397","0.5593307556158021","45","true","397","0.3485195774997582","65","true","397","0.38948609292376263","75","true","397","0.2728565562241195","95","true","397","0.608366838464388","105","true","397","0.43892641931874227","115","true","397","0.45366943852531066","125","true","397","0.36404589973986534","135","true"
"398","0.3905196483645803","0","true","398","0.36679193101808827","85","true","398","0.5767696335568746","55","true","398","0.5305092554784309","15","true","398","0.7072362913835791","5","true","398","0.6575274598975037","25","true","398","0.6402945151770636","35","true","398","0.5607773884212125","45","true","398","0.3493499757696882","65","true","398","0.39048373657745755","75","true","398","0.2735905941217248","95","true","398","0.6098862161790549","105","true","398","0.4399946111685602","115","true","398","0.4550024433949384","125","true","398","0.36464342888062734","135","true"
"399","0.3895433492436689","0","true","399","0.36587495119054303","85","true","399","0.5753277094729825","55","true","399","0.5291829823397347","15","true","399","0.7054682006551202","5","true","399","0.65588364124776","25","true","399","0.6386937788891209","35","true","399","0.5593754449501595","45","true","399","0.34847660083026394","65","true","399","0.3895075272360139","75","true","399","0.2729066176364205","95","true","399","0.6083615006386073","105","true","399","0.43889462464063883","115","true","399","0.45386493728645105","125","true","399","0.36373182030842577","135","true"
"400","0.3899018170182896","0","true","400","0.3671249057271577","85","true","400","0.5765894855891437","55","true","400","0.5307524975845226","15","true","400","0.7071784472848338","5","true","400","0.6577622937648159","25","true","400","0.6404139757308872","35","true","400","0.5608813031253712","45","true","400","0.349384734933159","65","true","400","0.3904833348587116","75","true","400","0.27369578462358235","95","true","400","0.6099296520805118","105","true","400","0.43999761711680074","115","true","400","0.455275091397573","125","true","400","0.36433964757218973","135","true"
"401","0.3889319120008311","0","true","401","0.36621165969301056","85","true","401","0.5751551833861857","55","true","401","0.5294322177397849","15","true","401","0.7054192969184536","5","true","401","0.6561260691534606","25","true","401","0.6388209061395169","35","true","401","0.5594860760031688","45","true","401","0.3485156186771064","65","true","401","0.3895119832794611","75","true","401","0.27301494933844905","95","true","401","0.6084124141400129","105","true","401","0.43890309568118685","115","true","401","0.454142566294594","125","true","401","0.36343333004091566","135","true"
"402","0.38932137496621944","0","true","402","0.36744922238098415","85","true","402","0.5763872528842131","55","true","402","0.5310168221609789","15","true","402","0.7069709321459433","5","true","402","0.6579789505609653","25","true","402","0.6405416636703982","35","true","402","0.5609141498965269","45","true","402","0.3494678826080765","65","true","402","0.39054806409484716","75","true","402","0.273818444239029","95","true","402","0.6099133932102498","105","true","402","0.4400124062791207","115","true","402","0.4554739368401069","125","true","402","0.3640844431572177","135","true"
"403","0.38835770819650106","0","true","403","0.36653969460281344","85","true","403","0.5749605517632126","55","true","403","0.5297024240863231","15","true","403","0.7052210040960771","5","true","403","0.6563502897922501","25","true","403","0.6389561645028972","35","true","403","0.5595257485353969","45","true","403","0.3486028630966703","65","true","403","0.3895813609658995","75","true","403","0.2731406758126948","95","true","403","0.6084037065933927","105","true","403","0.4389232666596179","115","true","403","0.45434652610535414","125","true","403","0.3631832440404919","135","true"
"404","0.3888563929530882","0","true","404","0.36770452668721915","85","true","404","0.5761705634971129","55","true","404","0.531245797831829","15","true","404","0.7068971197261512","5","true","404","0.6581470850144335","25","true","404","0.6406737957333959","35","true","404","0.5610156280472424","45","true","404","0.3494203298417417","65","true","404","0.3906425516720648","75","true","404","0.2738644268813382","95","true","404","0.6099327023588821","105","true","404","0.4399749246845687","115","true","404","0.4557403091451411","125","true","404","0.3637529353553472","135","true"
"405","0.38789861858620867","0","true","405","0.36679885051311273","85","true","405","0.5747514241781545","55","true","405","0.5299373106450511","15","true","405","0.7051559938154957","5","true","405","0.6565260330809005","25","true","405","0.6390957814581905","35","true","405","0.5596338161555003","45","true","405","0.34855968863523495","65","true","405","0.38968037789947346","75","true","405","0.27318988395798516","95","true","405","0.6084304050624317","105","true","405","0.43889124260406487","115","true","405","0.4546177960684289","125","true","405","0.36285699216481676","135","true"
"406","0.3882806993415246","0","true","406","0.3679996407530935","85","true","406","0.5759694819434455","55","true","406","0.5314317378207664","15","true","406","0.7066690701334817","5","true","406","0.6584019940476401","25","true","406","0.6408345137295691","35","true","406","0.5610490639703791","45","true","406","0.3494605932644839","65","true","406","0.39064974160486654","75","true","406","0.2739864426886333","95","true","406","0.609921328152662","105","true","406","0.4400118516196975","115","true","406","0.4559441356441281","125","true","406","0.36345030032788267","135","true"
"407","0.3873290309607855","0","true","407","0.3670976808492869","85","true","407","0.5745577920367214","55","true","407","0.5301292090515979","15","true","407","0.7049370380988408","5","true","407","0.6567882636700724","25","true","407","0.6392638409018006","35","true","407","0.5596739437155498","45","true","407","0.3486040722025612","65","true","407","0.38969226674799184","75","true","407","0.27331490728988667","95","true","407","0.6084264229366015","105","true","407","0.438933391199061","115","true","407","0.45482662550774544","125","true","407","0.3625594907682555","135","true"
"408","0.3876979141268058","0","true","408","0.36830082038203343","85","true","408","0.5757765574987261","55","true","408","0.5317301812989732","15","true","408","0.7066247573380037","5","true","408","0.6585558834311607","25","true","408","0.6409327527677384","35","true","408","0.5611707414416072","45","true","408","0.34954871035128127","65","true","408","0.3907803024656601","75","true","408","0.2740641889830552","95","true","408","0.6099598043926775","105","true","408","0.4400026406804146","115","true","408","0.45616725510152456","125","true","408","0.36319116667490114","135","true"
"409","0.3867523094582038","0","true","409","0.36740252569817483","85","true","409","0.5743722244316561","55","true","409","0.5304332784177562","15","true","409","0.7049012823201061","5","true","409","0.6569496495691335","25","true","409","0.6393695021512318","35","true","409","0.5598020323161399","45","true","409","0.3486961525211562","65","true","409","0.38982717977671943","75","true","409","0.2733957397416331","95","true","409","0.6084720975526954","105","true","409","0.43892946350802337","115","true","409","0.4550546520403013","125","true","409","0.36230533456105996","135","true"
"410","0.3871308945507007","0","true","410","0.3685126491476891","85","true","410","0.575584182960287","55","true","410","0.5319428309890893","15","true","410","0.7064319821700275","5","true","410","0.6587637509483892","25","true","410","0.6410904561470284","35","true","410","0.5612000402451884","45","true","410","0.34950134459812776","65","true","410","0.3908599313940819","75","true","410","0.2741129238220914","95","true","410","0.6099411170553579","105","true","410","0.44002123247236624","115","true","410","0.45629413613580044","125","true","410","0.3629060317739697","135","true"
"411","0.38619125645713104","0","true","411","0.3676182009701462","85","true","411","0.5741871339725193","55","true","411","0.5306517076129023","15","true","411","0.7047173414366051","5","true","411","0.6571648098053107","25","true","411","0.639534411350555","35","true","411","0.5598379042251758","45","true","411","0.3486530403636663","65","true","411","0.3899112422402128","75","true","411","0.2734476011914553","95","true","411","0.6084606774508546","105","true","411","0.4389532197721906","115","true","411","0.45518662609663585","125","true","411","0.36202519189102317","135","true"
"412","0.3864923448458997","0","true","412","0.3687697580374122","85","true","412","0.5753985533073961","55","true","412","0.5321288225343951","15","true","412","0.7063528073084577","5","true","412","0.6588385950462929","25","true","412","0.6411565817493322","35","true","412","0.5612943120569981","45","true","412","0.34954108400571826","65","true","412","0.3909627135117707","75","true","412","0.27420037356995713","95","true","412","0.6099724471648765","105","true","412","0.44003787905991043","115","true","412","0.4565227204304443","125","true","412","0.36259071665985326","135","true"
"413","0.38555878845738306","0","true","413","0.3678790098295923","85","true","413","0.5740087017293588","55","true","413","0.5308434872142637","15","true","413","0.7046466411072295","5","true","413","0.6572471974737173","25","true","413","0.6396078943538024","35","true","413","0.5599385286945415","45","true","413","0.34869678187043873","65","true","413","0.3900183591313075","75","true","413","0.2735380538270345","95","true","413","0.6084990837659275","105","true","413","0.4389749856322295","115","true","413","0.45542000854534664","125","true","413","0.36171489367275217","135","true"
"414","0.3858779818584947","0","true","414","0.3690449354296293","85","true","414","0.57524765782563","55","true","414","0.5323819368007905","15","true","414","0.7061375979144855","5","true","414","0.6590820798988098","25","true","414","0.641298289644974","35","true","414","0.5613315358742319","45","true","414","0.34962753920335116","65","true","414","0.39107260854807274","75","true","414","0.2742812590351863","95","true","414","0.6099658421884007","105","true","414","0.4400834706839081","115","true","414","0.4566445916914566","125","true","414","0.36234807099900573","135","true"
"415","0.3849503905559502","0","true","415","0.36815780818100036","85","true","415","0.5738648509558569","55","true","415","0.5311021725296348","15","true","415","0.7044401517656526","5","true","415","0.6574977479759762","25","true","415","0.6397567072179428","35","true","415","0.5599821812206881","45","true","415","0.34878708838795847","65","true","415","0.3901325301621399","75","true","415","0.27362192908558247","95","true","415","0.6084995781446786","105","true","415","0.4390255777255333","115","true","415","0.4555468883460444","125","true","415","0.36147704198218117","135","true"
"416","0.3853237879967982","0","true","416","0.36924031994191625","85","true","416","0.5750243176693095","55","true","416","0.5326318753491486","15","true","416","0.7060381679613769","5","true","416","0.6591981389480757","25","true","416","0.6413829670736256","35","true","416","0.561447982755744","45","true","416","0.3495815991523226","65","true","416","0.3912027180136965","75","true","416","0.2742784560315594","95","true","416","0.6099970328409112","105","true","416","0.44006545021546734","115","true","416","0.45688136033999077","125","true","416","0.36204156307263885","135","true"
"417","0.3844019607527867","0","true","417","0.3683569698942083","85","true","417","0.5736486614069427","55","true","417","0.5313576364129066","15","true","417","0.7043490814351535","5","true","417","0.65762110990753","25","true","417","0.6398485580614878","35","true","417","0.5601048057635054","45","true","417","0.3487452795371257","65","true","417","0.39026682634380727","75","true","417","0.27362228747646","95","true","417","0.6085377097958373","105","true","417","0.43901266205705713","115","true","417","0.4557883427315219","125","true","417","0.3611754349313167","135","true"
"418","0.38466667439788865","0","true","418","0.36946077439864233","85","true","418","0.5748705929095476","55","true","418","0.532809015631725","15","true","418","0.7058086738121435","5","true","418","0.6593835885737748","25","true","418","0.6415044484080552","35","true","418","0.5614974388306873","45","true","418","0.3496203864225529","65","true","418","0.39131970374907515","75","true","418","0.2743305903298755","95","true","418","0.6099959230837874","105","true","418","0.4400937683044103","115","true","418","0.45700499354373897","125","true","418","0.361781786648422","135","true"
"419","0.38375080136360795","0","true","419","0.3685811058881694","85","true","419","0.57350185340262","55","true","419","0.5315404227373638","15","true","419","0.7041281769697336","5","true","419","0.6578136276485991","25","true","419","0.6399770568642265","35","true","419","0.5601605401668046","45","true","419","0.3487879569310706","65","true","419","0.3903879901687202","75","true","419","0.2736774222576615","95","true","419","0.6085435518383498","105","true","419","0.4390459259989236","115","true","419","0.4559168864162539","125","true","419","0.36092040144211623","135","true"
"420","0.3840284303172364","0","true","420","0.369681221407974","85","true","420","0.5746626934841347","55","true","420","0.5330454226742183","15","true","420","0.705731752983268","5","true","420","0.6594331785928099","25","true","420","0.641590524534562","35","true","420","0.5616209815847922","45","true","420","0.3496939315379679","65","true","420","0.39145836563011166","75","true","420","0.2743748971355509","95","true","420","0.6100253282572939","105","true","420","0.4400738436207446","115","true","420","0.4572386581523047","125","true","420","0.36154126479414966","135","true"
"421","0.3831184103401813","0","true","421","0.3688051995562963","85","true","421","0.5733009335469685","55","true","421","0.5317822818621941","15","true","421","0.7040594028577152","5","true","421","0.657870540728846","25","true","421","0.6400701678413522","35","true","421","0.5602901261781932","45","true","421","0.3488652729324277","65","true","421","0.3905307391712725","75","true","421","0.27372471965418704","95","true","421","0.6085797706073952","105","true","421","0.4390310146074253","115","true","421","0.4561551542230338","125","true","421","0.3606845319391872","135","true"
"422","0.3834400943470532","0","true","422","0.36988821482884937","85","true","422","0.574506328039483","55","true","422","0.5332818172529995","15","true","422","0.7054852367179237","5","true","422","0.6597297776180069","25","true","422","0.6417688496579114","35","true","422","0.5616522798869337","45","true","422","0.34965065251655536","65","true","422","0.39156471389013925","75","true","422","0.2744237858641922","95","true","422","0.6100133481684484","105","true","422","0.440125020011853","115","true","422","0.45739548326691953","125","true","422","0.3612503387747078","135","true"
"423","0.38253575450189503","0","true","423","0.36901583696368695","85","true","423","0.573151360284673","55","true","423","0.5320240771179688","15","true","423","0.7038213564426455","5","true","423","0.6581738111613606","25","true","423","0.6402552438804163","35","true","423","0.5603276282834267","45","true","423","0.34882600475118614","65","true","423","0.3906412122064361","75","true","423","0.27377655995413513","95","true","423","0.608574637441636","105","true","423","0.43908698930427786","115","true","423","0.45631672033468623","125","true","423","0.3603983332587297","135","true"
"424","0.38277698291725076","0","true","424","0.3700870071550328","85","true","424","0.5743174517888827","55","true","424","0.5334746515558243","15","true","424","0.7053789770240958","5","true","424","0.6598017677196515","25","true","424","0.6418833824434086","35","true","424","0.5617664465729252","45","true","424","0.34968948485453377","65","true","424","0.39165746005307617","75","true","424","0.2744865796668472","95","true","424","0.6100654812175274","105","true","424","0.4401124216607424","115","true","424","0.4575971084039515","125","true","424","0.36095839770789173","135","true"
"425","0.38187844539866567","0","true","425","0.3692182583119458","85","true","425","0.5729692887565145","55","true","425","0.532222363641374","15","true","425","0.7037231578292035","5","true","425","0.658252937278995","25","true","425","0.6403766139400203","35","true","425","0.5604477459941155","45","true","425","0.34886861751919446","65","true","425","0.3907380763440314","75","true","425","0.2738422449727935","95","true","425","0.60863340262312","105","true","425","0.43907929391036504","115","true","425","0.4565229367879798","125","true","425","0.36011107752547883","135","true"
"426","0.3821377344773877","0","true","426","0.3702878881644942","85","true","426","0.5740956124800186","55","true","426","0.5336721547648717","15","true","426","0.705163879254973","5","true","426","0.6599469627037746","25","true","426","0.6420558481051771","35","true","426","0.5617977581738717","45","true","426","0.3497723038588296","65","true","426","0.3918397451884109","75","true","426","0.27454787386587226","95","true","426","0.610049901475083","105","true","426","0.4401266279564908","115","true","426","0.4577530074090092","125","true","426","0.3607328523704232","135","true"
"427","0.3812448893033751","0","true","427","0.36942272954728744","85","true","427","0.5727542675910466","55","true","427","0.5324252572070098","15","true","427","0.7035163000978353","5","true","427","0.6584050305479247","25","true","427","0.6405557176189501","35","true","427","0.5604851465893532","45","true","427","0.3489550788498137","65","true","427","0.3909242317650735","75","true","427","0.27390640687085854","95","true","427","0.6086245512379916","105","true","427","0.4390982947136018","115","true","427","0.45668349103655825","125","true","427","0.3598900186032026","135","true"
"428","0.3814906808610922","0","true","428","0.3704602701326759","85","true","428","0.5739114137300306","55","true","428","0.5338953759504931","15","true","428","0.7050712167541171","5","true","428","0.660052579463918","25","true","428","0.6421700493238117","35","true","428","0.5619129830612497","45","true","428","0.3497292647662906","65","true","428","0.391995324129466","75","true","428","0.2745505858058863","95","true","428","0.6100677147999093","105","true","428","0.4401041164174289","115","true","428","0.4579426963173339","125","true","428","0.36045100302781746","135","true"
"429","0.3806034932311827","0","true","429","0.36959873462073944","85","true","429","0.5725767360236818","55","true","429","0.5326537587971198","15","true","429","0.7034315162500377","5","true","429","0.6585175734651647","25","true","429","0.640676630604454","35","true","429","0.5606062086820375","45","true","429","0.3489159408947411","65","true","429","0.3910837070966068","75","true","429","0.27391209607145406","95","true","429","0.6086489526724675","105","true","429","0.4390806184722721","115","true","429","0.45687771330264243","125","true","429","0.3596127448812411","135","true"
"430","0.3808285629418033","0","true","430","0.37056977708584926","85","true","430","0.5736711921248852","55","true","430","0.5340048812209442","15","true","430","0.7048674990831257","5","true","430","0.6602946143462617","25","true","430","0.6423415949409879","35","true","430","0.5618815498258274","45","true","430","0.34976719172485526","65","true","430","0.3920502762102065","75","true","430","0.2746667459482792","95","true","430","0.6100598817067637","105","true","430","0.4401607789346022","115","true","430","0.4581010089752826","125","true","430","0.3601696009095663","135","true"
"431","0.379947015342401","0","true","431","0.3697119766759283","85","true","431","0.5723432495505221","55","true","431","0.5327687588107106","15","true","431","0.7032358613537666","5","true","431","0.6587661545908305","25","true","431","0.6408546931008468","35","true","431","0.5605808980901195","45","true","431","0.34895754544771435","65","true","431","0.39114275242268287","75","true","431","0.27403094329562117","95","true","431","0.6086477060546647","105","true","431","0.43914188824262396","115","true","431","0.457040589973025","125","true","431","0.3593358749815349","135","true"
"432","0.3802132632995983","0","true","432","0.3706914586810145","85","true","432","0.5735183582034977","55","true","432","0.5342805978475824","15","true","432","0.7047132684898856","5","true","432","0.6603501713306428","25","true","432","0.6424771475280343","35","true","432","0.561994627423858","45","true","432","0.349847819699097","65","true","432","0.39221143473120124","75","true","432","0.27466825101230835","95","true","432","0.6100972098760479","105","true","432","0.44015873778951836","115","true","432","0.45820564725647916","125","true","432","0.3599082161865566","135","true"
"433","0.37933719587264075","0","true","433","0.3698373308960352","85","true","433","0.5721968873320611","55","true","433","0.5330495365622193","15","true","433","0.7030895051984342","5","true","433","0.6588286271570699","25","true","433","0.6409967854369559","35","true","433","0.5606997089274897","45","true","433","0.34904171873204837","65","true","433","0.3913077217479496","75","true","433","0.2740353748579021","95","true","433","0.6086914559362413","105","true","433","0.43914454714945034","115","true","433","0.4571498738757038","125","true","433","0.3590789345824401","135","true"
"434","0.3795853363632735","0","true","434","0.37072217456363915","85","true","434","0.5733470059120654","55","true","434","0.5343668663037495","15","true","434","0.7044861388620146","5","true","434","0.6605707012261518","25","true","434","0.6426034133026041","35","true","434","0.5619703811512027","45","true","434","0.3498065331959462","65","true","434","0.3923762262055266","75","true","434","0.27468963504801175","95","true","434","0.6100674445411428","105","true","434","0.4401743403741482","115","true","434","0.45833970527580364","125","true","434","0.3596208117518736","135","true"
"435","0.37871472779363297","0","true","435","0.36987189434675005","85","true","435","0.5720319898434598","55","true","435","0.5331412542250712","15","true","435","0.702870344965542","5","true","435","0.6590556308104955","25","true","435","0.6411295522629192","35","true","435","0.5606814582586541","45","true","435","0.3490042246335701","65","true","435","0.3914762807325781","75","true","435","0.2740596129492778","95","true","435","0.608668207283021","105","true","435","0.43916476619897815","115","true","435","0.45728846741966644","125","true","435","0.3587959933762959","135","true"
"436","0.3789486413631655","0","true","436","0.3707266365144571","85","true","436","0.5731404913597039","55","true","436","0.5345644372013898","15","true","436","0.704411937345388","5","true","436","0.6605909567014157","25","true","436","0.6427259189981633","35","true","436","0.5620027983737769","45","true","436","0.34984358578698055","65","true","436","0.39246220114653996","75","true","436","0.27468678193915164","95","true","436","0.6101091754474941","105","true","436","0.4402061528397669","115","true","436","0.45845676924061973","125","true","436","0.3593530720641367","135","true"
"437","0.37808346181667424","0","true","437","0.3698802286685337","85","true","437","0.5718319514250927","55","true","437","0.5333439704497884","15","true","437","0.7028036909130926","5","true","437","0.6590827581701338","25","true","437","0.641258508224195","35","true","437","0.5607196869619646","45","true","437","0.34904485613906505","65","true","437","0.39156616872383093","75","true","437","0.27405964316760106","95","true","437","0.6087162321245546","105","true","437","0.43920111596113726","115","true","437","0.45741006428801556","125","true","437","0.3585326312603373","135","true"
"438","0.3783480422764917","0","true","438","0.37078027378453426","85","true","438","0.572911171407536","55","true","438","0.5347141285197201","15","true","438","0.7042512462128957","5","true","438","0.6608624567668024","25","true","438","0.6428547823242919","35","true","438","0.5619745039544882","45","true","438","0.34992276374762393","65","true","438","0.39266232044818705","75","true","438","0.2747436634931652","95","true","438","0.6101014737652732","105","true","438","0.44024491308393565","115","true","438","0.45858725961911184","125","true","438","0.3590996255352246","135","true"
"439","0.37748816036222693","0","true","439","0.36993759134411486","85","true","439","0.571609100563428","55","true","439","0.5334988691367207","15","true","439","0.7026506751987756","5","true","439","0.659360496637787","25","true","439","0.6413937487281004","35","true","439","0.5606972891727735","45","true","439","0.3491274847391066","65","true","439","0.39176990608353207","75","true","439","0.2741192460761353","95","true","439","0.6087148795067158","105","true","439","0.43924435646329035","115","true","439","0.4575450158472502","125","true","439","0.35828349002264454","135","true"
"440","0.37775018378004943","0","true","440","0.3707970637027575","85","true","440","0.5727413218636415","55","true","440","0.5349287254192191","15","true","440","0.7041180285007502","5","true","440","0.6608586607296357","25","true","440","0.6429860805694919","35","true","440","0.5620042912012465","45","true","440","0.34988169908329814","65","true","440","0.39283574329754206","75","true","440","0.2747233390088983","95","true","440","0.6101261725449882","105","true","440","0.4402874170451826","115","true","440","0.45865850541129777","125","true","440","0.35880965883541643","135","true"
"441","0.3768955453552077","0","true","441","0.3699581563188146","85","true","441","0.5714455270177962","55","true","441","0.5337184794341078","15","true","441","0.7025250012869476","5","true","441","0.6593635053886184","25","true","441","0.6415313609301944","35","true","441","0.5607327882799766","45","true","441","0.34909011152881103","65","true","441","0.39194697464754763","75","true","441","0.27410179299304105","95","true","441","0.6087457965890041","105","true","441","0.4392912916672523","115","true","441","0.4576208164850279","125","true","441","0.3579978722769653","135","true"
"442","0.3771371168263882","0","true","442","0.370729543736502","85","true","442","0.5724797801697241","55","true","442","0.5350423741266725","15","true","442","0.7039178545768249","5","true","442","0.6610273630214986","25","true","442","0.6430943706462801","35","true","442","0.5619774148042728","45","true","442","0.3498972052192074","65","true","442","0.3930336050567478","75","true","442","0.27480573909027367","95","true","442","0.610110616173073","105","true","442","0.4403412391148945","115","true","442","0.4587891292747621","125","true","442","0.3585374783387799","135","true"
"443","0.37628770890560803","0","true","443","0.369894567286645","85","true","443","0.571190411295468","55","true","443","0.5338373237344954","15","true","443","0.7023324540034536","5","true","443","0.6595385626543331","25","true","443","0.6416459599015812","35","true","443","0.560711699906065","45","true","443","0.3491091484506957","65","true","443","0.3921483942345479","75","true","443","0.2741868072454757","95","true","443","0.6087364931636743","105","true","443","0.43934947956733844","115","true","443","0.4577558204250442","125","true","443","0.35772996149567454","135","true"
"444","0.3765305990089349","0","true","444","0.37070075113820933","85","true","444","0.57229881462543","55","true","444","0.5352332117597125","15","true","444","0.703769631625162","5","true","444","0.6610528622218783","25","true","444","0.6432115065816727","35","true","444","0.5620110996501366","45","true","444","0.3499901131230689","65","true","444","0.3931846653502783","75","true","444","0.2748082335356214","95","true","444","0.6101555430426886","105","true","444","0.4403936557140798","115","true","444","0.4588694873102724","125","true","444","0.3583209811356234","135","true"
"445","0.3756863599977041","0","true","445","0.3698695835347604","85","true","445","0.5710156334267182","55","true","445","0.5340331372938836","15","true","445","0.7021916728098591","5","true","445","0.6595706809164481","25","true","445","0.6417693283157946","35","true","445","0.56075098507693","45","true","445","0.34920538192772566","65","true","445","0.39230308538312525","75","true","445","0.27419207157702136","95","true","445","0.6087874812869876","105","true","445","0.4394062259927478","115","true","445","0.4578406319575588","125","true","445","0.3575175708640188","135","true"
"446","0.37591431541027315","0","true","446","0.3707512571418483","85","true","446","0.5720769174951824","55","true","446","0.5353557007561939","15","true","446","0.7035996397011024","5","true","446","0.6612772171840392","25","true","446","0.643337211877375","35","true","446","0.5619834496822967","45","true","446","0.3499617219863967","65","true","446","0.3934620221287555","75","true","446","0.2748528775100978","95","true","446","0.6101328655143214","105","true","446","0.4404529097850645","115","true","446","0.4589642354939282","125","true","446","0.3580341120299656","135","true"
"447","0.37507522095623236","0","true","447","0.3699236873714424","85","true","447","0.5707999600900592","55","true","447","0.5341607103527203","15","true","447","0.7020291047910553","5","true","447","0.6598011519671105","25","true","447","0.6419011913151488","35","true","447","0.5607290223392559","45","true","447","0.3491805574283913","65","true","447","0.3925837586865038","75","true","447","0.27423936662279846","95","true","447","0.6087709617966555","105","true","447","0.43946975596858","115","true","447","0.4579397617539864","125","true","447","0.35723492874418444","135","true"
"448","0.37531036834051085","0","true","448","0.3707193185407676","85","true","448","0.5718602699332378","55","true","448","0.5354912238956294","15","true","448","0.7034441294066375","5","true","448","0.6612911246315115","25","true","448","0.6434282904153585","35","true","448","0.5620160604863673","45","true","448","0.3499846204918323","65","true","448","0.3936130640089736","75","true","448","0.27490929165373523","95","true","448","0.6101516488036163","105","true","448","0.4405080005195596","115","true","448","0.4590495368305412","125","true","448","0.3577816391668617","135","true"
"449","0.37447634529975415","0","true","449","0.36989549783289927","85","true","449","0.5705894693333862","55","true","449","0.5343012433980836","15","true","449","0.7018809202301782","5","true","449","0.659821588798997","25","true","449","0.641998449769991","35","true","449","0.5607671359075087","45","true","449","0.34920687689073937","65","true","449","0.3927383683111759","75","true","449","0.2742983821167269","95","true","449","0.6087957562507194","105","true","449","0.43952909385173833","115","true","449","0.4580294267486956","125","true","449","0.356986568857602","135","true"
"450","0.3747126480448769","0","true","450","0.37062444419753665","85","true","450","0.5716653595485418","55","true","450","0.5356553240129294","15","true","450","0.7032913157826909","5","true","450","0.6614108106311356","25","true","450","0.643523693311181","35","true","450","0.5619911577297358","45","true","450","0.35007507459406084","65","true","450","0.39386032176450736","75","true","450","0.27494537452310563","95","true","450","0.6101610367959663","105","true","450","0.4405318987566428","115","true","450","0.4591637368041469","125","true","450","0.3575318284985498","135","true"
"451","0.3738836377615918","0","true","451","0.3698044786130288","85","true","451","0.5704006131778592","55","true","451","0.5344702458624584","15","true","451","0.7017353615442335","5","true","451","0.6599475123775269","25","true","451","0.6420999683259793","35","true","451","0.5607478144604222","45","true","451","0.34930057221664035","65","true","451","0.39298894937122303","75","true","451","0.27433708829628456","95","true","451","0.6088111229977452","105","true","451","0.4395572706620484","115","true","451","0.4581478878289165","125","true","451","0.3567408288779778","135","true"
"452","0.3741195449719363","0","true","452","0.3705261907103467","85","true","452","0.5715122819924957","55","true","452","0.535762087451291","15","true","452","0.7031659969195635","5","true","452","0.6615044371838474","25","true","452","0.6436330772364057","35","true","452","0.5620264996688397","45","true","452","0.3500558098539831","65","true","452","0.3940326955192528","75","true","452","0.2749475855734556","95","true","452","0.610157597994846","105","true","452","0.44060210163119845","115","true","452","0.45922854941369473","125","true","452","0.3572747639840705","135","true"
"453","0.3732954931107646","0","true","453","0.36971005372640325","85","true","453","0.5702534443669616","55","true","453","0.5345819947476538","15","true","453","0.7016171731378024","5","true","453","0.6600473789521649","25","true","453","0.6422153832336823","35","true","453","0.56078855583697","45","true","453","0.3492847618146571","65","true","453","0.39316478209299893","75","true","453","0.27434197415148764","95","true","453","0.6088136385278969","105","true","453","0.43963161242055704","115","true","453","0.4582170327850302","125","true","453","0.3564878151647223","135","true"
"454","0.3735036441858288","0","true","454","0.37041287627646435","85","true","454","0.5712620671510411","55","true","454","0.5358781061172918","15","true","454","0.7029606057622039","5","true","454","0.6617038383921714","25","true","454","0.6436973692864068","35","true","454","0.5620370300925297","45","true","454","0.35006712469247475","65","true","454","0.3942464532430691","75","true","454","0.27503056816305305","95","true","454","0.6101550638946927","105","true","454","0.440608760332019","115","true","454","0.45931330067940795","125","true","454","0.35701833298393665","135","true"
"455","0.3726845572468248","0","true","455","0.3696005673372616","85","true","455","0.5700092994599204","55","true","455","0.5347029348319469","15","true","455","0.7014190254864096","5","true","455","0.6602527334834166","25","true","455","0.642285752248498","35","true","455","0.5608044927458355","45","true","455","0.3492994336295526","65","true","455","0.3933818776877115","75","true","455","0.27442743095216915","95","true","455","0.6088170045440464","105","true","455","0.43964251305058916","115","true","455","0.4583060346691461","125","true","455","0.3562353980431824","135","true"
"456","0.3729042220330788","0","true","456","0.3703358663493754","85","true","456","0.5710804882148042","55","true","456","0.5360585060648728","15","true","456","0.7028183676509071","5","true","456","0.6617785614738322","25","true","456","0.6437845461769929","35","true","456","0.5619926994832405","45","true","456","0.35016879637248227","65","true","456","0.39442703425341913","75","true","456","0.27502688570092093","95","true","456","0.6101609844192006","105","true","456","0.44069801896620403","115","true","456","0.45936941625800737","125","true","456","0.35679224818170796","135","true"
"457","0.372090020674928","0","true","457","0.3695272727547261","85","true","457","0.5698335875855142","55","true","457","0.5348880726455172","15","true","457","0.7012838297302719","5","true","457","0.6603336301169025","25","true","457","0.6423789030630693","35","true","457","0.5607656411874256","45","true","457","0.3494042356817127","65","true","457","0.3935658398554859","75","true","457","0.27442639031729443","95","true","457","0.6088287551955779","105","true","457","0.4397357962173695","115","true","457","0.4583664262661777","125","true","457","0.35601322580576533","135","true"
"458","0.37230350884521346","0","true","458","0.3701993421673937","85","true","458","0.5708608942998223","55","true","458","0.5361636802330618","15","true","458","0.7025959350143818","5","true","458","0.6619922381778264","25","true","458","0.6438581845771856","35","true","458","0.56201317440082","45","true","458","0.3501526377003477","65","true","458","0.3947137395002831","75","true","458","0.27506930156880605","95","true","458","0.610147525111768","105","true","458","0.4407234328704777","115","true","458","0.4594116723790155","125","true","458","0.3565329647460228","135","true"
"459","0.3714941533912021","0","true","459","0.36939456098876894","85","true","459","0.5696198923556923","55","true","459","0.5349981070151639","15","true","459","0.7010685525469592","5","true","459","0.6605531246165702","25","true","459","0.642458492871583","35","true","459","0.5607914066303834","45","true","459","0.3493914363140426","65","true","459","0.3938556661535434","75","true","459","0.2744713248262652","95","true","459","0.6088211174484814","105","true","459","0.43976533845119403","115","true","459","0.4584129513521046","125","true","459","0.35575789308353145","135","true"
"460","0.3717356573444778","0","true","460","0.3699675758815527","85","true","460","0.5706535164345475","55","true","460","0.5362851898034224","15","true","460","0.7024302456093877","5","true","460","0.66204266409412","25","true","460","0.6439270677455421","35","true","460","0.562045752595581","45","true","460","0.35016612608406006","65","true","460","0.39485489852980266","75","true","460","0.2750726814270954","95","true","460","0.6101565293558773","105","true","460","0.44075801065305287","115","true","460","0.45949417239222984","125","true","460","0.3562850094367285","135","true"
"461","0.37093103470953304","0","true","461","0.3691667802627615","85","true","461","0.5694183356630441","55","true","461","0.5351243993493024","15","true","461","0.7009098338223545","5","true","461","0.6606096713146956","25","true","461","0.6425332862136253","35","true","461","0.5608292033475386","45","true","461","0.34940819074621576","65","true","461","0.3940002342472706","75","true","461","0.27447728601275106","95","true","461","0.6088358442274013","105","true","461","0.43980398898497264","115","true","461","0.4584995962615107","125","true","461","0.355513829762623","135","true"
"462","0.37115065054309637","0","true","462","0.36981152333190187","85","true","462","0.5704472134183264","55","true","462","0.5364603752931432","15","true","462","0.7022012971215871","5","true","462","0.6622432166332801","25","true","462","0.6439533975557344","35","true","462","0.5620535556399431","45","true","462","0.3502617399829781","65","true","462","0.3951387403067624","75","true","462","0.27509822130999734","95","true","462","0.6101603362554143","105","true","462","0.44080330081709357","115","true","462","0.4595658476442","125","true","462","0.3560611545217663","135","true"
"463","0.37035075689968455","0","true","463","0.3690145157385141","85","true","463","0.5692178013204421","55","true","463","0.5353042106912183","15","true","463","0.7006879322571009","5","true","463","0.6608159683215705","25","true","463","0.642565566957554","35","true","463","0.5608422333217535","45","true","463","0.34950686554335963","65","true","463","0.3942871481940323","75","true","463","0.2745053372123465","95","true","463","0.608845335530726","105","true","463","0.43985329370326365","115","true","463","0.4585754040070358","125","true","463","0.35529378134391765","135","true"
"464","0.3705499669623169","0","true","464","0.3696736630642721","85","true","464","0.5703026386644233","55","true","464","0.5366197696592044","15","true","464","0.7020653299426075","5","true","464","0.6622533626384228","25","true","464","0.644045099674511","35","true","464","0.5620897872922519","45","true","464","0.3502453900523743","65","true","464","0.39538268158294426","75","true","464","0.2751013585681781","95","true","464","0.6101474071648457","105","true","464","0.44089780184981275","115","true","464","0.45959572923259084","125","true","464","0.35579893985584987","135","true"
"465","0.3697547953593935","0","true","465","0.36888037194181655","85","true","465","0.569078813259564","55","true","465","0.5354682250891203","15","true","465","0.7005587519813573","5","true","465","0.6608322180834048","25","true","465","0.6426630286451664","35","true","465","0.5608835860319681","45","true","465","0.3494937905029057","65","true","465","0.3945342208928521","75","true","465","0.27451101230515623","95","true","465","0.6088380779649212","105","true","465","0.4399516692278174","115","true","465","0.45860947230290716","125","true","465","0.3550354228175326","135","true"
"466","0.3699625192369342","0","true","466","0.3694269658932712","85","true","466","0.5700377575621587","55","true","466","0.5367146428204139","15","true","466","0.7018187725473085","5","true","466","0.6624299868903809","25","true","466","0.6440751915735171","35","true","466","0.5620656873851593","45","true","466","0.3502746755622615","65","true","466","0.39568587825776946","75","true","466","0.2751200127714459","95","true","466","0.6101497598684934","105","true","466","0.44092839888341623","115","true","466","0.4595984764556564","125","true","466","0.3555632737578634","135","true"
"467","0.36917200103343645","0","true","467","0.3686375920345249","85","true","467","0.5688197281656583","55","true","467","0.5355678166605412","15","true","467","0.7003191597854553","5","true","467","0.6610145382004442","25","true","467","0.6426989625316935","35","true","467","0.5608646923266439","45","true","467","0.34952622540080364","65","true","467","0.3948403956119195","75","true","467","0.27453214949629323","95","true","467","0.6088460210653556","105","true","467","0.4399862441849474","115","true","467","0.4586164284290417","125","true","467","0.3548035231729107","135","true"
"468","0.3693941747525795","0","true","468","0.3691425829129399","85","true","468","0.5698903390392126","55","true","468","0.5369136278737205","15","true","468","0.7016386479829735","5","true","468","0.6624891311172174","25","true","468","0.6441288094337847","35","true","468","0.5620974571169531","45","true","468","0.350370898362947","65","true","468","0.3959050421263049","75","true","468","0.2751014475232288","95","true","468","0.6101609258141769","105","true","468","0.44102696316828593","115","true","468","0.459584615009923","125","true","468","0.3553473551375211","135","true"
"469","0.3686082296999144","0","true","469","0.3683571731620613","85","true","469","0.568677806402959","55","true","469","0.5357712584527127","15","true","469","0.7001457997957756","5","true","469","0.6610795797744148","25","true","469","0.6427583226052022","35","true","469","0.560901505080534","45","true","469","0.34962542836643007","65","true","469","0.3950626909728447","75","true","469","0.27451612529445596","95","true","469","0.6088627110784021","105","true","469","0.4400886079275023","115","true","469","0.4586067754035189","125","true","469","0.35459129693510083","135","true"
"470","0.3688022364500118","0","true","470","0.3689435498289817","85","true","470","0.5696921552249843","55","true","470","0.537020758433683","15","true","470","0.7014041386994094","5","true","470","0.662587469806865","25","true","470","0.6441592478744057","35","true","470","0.5620785657860775","45","true","470","0.35035429319417694","65","true","470","0.3961860792616925","75","true","470","0.2750954173994644","95","true","470","0.6101509051617305","105","true","470","0.4410867216191467","115","true","470","0.45959193834727385","125","true","470","0.35507498322654085","135","true"
"471","0.3680208757795669","0","true","471","0.3681618897657847","85","true","471","0.5684851803198465","55","true","471","0.5358830025895439","15","true","471","0.6999181129818259","5","true","471","0.6611836827945624","25","true","471","0.6427945037051802","35","true","471","0.5608877213670392","45","true","471","0.349612017149274","65","true","471","0.3953467019751211","75","true","471","0.274512588125313","95","true","471","0.608858212566049","105","true","471","0.44015221585300446","115","true","471","0.4586182266134873","125","true","471","0.354322705719705","135","true"
"472","0.36824591537616513","0","true","472","0.36869481170899654","85","true","472","0.5694754852916797","55","true","472","0.5371579792513895","15","true","472","0.7012327166485373","5","true","472","0.6626529250816717","25","true","472","0.6442268042916254","35","true","472","0.5620750588497453","45","true","472","0.350384989354697","65","true","472","0.39638942422542317","75","true","472","0.2750626312122397","95","true","472","0.6101457332092168","105","true","472","0.44117871896359134","115","true","472","0.459586895015867","125","true","472","0.354860943061803","135","true"
"473","0.3674690252593378","0","true","473","0.3679169745534923","85","true","473","0.5682740602172247","55","true","473","0.5360247345694246","15","true","473","0.6997533227315572","5","true","473","0.6612549231300227","25","true","473","0.6428676760125291","35","true","473","0.5608892464893028","45","true","473","0.3496457805163959","65","true","473","0.39555315961735266","75","true","473","0.27448233030250924","95","true","473","0.6088585059239653","105","true","473","0.44024796217252893","115","true","473","0.4586173024103483","125","true","473","0.3541122912831916","135","true"
"474","0.3677020206571036","0","true","474","0.3683386880282909","85","true","474","0.5692712912963863","55","true","474","0.5373026499938852","15","true","474","0.7010050954744306","5","true","474","0.6628657551596887","25","true","474","0.6442399539644527","35","true","474","0.5620623526367328","45","true","474","0.3504882350383093","65","true","474","0.3966985970042126","75","true","474","0.275020915675519","95","true","474","0.6101525953564987","105","true","474","0.4412469943380508","115","true","474","0.45955633700414344","125","true","474","0.3546409113773221","135","true"
"475","0.366929537420429","0","true","475","0.3675648672551222","85","true","475","0.5680753432054275","55","true","475","0.5361738629140661","15","true","475","0.699532395694022","5","true","475","0.661473180043807","25","true","475","0.6428865086830148","35","true","475","0.5608815493748909","45","true","475","0.3497519152168002","65","true","475","0.39586519659033825","75","true","475","0.27444314064258724","95","true","475","0.6088707621729766","105","true","475","0.44032000485414735","115","true","475","0.458590882514639","125","true","475","0.35389586744585716","135","true"
"476","0.36715538864903163","0","true","476","0.36804603125344976","85","true","476","0.569107248784055","55","true","476","0.5374541775761638","15","true","476","0.700856505839671","5","true","476","0.6628516956493149","25","true","476","0.644319117443842","35","true","476","0.5620524298414464","45","true","476","0.35046233148218514","65","true","476","0.39692250463851797","75","true","476","0.2749545257547548","95","true","476","0.6101438501328132","105","true","476","0.44135945281594596","115","true","476","0.45950408883461547","125","true","476","0.3543635742577843","135","true"
"477","0.3663872811413977","0","true","477","0.3672760604767689","85","true","477","0.5679166478451763","55","true","477","0.5363297964515275","15","true","477","0.6993902788400064","5","true","477","0.6614649766207598","25","true","477","0.6429711694993988","35","true","477","0.5608765879380124","45","true","477","0.34972914668828936","65","true","477","0.3960921228296508","75","true","477","0.2743793070816277","95","true","477","0.6088673985634978","105","true","477","0.44043610668034777","115","true","477","0.4585427832094385","125","true","477","0.35362222786812364","135","true"
"478","0.36660017841229103","0","true","478","0.3677862923234961","85","true","478","0.5688603683337163","55","true","478","0.5375590165764015","15","true","478","0.7006734721577169","5","true","478","0.6630044087873211","25","true","478","0.6443390225999177","35","true","478","0.5620492823475632","45","true","478","0.3505048278585284","65","true","478","0.3971581081230264","75","true","478","0.274869550671254","95","true","478","0.6101365258747692","105","true","478","0.4413990410757924","115","true","478","0.459494191776518","125","true","478","0.35413024549390637","135","true"
"479","0.36583642804059874","0","true","479","0.36702007088115546","85","true","479","0.5676752425663545","55","true","479","0.536439101958534","15","true","479","0.6992137357573883","5","true","479","0.6616231496023476","25","true","479","0.6429966496361679","35","true","479","0.5608783463426725","45","true","479","0.34977460946715644","65","true","479","0.39633069539777005","75","true","479","0.27429690577402227","95","true","479","0.6088654081125301","105","true","479","0.44047945974021785","115","true","479","0.45853691221031695","125","true","479","0.3533924741491274","135","true"
"480","0.3660635393791961","0","true","480","0.3674724782867779","85","true","480","0.568709631529611","55","true","480","0.5377415393788884","15","true","480","0.700519917625599","5","true","480","0.6630922950598053","25","true","480","0.6444042694773905","35","true","480","0.5620381180031792","45","true","480","0.350591963490024","65","true","480","0.39741714396174355","75","true","480","0.27484685426365474","95","true","480","0.6101358009987036","105","true","480","0.4415174733694314","115","true","480","0.4593755700235095","125","true","480","0.3539018436922985","135","true"
"481","0.3653040714551729","0","true","481","0.3667100872529879","85","true","481","0.5675297360285122","55","true","481","0.5366258930316293","15","true","481","0.6990665568006496","5","true","481","0.6617165849040796","25","true","481","0.6430673311589726","35","true","481","0.5608720638164505","45","true","481","0.349864594271165","65","true","481","0.39659262706555737","75","true","481","0.27427663257431106","95","true","481","0.6088699590879179","105","true","481","0.44060146201389316","115","true","481","0.458422508674913","125","true","481","0.35316760750206555","135","true"
"482","0.36551861144944814","0","true","482","0.36719277742546247","85","true","482","0.568518152348306","55","true","482","0.5378103238186841","15","true","482","0.7003075127548924","5","true","482","0.6632433496009138","25","true","482","0.6444470615220518","35","true","482","0.5620274958751339","45","true","482","0.35058357563312276","65","true","482","0.39763451256701404","75","true","482","0.27483320826602464","95","true","482","0.6101306578035108","105","true","482","0.44158476387563805","115","true","482","0.45921704664620494","125","true","482","0.353651062058091","135","true"
"483","0.364763407706784","0","true","483","0.3664341146621867","85","true","483","0.5673435280665946","55","true","483","0.5366991454636869","15","true","483","0.6988605964062253","5","true","483","0.6618730121017383","25","true","483","0.6431155593288245","35","true","483","0.5608662820406811","45","true","483","0.34985922940247577","65","true","483","0.3968129536567516","75","true","483","0.2742653710588634","95","true","483","0.608870057270859","105","true","483","0.440672398661019","115","true","483","0.458268251095283","125","true","483","0.3529203780455743","135","true"
"484","0.36498008907339263","0","true","484","0.3668845742732768","85","true","484","0.568306523274255","55","true","484","0.537965205347895","15","true","484","0.7001618451306079","5","true","484","0.6632409346016034","25","true","484","0.6444766976085402","35","true","484","0.5620200871255482","45","true","484","0.3506099399819285","65","true","484","0.39785798053691795","75","true","484","0.27478005413204504","95","true","484","0.610138061719504","105","true","484","0.44166760750567075","115","true","484","0.45913783854818496","125","true","484","0.3534038927875247","135","true"
"485","0.36422910123579305","0","true","485","0.3661296677418503","85","true","485","0.567137168288094","55","true","485","0.5368582810570558","15","true","485","0.6987211828978288","5","true","485","0.6618762413205301","25","true","485","0.643150613868605","35","true","485","0.5608636671931911","45","true","485","0.3498885203523361","65","true","485","0.3970393427168832","75","true","485","0.27421466307416015","95","true","485","0.60888263360897","105","true","485","0.44075882642026815","115","true","485","0.45819311048532857","125","true","485","0.3526767242838467","135","true"
"486","0.36443381880121395","0","true","486","0.3665838186925157","85","true","486","0.5680810659322344","55","true","486","0.5381086321948825","15","true","486","0.6999749597061855","5","true","486","0.6634760397622159","25","true","486","0.644528625787222","35","true","486","0.5620123734653467","45","true","486","0.35070538265972645","65","true","486","0.39814843209317446","75","true","486","0.27474929013208815","95","true","486","0.6101475073272695","105","true","486","0.4417123648176476","115","true","486","0.45903991761803925","125","true","486","0.3531736664038183","135","true"
"487","0.36368702818891635","0","true","487","0.365832622342736","85","true","487","0.5669169653872913","55","true","487","0.5370059505715322","15","true","487","0.6985405847887548","5","true","487","0.6621164577135229","25","true","487","0.6432078704065106","35","true","487","0.5608607087656227","45","true","487","0.3499867240887024","65","true","487","0.3973325541585573","75","true","487","0.27418627929165357","95","true","487","0.6088972050581563","105","true","487","0.44080721652908683","115","true","487","0.4580992620491498","125","true","487","0.3524499498743023","135","true"
"488","0.36388792319821894","0","true","488","0.3662840467268257","85","true","488","0.5678862009025611","55","true","488","0.5382352418814219","15","true","488","0.6997963308853536","5","true","488","0.6635206850683555","25","true","488","0.6445867743035826","35","true","488","0.5619993304269134","45","true","488","0.3507043323852753","65","true","488","0.39842605752025956","75","true","488","0.2746737514280852","95","true","488","0.6101269718108595","105","true","488","0.44183085864589683","115","true","488","0.4589119463862752","125","true","488","0.35289602705657613","135","true"
"489","0.3631452947835287","0","true","489","0.36553652826411787","85","true","489","0.5667272494721478","55","true","489","0.5371368026122761","15","true","489","0.6983681751080366","5","true","489","0.6621665612212772","25","true","489","0.6432712910907181","35","true","489","0.5608523930178789","45","true","489","0.34998860925795844","65","true","489","0.397612943117157","75","true","489","0.2741131927517013","95","true","489","0.6088818147255313","105","true","489","0.44092916301600726","115","true","489","0.4579753913936501","125","true","489","0.3521758310829913","135","true"
"490","0.36335141767852763","0","true","490","0.3659250239538926","85","true","490","0.5676220000786448","55","true","490","0.538340258157741","15","true","490","0.6995909309834132","5","true","490","0.663689768124423","25","true","490","0.6446185141769996","35","true","490","0.5619925112259666","45","true","490","0.3507288447635605","65","true","490","0.3986798889344851","75","true","490","0.2746080594166562","95","true","490","0.6101341294380236","105","true","490","0.44185917510030454","115","true","490","0.45878612701556176","125","true","490","0.3526310146560576","135","true"
"491","0.3626128985369046","0","true","491","0.3651812739052058","85","true","491","0.5664682968264524","55","true","491","0.5372460706411603","15","true","491","0.6981689981968615","5","true","491","0.6623408051810807","25","true","491","0.6433083139449325","35","true","491","0.5608502500242878","45","true","491","0.3500159812579435","65","true","491","0.397869563956976","75","true","491","0.27404991295442727","95","true","491","0.6088940194188407","105","true","491","0.4409610873460356","115","true","491","0.4578536348874813","125","true","491","0.35191428495147214","135","true"
"492","0.36281834344558384","0","true","492","0.36550873318053867","85","true","492","0.56737925892418","55","true","492","0.5385244982577758","15","true","492","0.6994007960439808","5","true","492","0.6638370722644618","25","true","492","0.6446742535055906","35","true","492","0.5619793647213946","45","true","492","0.3508234873529257","65","true","492","0.3989960116365174","75","true","492","0.27455718277410784","95","true","492","0.6101478349581645","105","true","492","0.441960490550629","115","true","492","0.45862366008101824","125","true","492","0.3524263229196674","135","true"
"493","0.3620838933576373","0","true","493","0.36476883695952544","85","true","493","0.566230717914212","55","true","493","0.5374343676945009","15","true","493","0.6979850049588715","5","true","493","0.6624932725230357","25","true","493","0.6433692448952554","35","true","493","0.5608417546713513","45","true","493","0.35011331835018694","65","true","493","0.39818832740243537","75","true","493","0.27400139900331005","95","true","493","0.6089127178833504","105","true","493","0.44106583368716623","115","true","493","0.4576952721051457","125","true","493","0.35171290931051824","135","true"
"494","0.3622999414572527","0","true","494","0.3651675870682527","85","true","494","0.5671133620523268","55","true","494","0.5385813080489826","15","true","494","0.6992342906534837","5","true","494","0.6639962398342207","25","true","494","0.644706822011964","35","true","494","0.5619682072386634","45","true","494","0.35083238262705596","65","true","494","0.3992228111497276","75","true","494","0.2744536549469046","95","true","494","0.6101316206805798","105","true","494","0.44198483080566997","115","true","494","0.4584379658461006","125","true","494","0.35214071731731666","135","true"
"495","0.36156949802689536","0","true","495","0.3644313620943248","85","true","495","0.5659699883385116","55","true","495","0.5374954586375936","15","true","495","0.6978245440997469","5","true","495","0.6626575377377808","25","true","495","0.6434070098708109","35","true","495","0.5608352068208435","45","true","495","0.3501250592749853","65","true","495","0.39841792644982893","75","true","495","0.2739003209651568","95","true","495","0.6089015166066271","105","true","495","0.441093732356465","115","true","495","0.4575136957536689","125","true","495","0.351430756193693","135","true"
"496","0.3617680402543149","0","true","496","0.36479719594531407","85","true","496","0.566810311020567","55","true","496","0.5387383889372839","15","true","496","0.6990573486821755","5","true","496","0.6640327077794119","25","true","496","0.6447588432865479","35","true","496","0.5619590124430123","45","true","496","0.3508484777331859","65","true","496","0.3994981850747955","75","true","496","0.274342442745052","95","true","496","0.6101113950321132","105","true","496","0.44211621847654536","115","true","496","0.4582693236177485","125","true","496","0.3518883859077601","135","true"
"497","0.3610415984064147","0","true","497","0.364064671455464","85","true","497","0.5656721377052647","55","true","497","0.5376565849434339","15","true","497","0.6976536190663479","5","true","497","0.6626993087678067","25","true","497","0.6434641468140849","35","true","497","0.5608305806911187","45","true","497","0.3501439627176574","65","true","497","0.3986959798838822","75","true","497","0.2737915543058049","95","true","497","0.6088862717489162","105","true","497","0.44122843490530733","115","true","497","0.4573491040924117","125","true","497","0.3511817827232064","135","true"
"498","0.36126047366832537","0","true","498","0.36436138245468613","85","true","498","0.5665745131736679","55","true","498","0.5388825196627056","15","true","498","0.6988582049651937","5","true","498","0.664282135397096","25","true","498","0.6447848545676402","35","true","498","0.5619672859892046","45","true","498","0.35093960624992415","65","true","498","0.39978435644024113","75","true","498","0.2743310664186004","95","true","498","0.6101285710902395","105","true","498","0.44216037454549795","115","true","498","0.4580391296196838","125","true","498","0.3516537987233153","135","true"
"499","0.3605379527209887","0","true","499","0.36363265968977676","85","true","499","0.5654413641473206","55","true","499","0.5378047546233802","15","true","499","0.6974604885552633","5","true","499","0.6629535711263019","25","true","499","0.643495284858505","35","true","499","0.5608433514172263","45","true","499","0.3502377270374243","65","true","499","0.3989847877273607","75","true","499","0.2737824042857632","95","true","499","0.6089083139480591","105","true","499","0.44127605379640694","115","true","499","0.45712305136044445","125","true","499","0.3509504911258687","135","true"
"500","0.3607446541290061","0","true","500","0.36394227250338","85","true","500","0.5663228379248765","55","true","500","0.5390262780493242","15","true","500","0.6986695657964681","5","true","500","0.6643736934761287","25","true","500","0.6448303247883761","35","true","500","0.561955735918139","45","true","500","0.3509242885594373","65","true","500","0.40005230078912263","75","true","500","0.27420527502451597","95","true","500","0.610097272888527","105","true","500","0.44229148778335575","115","true","500","0.45778895157477945","125","true","500","0.35138770163762884","135","true"
"501","0.36002603928014354","0","true","501","0.3632172878967996","85","true","501","0.5651947047815998","55","true","501","0.5379525205233295","15","true","501","0.6972777937530489","5","true","501","0.6630502399034671","25","true","501","0.6435458022290367","35","true","501","0.5608363021812502","45","true","501","0.350225236191789","65","true","501","0.39925538385527976","75","true","501","0.2736590493770568","95","true","501","0.6088819396756017","105","true","501","0.44141042904275146","115","true","501","0.4568770213923596","125","true","501","0.3506877261363587","135","true"
"502","0.36022631618906265","0","true","502","0.3634721747864591","85","true","502","0.5660581625195965","55","true","502","0.539122743945807","15","true","502","0.6985404470177842","5","true","502","0.6644920831889465","25","true","502","0.6448584122761364","35","true","502","0.5619622102017873","45","true","502","0.3509385339736787","65","true","502","0.40023472946983896","75","true","502","0.2741321700274976","95","true","502","0.6101034354678332","105","true","502","0.442341463899118","115","true","502","0.45755216859527154","125","true","502","0.35111712722182664","135","true"
"503","0.35951158143471923","0","true","503","0.362750999836486","85","true","503","0.5649350312447561","55","true","503","0.5380530559617874","15","true","503","0.6971544540673521","5","true","503","0.6631736465159525","25","true","503","0.643578931299398","35","true","503","0.5608472058164662","45","true","503","0.35024222735865157","65","true","503","0.39944061294311306","75","true","503","0.2735882569917288","95","true","503","0.608892912778413","105","true","503","0.4414638022643975","115","true","503","0.45664432699091584","125","true","503","0.3504204662551167","135","true"
"504","0.3597176701836762","0","true","504","0.36301092619315567","85","true","504","0.5657982872210064","55","true","504","0.5393097123242191","15","true","504","0.6983796649279084","5","true","504","0.6645682935732209","25","true","504","0.6449033668781905","35","true","504","0.5619736082914089","45","true","504","0.3510373562916422","65","true","504","0.40054702283102894","75","true","504","0.27406204693121483","95","true","504","0.6101006632376864","105","true","504","0.4424322646221267","115","true","504","0.45724557427332485","125","true","504","0.3509020592021585","135","true"
"505","0.3590067656971472","0","true","505","0.3622935132955407","85","true","505","0.5646801087877634","55","true","505","0.5382438828532227","15","true","505","0.6969994679616477","5","true","505","0.6632549174989655","25","true","505","0.6436288542954273","35","true","505","0.5608629885121769","45","true","505","0.3503436065756508","65","true","505","0.39975542792424823","75","true","505","0.27352042233253654","95","true","505","0.6088949307016436","105","true","505","0.4415578925576561","115","true","505","0.456341926893338","125","true","505","0.35020857687171947","135","true"
"506","0.35920670974514995","0","true","506","0.3626461160886833","85","true","506","0.5655591236204242","55","true","506","0.5393827592934423","15","true","506","0.6982253338739548","5","true","506","0.6647628800218458","25","true","506","0.6449402179833555","35","true","506","0.5619842379736956","45","true","506","0.351021321397376","65","true","506","0.4007511373514809","75","true","506","0.2739243086008679","95","true","506","0.6100875133320685","105","true","506","0.44246944891216033","115","true","506","0.456939912142467","125","true","506","0.3506304768259007","135","true"
"507","0.358499609922817","0","true","507","0.36193224578142213","85","true","507","0.5644458182589667","55","true","507","0.538320982208219","15","true","507","0.6968508745553053","5","true","507","0.6634542916753461","25","true","507","0.6436706506251206","35","true","507","0.560877969788708","45","true","507","0.35033033454423157","65","true","507","0.3999622571598441","75","true","507","0.273385087520945","95","true","507","0.6088865536601549","105","true","507","0.44159844605997106","115","true","507","0.45604042412643847","125","true","507","0.349940259351834","135","true"
"508","0.3586979410035294","0","true","508","0.3622032005667509","85","true","508","0.5652716448722355","55","true","508","0.5395408876470574","15","true","508","0.698080605902836","5","true","508","0.6648518413829193","25","true","508","0.6449754491146127","35","true","508","0.5619904665856066","45","true","508","0.351035620422938","65","true","508","0.4010082671777105","75","true","508","0.27376074904018943","95","true","508","0.6100697034618152","105","true","508","0.4426039053403971","115","true","508","0.4567071040613795","125","true","508","0.3503645184260292","135","true"
"509","0.35799461170744407","0","true","509","0.3614929982126985","85","true","509","0.5641632690979761","55","true","509","0.5384829643379455","15","true","509","0.6967118204010658","5","true","509","0.6635482103213841","25","true","509","0.6437107913712506","35","true","509","0.5608885244942623","45","true","509","0.3503473152848538","65","true","509","0.40022197645775415","75","true","509","0.2732239632577577","95","true","509","0.6088734883569882","105","true","509","0.44173605454561204","115","true","509","0.4558115999357689","125","true","509","0.34967752917421346","135","true"
"510","0.35820222475241453","0","true","510","0.361683022175034","85","true","510","0.564992124817024","55","true","510","0.5396550196332766","15","true","510","0.6979645486811323","5","true","510","0.6650084221785217","25","true","510","0.6449999355262599","35","true","510","0.5620019848185429","45","true","510","0.3511208848164866","65","true","510","0.4012703207947432","75","true","510","0.2736009645822844","95","true","510","0.6100825411494729","105","true","510","0.44265578546122153","115","true","510","0.4563786776105078","125","true","510","0.3501612783093509","135","true"
"511","0.35750261103219494","0","true","511","0.36097661002234843","85","true","511","0.5638886245732407","55","true","511","0.5386010059230554","15","true","511","0.6966013366719895","5","true","511","0.6637095776039543","25","true","511","0.6437401700271852","35","true","511","0.5609043246919442","45","true","511","0.3504351018383294","65","true","511","0.40048658969944095","75","true","511","0.2730665876983346","95","true","511","0.6088909736862904","105","true","511","0.44179122338024257","115","true","511","0.4554873130057998","125","true","511","0.34947736956265296","135","true"
"512","0.35771196020478313","0","true","512","0.3611663734325123","85","true","512","0.564686117840951","55","true","512","0.539783546495548","15","true","512","0.6978653075522662","5","true","512","0.665117244533669","25","true","512","0.6450655049620451","35","true","512","0.5620105936821276","45","true","512","0.3511052186954982","65","true","512","0.401519807045809","75","true","512","0.27348151034952706","95","true","512","0.6100528520450705","105","true","512","0.4427449515439838","115","true","512","0.45597595118479517","125","true","512","0.3498901638736338","135","true"
"513","0.3570160225390151","0","true","513","0.3604637151184412","85","true","513","0.5635875067167468","55","true","513","0.5387333839537279","15","true","513","0.6965075929461333","5","true","513","0.6638232421123973","25","true","513","0.6438105137072552","35","true","513","0.5609171878578433","45","true","513","0.35042213461243304","65","true","513","0.40073864010603116","75","true","513","0.27294944515429453","95","true","513","0.6088659787920645","105","true","513","0.44188358004292544","115","true","513","0.4550888384392994","125","true","513","0.34920944371045554","135","true"
"514","0.35720126199099883","0","true","514","0.3606782353343475","85","true","514","0.5643487816571586","55","true","514","0.5398886035799475","15","true","514","0.697764145199258","5","true","514","0.6653297417798322","25","true","514","0.6450974230318407","35","true","514","0.5620366269780999","45","true","514","0.3511134316785203","65","true","514","0.40172373188657895","75","true","514","0.2732567998427694","95","true","514","0.6100618158350626","105","true","514","0.4428014212370178","115","true","514","0.4557135600186936","125","true","514","0.3496514987945167","135","true"
"515","0.35650901148326436","0","true","515","0.35997924650618013","85","true","515","0.5632550824679006","55","true","515","0.5388423078365755","15","true","515","0.6964118891039106","5","true","515","0.6640403430554527","25","true","515","0.6438472342275154","35","true","515","0.5609474087087625","45","true","515","0.3504329792915465","65","true","515","0.40094519752245766","75","true","515","0.27272723240121366","95","true","515","0.6088795254942969","105","true","515","0.4419432789477988","115","true","515","0.4548303942047039","125","true","515","0.3489738796108064","135","true"
"516","0.35671129928394535","0","true","516","0.3601486522021082","85","true","516","0.5640345603693959","55","true","516","0.540052402990594","15","true","516","0.6976870962896735","5","true","516","0.6654606683159721","25","true","516","0.6451523124121433","35","true","516","0.5620370453254191","45","true","516","0.35118514536529566","65","true","516","0.4020466583090576","75","true","516","0.2731392500684599","95","true","516","0.6100682707835952","105","true","516","0.44293273645391734","115","true","516","0.45529559301231876","125","true","516","0.34942878385586335","135","true"
"517","0.35602266743204586","0","true","517","0.35945338453376435","85","true","517","0.562945690561733","55","true","517","0.5390098307840484","15","true","517","0.6963402100034","5","true","517","0.6641759952111149","25","true","517","0.6439068446275639","35","true","517","0.5609520317244048","45","true","517","0.35050718176420437","65","true","517","0.4012705064590401","75","true","517","0.2726119542189069","95","true","517","0.6088905328091095","105","true","517","0.4420776539511106","115","true","517","0.4544166439910594","125","true","517","0.3487542109140567","135","true"
"518","0.35621960417394893","0","true","518","0.3596401962000307","85","true","518","0.5637185189898516","55","true","518","0.5400920466198376","15","true","518","0.6976140169191417","5","true","518","0.6656154746459556","25","true","518","0.6451993500767025","35","true","518","0.5620632552426901","45","true","518","0.3511801228155962","65","true","518","0.40223935512176445","75","true","518","0.27295810956148403","95","true","518","0.6100576042639961","105","true","518","0.44296100781405495","115","true","518","0.45490991690956356","125","true","518","0.3491839429029253","135","true"
"519","0.3555345664736144","0","true","519","0.3589485804381075","85","true","519","0.562634444914871","55","true","519","0.5390534080686455","15","true","519","0.6962724515019896","5","true","519","0.6643354448870211","25","true","519","0.6439585820957857","35","true","519","0.5609823643672234","45","true","519","0.3505047764255662","65","true","519","0.40146581790037644","75","true","519","0.27243319012001965","95","true","519","0.6088844165634885","105","true","519","0.44210915972210485","115","true","519","0.4540350901462759","125","true","519","0.3485124353204197","135","true"
"520","0.3557167031640916","0","true","520","0.3591005407364244","85","true","520","0.5633878126827807","55","true","520","0.5402547787545132","15","true","520","0.6975273094194038","5","true","520","0.6657459334980371","25","true","520","0.6452355566414221","35","true","520","0.5621212634236988","45","true","520","0.3511882132409615","65","true","520","0.4025058267647081","75","true","520","0.27273421510838186","95","true","520","0.6100376518981319","105","true","520","0.4430674803345496","115","true","520","0.45457161723295775","125","true","520","0.34890609387115296","135","true"
"521","0.3550352535411719","0","true","521","0.35841260866604807","85","true","521","0.5623085256853041","55","true","521","0.5392198079139873","15","true","521","0.6961910502059566","5","true","521","0.6644705581465083","25","true","521","0.6439994731995803","35","true","521","0.561044402765799","45","true","521","0.35051543888609377","65","true","521","0.40173474280538873","75","true","521","0.27221173576909374","95","true","521","0.6088689973925799","105","true","521","0.44221869205804665","115","true","521","0.45370079038002104","125","true","521","0.34823769139247257","135","true"
"522","0.3552294766453016","0","true","522","0.3584767764415751","85","true","522","0.5630550283582244","55","true","522","0.5403552749735371","15","true","522","0.697441994307186","5","true","522","0.6659778473740896","25","true","522","0.6452442435166497","35","true","522","0.5621444401566736","45","true","522","0.3512507748916707","65","true","522","0.4027636447434489","75","true","522","0.27255741695997665","95","true","522","0.6100489085905471","105","true","522","0.44306784804305765","115","true","522","0.45416838819214506","125","true","522","0.3486875252811942","135","true"
"523","0.35455155779674186","0","true","523","0.35779266045599956","85","true","523","0.5619804958613576","55","true","523","0.5393240626167174","15","true","523","0.6961109981348441","5","true","523","0.6647068972836809","25","true","523","0.644012861372534","35","true","523","0.5610716454235503","45","true","523","0.3505804489853889","65","true","523","0.4019950118336331","75","true","523","0.2720372692176866","95","true","523","0.6088846931161376","105","true","523","0.44222229871473123","115","true","523","0.45330165462689287","125","true","523","0.3480220910726423","135","true"
"524","0.3547140662666939","0","true","524","0.3579160761378473","85","true","524","0.5627572264967591","55","true","524","0.5404616563418618","15","true","524","0.6973679654943277","5","true","524","0.6660591379664998","25","true","524","0.645305889770662","35","true","524","0.5622224987310578","45","true","524","0.35124483678111834","65","true","524","0.4029847572863924","75","true","524","0.27236924577809263","95","true","524","0.6100317810321059","105","true","524","0.4431910875906111","115","true","524","0.45375477150261323","125","true","524","0.3484292645415076","135","true"
"525","0.35403970492398157","0","true","525","0.3572356273238971","85","true","525","0.5616873458380199","55","true","525","0.5394341626986264","15","true","525","0.6960421708831218","5","true","525","0.6647928658410882","25","true","525","0.6440790724897291","35","true","525","0.5611536346650292","45","true","525","0.3505770709317246","65","true","525","0.40221862656911783","75","true","525","0.2718514335237617","95","true","525","0.6088720247944022","105","true","525","0.4423485189830244","115","true","525","0.45289211984576416","125","true","525","0.3477668514910484","135","true"
"526","0.35418994532712605","0","true","526","0.3574465170862953","85","true","526","0.5624108921746935","55","true","526","0.5405569552555641","15","true","526","0.6973046380134829","5","true","526","0.6661993846113304","25","true","526","0.6453178150027005","35","true","526","0.5621962549639424","45","true","526","0.3512508824753627","65","true","526","0.4032273022218046","75","true","526","0.2721195174378001","95","true","526","0.6100288972358725","105","true","526","0.44321562170986134","115","true","526","0.4533977764534677","125","true","526","0.34815091077077975","135","true"
"527","0.35351913103673377","0","true","527","0.35676953504635917","85","true","527","0.5613457200304233","55","true","527","0.5395331731433377","15","true","527","0.6959839852899725","5","true","527","0.6649376433525969","25","true","527","0.6440956221712559","35","true","527","0.561131489329541","45","true","527","0.35058563459188663","65","true","527","0.40246361414941484","75","true","527","0.27160413956386487","95","true","527","0.608873539475956","105","true","527","0.4423761981838957","115","true","527","0.45253906854351794","125","true","527","0.3474915340458351","135","true"
"528","0.35369179829416747","0","true","528","0.35689059460248534","85","true","528","0.5620938729318837","55","true","528","0.540730008940654","15","true","528","0.6972156622178848","5","true","528","0.6663832220803708","25","true","528","0.6453494184820167","35","true","528","0.5622535168683608","45","true","528","0.35131558413511194","65","true","528","0.40354751869050287","75","true","528","0.2719778663725343","95","true","528","0.6100272891598122","105","true","528","0.44333165655908735","115","true","528","0.45292075385229374","125","true","528","0.3479350758855178","135","true"
"529","0.3530244552785181","0","true","529","0.3562172161221033","85","true","529","0.5610333184546538","55","true","529","0.539709763640766","15","true","529","0.6959001609684171","5","true","529","0.665125895246257","25","true","529","0.6441317780697864","35","true","529","0.5611926611761563","45","true","529","0.3506527245424042","65","true","529","0.40278610827787925","75","true","529","0.27146470058692573","95","true","529","0.608876294274605","105","true","529","0.442495181735391","115","true","529","0.4520661863921951","125","true","529","0.3472785946102621","135","true"
"530","0.35317893589108446","0","true","530","0.3563037543271372","85","true","530","0.5617549928850414","55","true","530","0.540796890076307","15","true","530","0.6971236742124391","5","true","530","0.6665695921150773","25","true","530","0.6453682129355797","35","true","530","0.5622259611172892","45","true","530","0.35130373379046753","65","true","530","0.4037451271428155","75","true","530","0.2717425572587312","95","true","530","0.6100143703060936","105","true","530","0.4433375872494357","115","true","530","0.4524459149815089","125","true","530","0.3476752137983554","135","true"
"531","0.352515065710838","0","true","531","0.355634010428026","85","true","531","0.5606990624472876","55","true","531","0.5397803545686448","15","true","531","0.6958132913661752","5","true","531","0.6653166417539587","25","true","531","0.644155114790964","35","true","531","0.5611691454009032","45","true","531","0.3506433884261997","65","true","531","0.40298620773089294","75","true","531","0.2712317629781697","95","true","531","0.6088677267528867","105","true","531","0.44250424592001947","115","true","531","0.45159545273530305","125","true","531","0.34702168896038854","135","true"
"532","0.3526547533976214","0","true","532","0.355719578178914","85","true","532","0.5614316499658573","55","true","532","0.5409373882398195","15","true","532","0.6970350696161816","5","true","532","0.6666396451167277","25","true","532","0.6454032913759756","35","true","532","0.5622829318630508","45","true","532","0.35131747066693886","65","true","532","0.40399199010934095","75","true","532","0.2714825804644473","95","true","532","0.6099990030637448","105","true","532","0.4434860750928899","115","true","532","0.45206371349047875","125","true","532","0.34738819095177986","135","true"
"533","0.3519943512377008","0","true","533","0.3550534366467437","85","true","533","0.5603802798348351","55","true","533","0.5399243968760745","15","true","533","0.6957297604970502","5","true","533","0.6653912562681945","25","true","533","0.6441946709801405","35","true","533","0.5612299675711725","45","true","533","0.35065957278179477","65","true","533","0.4032354508020201","75","true","533","0.27097418611900825","95","true","533","0.6088566828332883","105","true","533","0.4426555768249257","115","true","533","0.4512171522292606","125","true","533","0.34673765126834954","135","true"
"534","0.35215023348823593","0","true","534","0.3551499763808541","85","true","534","0.5610991046877409","55","true","534","0.5410493259602553","15","true","534","0.6969565452202106","5","true","534","0.666828065638937","25","true","534","0.6453823092507359","35","true","534","0.5622065114317071","45","true","534","0.3513701695646015","65","true","534","0.4042572391742434","75","true","534","0.27130427282745223","95","true","534","0.6100193230997473","105","true","534","0.4434863633407027","115","true","534","0.45158565115824306","125","true","534","0.3471580966233062","135","true"
"535","0.3514932367839668","0","true","535","0.3544873831413376","85","true","535","0.5600522779998907","55","true","535","0.5400399055760011","15","true","535","0.6956562531582325","5","true","535","0.665583983426924","25","true","535","0.6441782377782532","35","true","535","0.5611576186864986","45","true","535","0.3507146282034735","65","true","535","0.4035030279071273","75","true","535","0.27079810813934135","95","true","535","0.6088812273476956","105","true","535","0.4426589634090969","115","true","535","0.4507431406150374","125","true","535","0.34651041360721796","135","true"
"536","0.3516342296170495","0","true","536","0.3545353377058341","85","true","536","0.5607927205496133","55","true","536","0.5411449810682188","15","true","536","0.6968964426909172","5","true","536","0.6669459811243326","25","true","536","0.6454126475691296","35","true","536","0.56227426777557","45","true","536","0.3513657205207235","65","true","536","0.4044846971723606","75","true","536","0.2710878677999463","95","true","536","0.6099935695522869","105","true","536","0.443601521869078","115","true","536","0.4510346539025287","125","true","536","0.34689246854715894","135","true"
"537","0.35098063439471294","0","true","537","0.35387635008928053","85","true","537","0.559750354898034","55","true","537","0.540139135378501","15","true","537","0.6956010961431646","5","true","537","0.6657063045794919","25","true","537","0.6442129958078486","35","true","537","0.5612291483187382","45","true","537","0.3507126243859266","65","true","537","0.4037328668802186","75","true","537","0.2705839870047791","95","true","537","0.6088597525085094","105","true","537","0.4427769837243399","115","true","537","0.4501962995272452","125","true","537","0.34624768700710845","135","true"
"538","0.3510957912824815","0","true","538","0.3538993485245781","85","true","538","0.5604537021002233","55","true","538","0.5412280237999338","15","true","538","0.6968255231693758","5","true","538","0.6671216077480769","25","true","538","0.6454033233568299","35","true","538","0.5622170204173232","45","true","538","0.3513647709146648","65","true","538","0.4047061233579826","75","true","538","0.2707925148311414","95","true","538","0.609979902956012","105","true","538","0.44362151752363926","115","true","538","0.4505745129675235","125","true","538","0.34661757960793044","135","true"
"539","0.35044561389121764","0","true","539","0.35324397936064367","85","true","539","0.5594158248741118","55","true","539","0.5402257496817858","15","true","539","0.6955351055338771","5","true","539","0.6658861973633583","25","true","539","0.6442081320172802","35","true","539","0.5611758777869208","45","true","539","0.35071409541297094","65","true","539","0.40395666757398635","75","true","539","0.2702910472110837","95","true","539","0.6088503105431304","105","true","539","0.4427999961948918","115","true","539","0.44974011572128736","125","true","539","0.34597569520124904","135","true"
"540","0.3505849438249646","0","true","540","0.3532757422645939","85","true","540","0.5601376830761939","55","true","540","0.5413490671327581","15","true","540","0.6967139073952987","5","true","540","0.667272911270761","25","true","540","0.6453911622633217","35","true","540","0.5622095180326181","45","true","540","0.35141605382047925","65","true","540","0.40500059031546465","75","true","540","0.2705485447488347","95","true","540","0.6099835344098382","105","true","540","0.4437408187707791","115","true","540","0.4500892759249243","125","true","540","0.34638590083085574","135","true"
"541","0.3499381081352506","0","true","541","0.3526239420021131","85","true","541","0.5591042187162748","55","true","541","0.540350268115908","15","true","541","0.6954284573816543","5","true","541","0.6660417804381582","25","true","541","0.6442004036613599","35","true","541","0.5611722310989786","45","true","541","0.3507676847174894","65","true","541","0.40425335675399704","75","true","541","0.2700493776921025","95","true","541","0.6088581035345433","105","true","541","0.442922108773047","115","true","541","0.44925885290661266","125","true","541","0.34574681245293903","135","true"
"542","0.3500466025190421","0","true","542","0.352640248379453","85","true","542","0.5597943607293707","55","true","542","0.5414322209023799","15","true","542","0.6966912012755966","5","true","542","0.667409945153144","25","true","542","0.6454225481102108","35","true","542","0.5621456905904679","45","true","542","0.3514002457393486","65","true","542","0.4052344603144782","75","true","542","0.2703154591862138","95","true","542","0.6099751352014441","105","true","542","0.4437567142726456","115","true","542","0.4495446167355211","125","true","542","0.3461331326759786","135","true"
"543","0.34940313449970567","0","true","543","0.3519920126287555","85","true","543","0.5587653269780299","55","true","543","0.5404369410845447","15","true","543","0.6954105189203106","5","true","543","0.6661830886363184","25","true","543","0.6442361096026553","35","true","543","0.5611123345415884","45","true","543","0.3507542894052689","65","true","543","0.4044895440271354","75","true","543","0.2698185557685921","95","true","543","0.6088538573793826","105","true","543","0.44294098501846796","115","true","543","0.4487182479547573","125","true","543","0.3454968585350301","135","true"
"544","0.3495073114303827","0","true","544","0.35200061988864295","85","true","544","0.5594320519494934","55","true","544","0.5415367471643915","15","true","544","0.6966052645698516","5","true","544","0.6675008559704301","25","true","544","0.6454075205019438","35","true","544","0.5621599214473335","45","true","544","0.3514075441932437","65","true","544","0.40547190325194127","75","true","544","0.2700117610153743","95","true","544","0.6099528336835255","105","true","544","0.4438828327395745","115","true","544","0.4489715199672086","125","true","544","0.3458597732105273","135","true"
"545","0.3488671881493747","0","true","545","0.3513559301086271","85","true","545","0.5584074511217471","55","true","545","0.5405449216201343","15","true","545","0.6953294307519582","5","true","545","0.6662783269301913","25","true","545","0.6442254554460795","35","true","545","0.5611303245216058","45","true","545","0.35076394063245026","65","true","545","0.4047292807185128","75","true","545","0.2695172339805476","95","true","545","0.6088357039515043","105","true","545","0.4430698605184398","115","true","545","0.44814922780609645","125","true","545","0.34522633040244943","135","true"
"546","0.34899046953720203","0","true","546","0.35136975711251667","85","true","546","0.559102581345391","55","true","546","0.5416581638343644","15","true","546","0.6964969751472803","5","true","546","0.6677150498029785","25","true","546","0.6454138237458453","35","true","546","0.5620877278982281","45","true","546","0.35144943225078473","65","true","546","0.40572247595885735","75","true","546","0.2697821386512779","95","true","546","0.6099752626892386","105","true","546","0.44388356790891703","115","true","546","0.4483831739957569","125","true","546","0.3456357838822938","135","true"
"547","0.34835362561468886","0","true","547","0.35072857142435515","85","true","547","0.5580823211604542","55","true","547","0.5406697365280972","15","true","547","0.6952259952656247","5","true","547","0.6664965916829","25","true","547","0.6442360612937543","35","true","547","0.5610620203655672","45","true","547","0.35080810117003514","65","true","547","0.40498210647718064","75","true","547","0.2692898354785566","95","true","547","0.6088621691441852","105","true","547","0.44307356139813436","115","true","547","0.4475649565249617","125","true","547","0.34500506164893197","135","true"
"548","0.34845018836390285","0","true","548","0.3507470242422421","85","true","548","0.5588060644405045","55","true","548","0.5417341171747618","15","true","548","0.6964062129837073","5","true","548","0.6678041095474443","25","true","548","0.6454291160748232","35","true","548","0.5620906338441133","45","true","548","0.3514372335353361","65","true","548","0.40601213756803134","75","true","548","0.26952802268329334","95","true","548","0.6099362128716892","105","true","548","0.4439934754724338","115","true","548","0.4478015814099043","125","true","548","0.3453903564760104","135","true"
"549","0.34781664256687755","0","true","549","0.3501093023799835","85","true","549","0.557790053414249","55","true","549","0.5407491460526259","15","true","549","0.6951400198691915","5","true","549","0.6665899202573581","25","true","549","0.6442556085910508","35","true","549","0.5610686508734877","45","true","549","0.35079825674709003","65","true","549","0.405273933681544","75","true","549","0.26903797173296007","95","true","549","0.6088272379391951","105","true","549","0.44318621460793844","115","true","549","0.44698739671643173","125","true","549","0.3447623740096904","135","true"
"550","0.34792369830026043","0","true","550","0.35009703619197907","85","true","550","0.5584206231573086","55","true","550","0.5418251083099997","15","true","550","0.6963582146420648","5","true","550","0.667925315469994","25","true","550","0.6454435978384404","35","true","550","0.5620186611461112","45","true","550","0.35142743848445523","65","true","550","0.40618800593298093","75","true","550","0.2692032608175875","95","true","550","0.6099274431819861","105","true","550","0.44401360157653463","115","true","550","0.44716342275038984","125","true","550","0.34511551672505647","135","true"
"551","0.34729340174536866","0","true","551","0.3494628024307617","85","true","551","0.5574089915936178","55","true","551","0.5408435410848004","15","true","551","0.6950966961372785","5","true","551","0.6667153058405194","25","true","551","0.6442743159582983","35","true","551","0.5610005113976582","45","true","551","0.35079079457415735","65","true","551","0.4054521580961458","75","true","551","0.268715573750889","95","true","551","0.6088225021617288","105","true","551","0.4432092291099105","115","true","551","0.4463533440859869","125","true","551","0.344490307455627","135","true"
"552","0.34739063721278574","0","true","552","0.34946520433801814","85","true","552","0.5580899819644829","55","true","552","0.5419533927984492","15","true","552","0.6962790303878202","5","true","552","0.6681238563716796","25","true","552","0.6454117102657618","35","true","552","0.5620278415414703","45","true","552","0.35145831287801826","65","true","552","0.40651232243105023","75","true","552","0.2689102683983842","95","true","552","0.6099148126637253","105","true","552","0.4441077632172567","115","true","552","0.44659758094829627","125","true","552","0.34488074360389537","135","true"
"553","0.34676357830084925","0","true","553","0.3488344007200795","85","true","553","0.5570825993255579","55","true","553","0.5409751375767914","15","true","553","0.6950222090333296","5","true","553","0.6669178566309364","25","true","553","0.6442467071786395","35","true","553","0.5610133508527674","45","true","553","0.3508239115912348","65","true","553","0.40577854567575955","75","true","553","0.26842487080199723","95","true","553","0.6088138833989893","105","true","553","0.4433061246554927","115","true","553","0.4457914481307001","125","true","553","0.3442582151858378","135","true"
"554","0.3468404121462854","0","true","554","0.34886217060277813","85","true","554","0.5577479957994091","55","true","554","0.5420007302806691","15","true","554","0.6961800347404902","5","true","554","0.668302364810757","25","true","554","0.6454392449225923","35","true","554","0.561952320975028","45","true","554","0.3514359205268963","65","true","554","0.4067192458378832","75","true","554","0.2685886260901893","95","true","554","0.6099087657123665","105","true","554","0.44411616207464677","115","true","554","0.4461014279650317","125","true","554","0.3446057438889807","135","true"
"555","0.34621659845537484","0","true","555","0.3482347206556508","85","true","555","0.5567448519220721","55","true","555","0.5410259088233298","15","true","555","0.6949279123758489","5","true","555","0.6671003821402341","25","true","555","0.6442783829712926","35","true","555","0.5609416153617636","45","true","555","0.3508038415331429","65","true","555","0.405987736402923","75","true","555","0.26810555302168176","95","true","555","0.6088118075006537","105","true","555","0.44331739199897296","115","true","555","0.44529908726725287","125","true","555","0.34398594938558325","135","true"
"556","0.34628458549466223","0","true","556","0.34823068552552366","85","true","556","0.5574327131721836","55","true","556","0.5421082881230779","15","true","556","0.6961451740756366","5","true","556","0.6684220254397356","25","true","556","0.6454375548001223","35","true","556","0.5619624953512549","45","true","556","0.35142024874061556","65","true","556","0.40697185436174005","75","true","556","0.26825960119965564","95","true","556","0.609869887779937","105","true","556","0.44422821456129247","115","true","556","0.4454292816656411","125","true","556","0.3443242650912228","135","true"
"557","0.3456640038002273","0","true","557","0.34760661619662486","85","true","557","0.5564337298152441","55","true","557","0.5411367678934667","15","true","557","0.6948976020790852","5","true","557","0.6672241365052558","25","true","557","0.6442808566732404","35","true","557","0.5609553941051056","45","true","557","0.35079046334860725","65","true","557","0.4062425141209484","75","true","557","0.26777884922617956","95","true","557","0.6087769309918009","105","true","557","0.4434321066498923","115","true","557","0.44463102130423315","125","true","557","0.3437071965157905","135","true"
"558","0.34576034457208354","0","true","558","0.34760664644945893","85","true","558","0.5570675592988017","55","true","558","0.5422003445057718","15","true","558","0.6960617860610195","5","true","558","0.6686323744761111","25","true","558","0.6454150545589044","35","true","558","0.5619077468768461","45","true","558","0.35143978834417006","65","true","558","0.40722960440126454","75","true","558","0.2679567313593211","95","true","558","0.6098902095988273","105","true","558","0.44423287806392625","115","true","558","0.4447490636684311","125","true","558","0.34406297191967666","135","true"
"559","0.3451429153853477","0","true","559","0.3469859202950849","85","true","559","0.5560727958000539","55","true","559","0.5412321296048687","15","true","559","0.6948188185859105","5","true","559","0.6674383880931181","25","true","559","0.6442625276757635","35","true","559","0.5609043401859946","45","true","559","0.3508122172935555","65","true","559","0.4065024086791194","75","true","559","0.2674782371961794","95","true","559","0.6088011199388295","105","true","559","0.4434396050673835","115","true","559","0.44395486891188035","125","true","559","0.3434485737555344","135","true"
"560","0.3452125457668592","0","true","560","0.34698860585615776","85","true","560","0.556747693985204","55","true","560","0.5423121822046959","15","true","560","0.69602284175708","5","true","560","0.6687578395458217","25","true","560","0.6454249648955181","35","true","560","0.5619130221595136","45","true","560","0.3514055676825711","65","true","560","0.4074985404480241","75","true","560","0.26765574034726847","95","true","560","0.6098509299213469","105","true","560","0.44431099322336126","115","true","560","0.4441075048018552","125","true","560","0.34377140972768394","135","true"
"561","0.3445982885679858","0","true","561","0.3463711884080152","85","true","561","0.5557570397254439","55","true","561","0.541347213908958","15","true","561","0.694784366949683","5","true","561","0.6675678789772348","25","true","561","0.6442765218974834","35","true","561","0.5609131769243543","45","true","561","0.350780290871748","65","true","561","0.4067734540771201","75","true","561","0.26717948458152596","95","true","561","0.6087657859179282","105","true","561","0.4435204042674478","115","true","561","0.44331727792498354","125","true","561","0.3431597168278126","135","true"
"562","0.3446527509910295","0","true","562","0.3463504652067963","85","true","562","0.5563649155738174","55","true","562","0.5423902588764555","15","true","562","0.6959137429128079","5","true","562","0.6689699355150228","25","true","562","0.6454248004988681","35","true","562","0.5618580693714794","45","true","562","0.35139675887927757","65","true","562","0.4076983492640432","75","true","562","0.26729069231381913","95","true","562","0.609844574779248","105","true","562","0.44432506396249966","115","true","562","0.443434287832116","125","true","562","0.34348062793221057","135","true"
"563","0.3440416645531021","0","true","563","0.34573636863728074","85","true","563","0.5553784529575517","55","true","563","0.5414285740202915","15","true","563","0.6946798532977143","5","true","563","0.6677838186080813","25","true","563","0.6442804302852176","35","true","563","0.5608618671208208","45","true","563","0.3507737149805555","65","true","563","0.40697547985045446","75","true","563","0.2668167726465961","95","true","563","0.6087632900721927","105","true","563","0.443537253565403","115","true","563","0.4426480568253215","125","true","563","0.342871619726657","135","true"
"564","0.34412865157105643","0","true","564","0.34570940324355787","85","true","564","0.5560660495750378","55","true","564","0.542533208191846","15","true","564","0.6958523381244303","5","true","564","0.6691572596214177","25","true","564","0.6454005664123171","35","true","564","0.561875160034029","45","true","564","0.3514009571290654","65","true","564","0.4079571646410267","75","true","564","0.26699629104776684","95","true","564","0.6098347572247667","105","true","564","0.44440373728551996","115","true","564","0.44270976617406504","125","true","564","0.3432121708117","135","true"
"565","0.3435206504198708","0","true","565","0.3450986092448943","85","true","565","0.5550836007241985","55","true","565","0.5415746689547579","15","true","565","0.6946229170323376","5","true","565","0.667975002978977","25","true","565","0.6442602827260764","35","true","565","0.5608824477371491","45","true","565","0.3507801073814875","65","true","565","0.40723639226533587","75","true","565","0.2665245661519227","95","true","565","0.6087573106572317","105","true","565","0.4436185716719413","115","true","565","0.44192759344230875","125","true","565","0.34260578888447085","135","true"
"566","0.3435855634894238","0","true","566","0.3450809886900896","85","true","566","0.5557215692777473","55","true","566","0.5425964770682298","15","true","566","0.695798813637017","5","true","566","0.6692950596230652","25","true","566","0.645392749479456","35","true","566","0.5618161266565219","45","true","566","0.35138105680381504","65","true","566","0.4081788604286359","75","true","566","0.26667686994711337","95","true","566","0.6098247105755826","105","true","566","0.44442565292982444","115","true","566","0.44203194171266386","125","true","566","0.34290718855057034","135","true"
"567","0.34298065932835087","0","true","567","0.3444734517381704","85","true","567","0.5547431862332443","55","true","567","0.5416412015804336","15","true","567","0.6945738157256842","5","true","567","0.6681167232504894","25","true","567","0.6442564946388232","35","true","567","0.5608270137574788","45","true","567","0.35076242818268155","65","true","567","0.4074602356743601","75","true","567","0.26620736841551634","95","true","567","0.6087510755217523","105","true","567","0.44364321340001844","115","true","567","0.44125371646316974","125","true","567","0.34230347871157285","135","true"
"568","0.34303790619312013","0","true","568","0.34445449563585834","85","true","568","0.5553861605042799","55","true","568","0.5427282282337318","15","true","568","0.6957681083989404","5","true","568","0.6694128657270694","25","true","568","0.6453781185136435","35","true","568","0.5618264642149312","45","true","568","0.35136619362169896","65","true","568","0.40834994667519015","75","true","568","0.2663255518026905","95","true","568","0.6097893766174112","105","true","568","0.44450263101391646","115","true","568","0.44131332441865184","125","true","568","0.3426213250227914","135","true"
"569","0.34243608530506203","0","true","569","0.34385018950316387","85","true","569","0.5544117988191847","55","true","569","0.5417760734473568","15","true","569","0.6945474625947318","5","true","569","0.6682384571907061","25","true","569","0.6442458762004616","35","true","569","0.5608408037513963","45","true","569","0.35074976170306443","65","true","569","0.40763354325997053","75","true","569","0.26585831399251036","95","true","569","0.6087195706935209","105","true","569","0.4437228018366991","115","true","569","0.44053909051616297","125","true","569","0.3420202349788918","135","true"
"570","0.34251937923998554","0","true","570","0.34383467366034165","85","true","570","0.555052475853908","55","true","570","0.5428120748492702","15","true","570","0.6956624054766011","5","true","570","0.6696734726224226","25","true","570","0.6453557559363885","35","true","570","0.5617735545098311","45","true","570","0.3513835449249289","65","true","570","0.4085950941283031","75","true","570","0.26598009386162297","95","true","570","0.6098012399406927","105","true","570","0.4445339066469869","115","true","570","0.44062021375226323","125","true","570","0.3423393503122315","135","true"
"571","0.34192056913641916","0","true","571","0.3432335640910054","85","true","571","0.5540821043926251","55","true","571","0.5418631026904428","15","true","571","0.6944462124600337","5","true","571","0.6685027148031526","25","true","571","0.6442275116078284","35","true","571","0.5607914329110377","45","true","571","0.35076923802820703","65","true","571","0.4078807670406662","75","true","571","0.26551509369752924","95","true","571","0.6087351538568803","105","true","571","0.44375674946753413","115","true","571","0.4398498986932558","125","true","571","0.3417408549445528","135","true"
"572","0.34197184538715636","0","true","572","0.3432085457588333","85","true","572","0.5547192014866099","55","true","572","0.5429373758893927","15","true","572","0.6956440376872772","5","true","572","0.6697726070124672","25","true","572","0.6453340778064697","35","true","572","0.5617959936942343","45","true","572","0.35134075869157383","65","true","572","0.4088001936048331","75","true","572","0.26564700136148206","95","true","572","0.6097611282609464","105","true","572","0.4446142561815397","115","true","572","0.4399554169042032","125","true","572","0.34203061080653785","135","true"
"573","0.3413760756216735","0","true","573","0.3426106214630862","85","true","573","0.5537527917279225","55","true","573","0.5419914919592718","15","true","573","0.6944321142766722","5","true","573","0.6686057557807382","25","true","573","0.6442098024095944","35","true","573","0.5608172550292617","45","true","573","0.350728666777477","65","true","573","0.40808799814559127","75","true","573","0.26518420170754214","95","true","573","0.6086988266437671","105","true","573","0.4438396668850562","115","true","573","0.43918894405245373","125","true","573","0.34143473866227564","135","true"
"574","0.3414315043021458","0","true","574","0.34257138368554885","85","true","574","0.5543301388749069","55","true","574","0.5430065220219875","15","true","574","0.6955744267978388","5","true","574","0.6699201210820424","25","true","574","0.6453283463234764","35","true","574","0.5617427643890973","45","true","574","0.35133052027494416","65","true","574","0.40901941217423393","75","true","574","0.26526135410424","95","true","574","0.6097529151533146","105","true","574","0.4446365041814231","115","true","574","0.4392056563357008","125","true","574","0.341738908312284","135","true"
"575","0.34083874127384345","0","true","575","0.34197664169998365","85","true","575","0.5533677601615824","55","true","575","0.5420638023656994","15","true","575","0.6943668323068704","5","true","575","0.6687570653162749","25","true","575","0.6442079846111092","35","true","575","0.5607675165342552","45","true","575","0.3507205714550224","65","true","575","0.4083093090280981","75","true","575","0.26480083092003126","95","true","575","0.6086943163422845","105","true","575","0.4438645658061081","115","true","575","0.43844314651567357","125","true","575","0.34114561159646406","135","true"
"576","0.340921122758379","0","true","576","0.3419399857596179","85","true","576","0.5539888973088422","55","true","576","0.543126467469785","15","true","576","0.695556431267141","5","true","576","0.6700612596683924","25","true","576","0.6453039272649909","35","true","576","0.5617650934177595","45","true","576","0.35134106847746055","65","true","576","0.40924418777278504","75","true","576","0.2648968131715669","95","true","576","0.6097330816026306","105","true","576","0.44471500080837134","115","true","576","0.43845964234639456","125","true","576","0.3414574194223029","135","true"
"577","0.3403312938262711","0","true","577","0.3413483940887535","85","true","577","0.5530304390089998","55","true","577","0.5421868023011521","15","true","577","0.6943530464379591","5","true","577","0.6689019841326339","25","true","577","0.6441874844842556","35","true","577","0.5607931814914312","45","true","577","0.3507332119576033","65","true","577","0.40853615284584255","75","true","577","0.264438514186841","95","true","577","0.6086781800773665","105","true","577","0.4439455976927859","115","true","577","0.4377010616502935","125","true","577","0.34086666264129545","135","true"
"578","0.3403884510941604","0","true","578","0.3413141675665061","85","true","578","0.5536140570714483","55","true","578","0.5431746232273201","15","true","578","0.6955166963611934","5","true","578","0.6702547703877163","25","true","578","0.6452976029274258","35","true","578","0.561706692719956","45","true","578","0.3512982999885532","65","true","578","0.4095038558353991","75","true","578","0.26451900145769885","95","true","578","0.6097356643045189","105","true","578","0.44475514993409193","115","true","578","0.4377782074326887","125","true","578","0.34114356574422133","135","true"
"579","0.33980157445434284","0","true","579","0.3407256948638052","85","true","579","0.5526595500764976","55","true","579","0.5422381152562386","15","true","579","0.6943175296433293","5","true","579","0.6690991587146341","25","true","579","0.644185020853413","35","true","579","0.5607382329049215","45","true","579","0.350692613264435","65","true","579","0.40879781470464843","75","true","579","0.2640629342138063","95","true","579","0.6086843959177869","105","true","579","0.44398833071006766","115","true","579","0.4370234174198737","125","true","579","0.34055538718259337","135","true"
"580","0.3398552539603752","0","true","580","0.34069144384117644","85","true","580","0.5532200653223963","55","true","580","0.5432865669066788","15","true","580","0.6954850115060093","5","true","580","0.6703620057047053","25","true","580","0.6452792014582257","35","true","580","0.5617315812806163","45","true","580","0.3512739825559479","65","true","580","0.40966582108023053","75","true","580","0.26411112944966275","95","true","580","0.609701666051579","105","true","580","0.4448377078327931","115","true","580","0.4370328651513296","125","true","580","0.34083821016371624","135","true"
"581","0.3392713102250481","0","true","581","0.3401060633534768","85","true","581","0.5522695153819798","55","true","581","0.542353084832956","15","true","581","0.6942900200773048","5","true","581","0.6692101809526354","25","true","581","0.6441704743079538","35","true","581","0.5607664067423334","45","true","581","0.35067041901203727","65","true","581","0.4089619279168624","75","true","581","0.26365733025816845","95","true","581","0.6086540686872293","105","true","581","0.4440733818743175","115","true","581","0.4362819495754682","125","true","581","0.3402525775002047","135","true"
"582","0.33934895782511065","0","true","582","0.3400836928998907","85","true","582","0.5528470554390198","55","true","582","0.5433567769910536","15","true","582","0.6954235627830125","5","true","582","0.6705431387330314","25","true","582","0.6452581009120577","35","true","582","0.5616746193479832","45","true","582","0.35128041757531747","65","true","582","0.40991011181944725","75","true","582","0.2637333612732647","95","true","582","0.6097140852051653","105","true","582","0.44490164683388117","115","true","582","0.4362592042615226","125","true","582","0.340553281379275","135","true"
"583","0.3387678808425334","0","true","583","0.3395013578093087","85","true","583","0.5519003995221721","55","true","583","0.5424263715510004","15","true","583","0.6942327690111237","5","true","583","0.6693949484269817","25","true","583","0.6441532069036466","35","true","583","0.5607128477395107","45","true","583","0.3506789100109762","65","true","583","0.4092082109430441","75","true","583","0.26328176305190637","95","true","583","0.6086700542373483","105","true","583","0.444139828945467","115","true","583","0.43551218507614325","125","true","583","0.33997014219883104","135","true"
"584","0.33881427371525497","0","true","584","0.33947134220859104","85","true","584","0.5525147038300983","55","true","584","0.5434545428059201","15","true","584","0.6954421563090968","5","true","584","0.6706467884050291","25","true","584","0.6452378577038813","35","true","584","0.5617213256625775","45","true","584","0.3512375549666935","65","true","584","0.4100993378768655","75","true","584","0.26333120464793014","95","true","584","0.6096794432484686","105","true","584","0.44497955670903816","115","true","584","0.43553396980614095","125","true","584","0.3402333377137576","135","true"
"585","0.33823609236079205","0","true","585","0.3388920395768358","85","true","585","0.551571845973733","55","true","585","0.5425271459751934","15","true","585","0.6942553949502076","5","true","585","0.669502339960652","25","true","585","0.6441367692095061","35","true","585","0.5607627568474536","45","true","585","0.3506381734735763","65","true","585","0.40939950965523264","75","true","585","0.26288183399153436","95","true","585","0.6086390346422424","105","true","585","0.4442202059296712","115","true","585","0.43479073777575505","125","true","585","0.33965273474837576","135","true"
"586","0.33828402388002976","0","true","586","0.3388683089057348","85","true","586","0.5521061216000531","55","true","586","0.5435312393876468","15","true","586","0.6953565741249413","5","true","586","0.6708101312838746","25","true","586","0.6452144527215692","35","true","586","0.5616678497312998","45","true","586","0.3512081677790569","65","true","586","0.41032470777032926","75","true","586","0.26292582787395613","95","true","586","0.6096825806616241","105","true","586","0.44502771267922747","115","true","586","0.43474273809623143","125","true","586","0.3399169834394907","135","true"
"587","0.3377087109142474","0","true","587","0.33829200225793593","85","true","587","0.5511671656109374","55","true","587","0.5426068665315453","15","true","587","0.6941739949172459","5","true","587","0.6696692977272694","25","true","587","0.6441171492305462","35","true","587","0.560712632299784","45","true","587","0.35061087497671156","65","true","587","0.4096268766346654","75","true","587","0.262478675105463","95","true","587","0.6086457055244444","105","true","587","0.4442708628277322","115","true","587","0.4340033796981086","125","true","587","0.33933889333160044","135","true"
"588","0.3377685480848481","0","true","588","0.33825017237642596","85","true","588","0.5517468045809656","55","true","588","0.5436429182401268","15","true","588","0.69538472822666","5","true","588","0.6709782324602701","25","true","588","0.6451879323026228","35","true","588","0.561733526499133","45","true","588","0.3512053725980606","65","true","588","0.4105311929494954","75","true","588","0.26251009681200516","95","true","588","0.6096673478673629","105","true","588","0.4451085748363228","115","true","588","0.4339739445867179","125","true","588","0.339628223080455","135","true"
"589","0.3371960590202975","0","true","589","0.33767686699951677","85","true","589","0.5508116405054047","55","true","589","0.5427214895651434","15","true","589","0.694206110043225","5","true","589","0.669840981218812","25","true","589","0.6440943934343134","35","true","589","0.5607814357762532","45","true","589","0.35061010925467406","65","true","589","0.40983537736822506","75","true","589","0.26206516444452715","95","true","589","0.6086340133794521","105","true","589","0.4443541535230409","115","true","589","0.43323839552809634","125","true","589","0.33905258202438643","135","true"
"590","0.33723084448691226","0","true","590","0.337627876925387","85","true","590","0.5513839248730948","55","true","590","0.543696065444279","15","true","590","0.6953255775331546","5","true","590","0.6711141655736796","25","true","590","0.6451611511086293","35","true","590","0.5616748371268543","45","true","590","0.3511662895522197","65","true","590","0.4107295417005034","75","true","590","0.262093158166208","95","true","590","0.6096616115916278","105","true","590","0.4451846630178446","115","true","590","0.43320566525617915","125","true","590","0.3393053852411021","135","true"
"591","0.3366611977901438","0","true","591","0.3370575595657157","85","true","591","0.5504525331081065","55","true","591","0.5427776599283258","15","true","591","0.6941510410846188","5","true","591","0.6699805267804808","25","true","591","0.6440713518668918","35","true","591","0.56072606206414","45","true","591","0.3505731032523004","65","true","591","0.41003574179898233","75","true","591","0.26165043323687315","95","true","591","0.6086317777882635","105","true","591","0.44443266189788205","115","true","591","0.43247389892973287","125","true","591","0.33873223425251914","135","true"
"592","0.3366971232967563","0","true","592","0.33699581539629525","85","true","592","0.550978604420085","55","true","592","0.5437968541591114","15","true","592","0.6953528217961074","5","true","592","0.6712151208644562","25","true","592","0.6451292963613832","35","true","592","0.5617399858074709","45","true","592","0.3511327187851005","65","true","592","0.410888145921313","75","true","592","0.2616744562183808","95","true","592","0.6096320775560313","105","true","592","0.4452858116162193","115","true","592","0.432393142343263","125","true","592","0.33899104010263864","135","true"
"593","0.336130293122856","0","true","593","0.33642848237374257","85","true","593","0.5500510310119703","55","true","593","0.5428813712396516","15","true","593","0.6941821941499859","5","true","593","0.6700851290784892","25","true","593","0.6440432201048826","35","true","593","0.5607942955956738","45","true","593","0.35054158626189325","65","true","593","0.4101964150359236","75","true","593","0.26123392683080776","95","true","593","0.6086057609271491","105","true","593","0.44453617220272396","115","true","593","0.4316652077601935","125","true","593","0.33842034811593386","135","true"
"594","0.33618979057805315","0","true","594","0.33636459427971854","85","true","594","0.5505997020066424","55","true","594","0.543838242626925","15","true","594","0.6953162473363805","5","true","594","0.6714236921813495","25","true","594","0.6450863329041719","35","true","594","0.5616314771948759","45","true","594","0.3511335212825616","65","true","594","0.41109820462567365","75","true","594","0.2612542397602433","95","true","594","0.6096501719010303","105","true","594","0.4453398687327587","115","true","594","0.4316041688433401","125","true","594","0.33871173904508833","135","true"
"595","0.3356257137482242","0","true","595","0.33580022415508815","85","true","595","0.5496758770032756","55","true","595","0.5429257623540611","15","true","595","0.6941496093374939","5","true","595","0.6702971423622532","25","true","595","0.6440039732852052","35","true","595","0.560689142501596","45","true","595","0.35054437107906733","65","true","595","0.4104084425373755","75","true","595","0.26081589372037717","95","true","595","0.608627268928042","105","true","595","0.44459265418790506","115","true","595","0.43088000077481103","125","true","595","0.3381434307580999","135","true"
"596","0.33564002651318453","0","true","596","0.3357394641893636","85","true","596","0.5502429689736321","55","true","596","0.5439485209406305","15","true","596","0.69533311737243","5","true","596","0.6715812195977888","25","true","596","0.645057551774989","35","true","596","0.5616842841524726","45","true","596","0.35109524220306504","65","true","596","0.41122681808596157","75","true","596","0.2608256836149885","95","true","596","0.6096155712083912","105","true","596","0.4454394585714727","115","true","596","0.4308222626289573","125","true","596","0.33839751607177543","135","true"
"597","0.3350787555658381","0","true","597","0.3351780269582777","85","true","597","0.5493228302295291","55","true","597","0.5430389080293585","15","true","597","0.6941703529621082","5","true","597","0.6704581740800667","25","true","597","0.6439788602168368","35","true","597","0.5607450127742912","45","true","597","0.3505081264134278","65","true","597","0.4105391478216038","75","true","597","0.26038952026446177","95","true","597","0.6085961471762701","105","true","597","0.4446945765337278","115","true","597","0.4301018240626881","125","true","597","0.33783163393787613","135","true"
"598","0.3351145739872748","0","true","598","0.3351166020689071","85","true","598","0.5498294937021827","55","true","598","0.5439896441348604","15","true","598","0.6953163872785749","5","true","598","0.6717341533722236","25","true","598","0.6450125086872203","35","true","598","0.5615770867403974","45","true","598","0.3510719971689481","65","true","598","0.41137366636715633","75","true","598","0.2604080075102942","95","true","598","0.6096171039991632","105","true","598","0.4454742249443096","115","true","598","0.43001518419962526","125","true","598","0.33807924319502564","135","true"
"599","0.334556049697296","0","true","599","0.33455807439879226","85","true","599","0.548913111212679","55","true","599","0.543082994727969","15","true","599","0.6941575266331106","5","true","599","0.6706145964499366","25","true","599","0.6439374878394082","35","true","599","0.5606411249291634","45","true","599","0.3504868771736665","65","true","599","0.4106880435898777","75","true","599","0.2599739941644437","95","true","599","0.608601075492498","105","true","599","0.4447317679027358","115","true","599","0.4292984922259592","125","true","599","0.3375157777897006","135","true"
"600","0.33461512058109394","0","true","600","0.3344879616223318","85","true","600","0.5494440356202922","55","true","600","0.5440865117291434","15","true","600","0.695341869535768","5","true","600","0.6718611649920533","25","true","600","0.6449646382767144","35","true","600","0.5615987682589928","45","true","600","0.351055539135264","65","true","600","0.4115188439555497","75","true","600","0.2599713991797036","95","true","600","0.6096026553872754","105","true","600","0.4455713086948014","115","true","600","0.42922984940769543","125","true","600","0.3377821429597878","135","true"
"601","0.33405928151036124","0","true","601","0.3339323337791053","85","true","601","0.5485313378867037","55","true","601","0.5431827135369022","15","true","601","0.6941868165963399","5","true","601","0.6707451165452226","25","true","601","0.64389326844569","35","true","601","0.5606658799396258","45","true","601","0.3504723903991589","65","true","601","0.4108352578360222","75","true","601","0.2595395530016642","95","true","601","0.6085900263916154","105","true","601","0.44483115701922865","115","true","601","0.4285168430133305","125","true","601","0.337221043054539","135","true"
"602","0.3340820815688008","0","true","602","0.333876764619011","85","true","602","0.5490749869288488","55","true","602","0.5441373533827047","15","true","602","0.6953514781037262","5","true","602","0.6720273060779826","25","true","602","0.6449173229340841","35","true","602","0.5614901401139432","45","true","602","0.3510257504015365","65","true","602","0.4116197204322773","75","true","602","0.25953212309633683","95","true","602","0.609602860013087","105","true","602","0.4456091711357156","115","true","602","0.4284161535096048","125","true","602","0.33746748600851695","135","true"
"603","0.3335289655397134","0","true","603","0.3333239885186484","85","true","603","0.5481659223809534","55","true","603","0.5432364637247864","15","true","603","0.6942002339346802","5","true","603","0.6709146780877873","25","true","603","0.6438495790219416","35","true","603","0.5605605206766685","45","true","603","0.3504445819406068","65","true","603","0.4109382308289126","75","true","603","0.2591024341508131","95","true","603","0.6085935837547871","105","true","603","0.44487140760734517","115","true","603","0.4277068552422048","125","true","603","0.3369087650051916","135","true"
"604","0.33355847059226046","0","true","604","0.3332496747080103","85","true","604","0.5486934268047188","55","true","604","0.5442334329788279","15","true","604","0.6953768882891834","5","true","604","0.6722225929736096","25","true","604","0.6448612392542395","35","true","604","0.5615340100489102","45","true","604","0.3509953212519864","65","true","604","0.41172137249811663","75","true","604","0.2590940275918434","95","true","604","0.6095780107077015","105","true","604","0.44569149048950835","115","true","604","0.427592928362814","125","true","604","0.33715338310912324","135","true"
"605","0.3330080440731313","0","true","605","0.3326997577530466","85","true","605","0.5477879921070212","55","true","605","0.5433353580069156","15","true","605","0.6942294016748449","5","true","605","0.6711133147673826","25","true","605","0.6437971117967243","35","true","605","0.5606073862699517","45","true","605","0.3504161210519006","65","true","605","0.4110419642926742","75","true","605","0.25866647969152684","95","true","605","0.608572106399603","105","true","605","0.44495602598375006","115","true","605","0.4268873294711262","125","true","605","0.3365970243911214","135","true"
"606","0.33304898209057604","0","true","606","0.33263450557164853","85","true","606","0.5482753479312904","55","true","606","0.5442839659170489","15","true","606","0.6953762452419231","5","true","606","0.6724057851688975","25","true","606","0.6447919420171455","35","true","606","0.5614467982775443","45","true","606","0.35097929077739715","65","true","606","0.41179844392786946","75","true","606","0.25865545585533534","95","true","606","0.6096023246327426","105","true","606","0.4457173318247131","115","true","606","0.42677029214842743","125","true","606","0.3368540780386578","135","true"
"607","0.332501204159506","0","true","607","0.33208740934537934","85","true","607","0.5473735792669298","55","true","607","0.5433887620257378","15","true","607","0.6942325343122489","5","true","607","0.6712998546011855","25","true","607","0.6437314289546173","35","true","607","0.5605233660435353","45","true","607","0.3504020222070396","65","true","607","0.4111211438556197","75","true","607","0.25823003569767855","95","true","607","0.608599689230386","105","true","607","0.44498424410789617","115","true","607","0.42606836732581493","125","true","607","0.33630004172609423","135","true"
"608","0.33251825120156636","0","true","608","0.332012532745079","85","true","608","0.5478900294952745","55","true","608","0.544381459446326","15","true","608","0.6954511336691144","5","true","608","0.6724865287444604","25","true","608","0.6447281300014178","35","true","608","0.5614985049913174","45","true","608","0.35092962314948556","65","true","608","0.41185463662519717","75","true","608","0.2581984699856546","95","true","608","0.6095766663410533","105","true","608","0.44580999045657876","115","true","608","0.42594249555656116","125","true","608","0.3365309019367917","135","true"
"609","0.3319731393143507","0","true","609","0.33146824990451335","85","true","609","0.5469918491190527","55","true","609","0.5434890308242829","15","true","609","0.6943110498434273","5","true","609","0.6713840918120924","25","true","609","0.6436711986407597","35","true","609","0.5605780156388726","45","true","609","0.3503543286853061","65","true","609","0.411179465089746","75","true","609","0.25777519380535024","95","true","609","0.6085773603306581","105","true","609","0.44507915440664997","115","true","609","0.42524422917040283","125","true","609","0.33597921193361663","135","true"
"610","0.3320149378469052","0","true","610","0.3314014126460074","85","true","610","0.5474352089788076","55","true","610","0.5444403799873953","15","true","610","0.6954529262046509","5","true","610","0.6727063176308129","25","true","610","0.6446207122854749","35","true","610","0.5614128551923948","45","true","610","0.3509104915405325","65","true","610","0.4119172285003827","75","true","610","0.25774326962705607","95","true","610","0.6095858659770638","105","true","610","0.4458342637313712","115","true","610","0.4251291694791886","125","true","610","0.3362060563738135","135","true"
"611","0.3314724297785279","0","true","611","0.33085990706978846","85","true","611","0.546540707003352","55","true","611","0.5435507715233636","15","true","611","0.6943165652141204","5","true","611","0.6716071243013507","25","true","611","0.6435674104680149","35","true","611","0.5604955139257406","45","true","611","0.3503371083844205","65","true","611","0.411244161133552","75","true","611","0.25732212049367853","95","true","611","0.6085898106404999","105","true","611","0.445105776372333","115","true","611","0.4244345139735037","125","true","611","0.3356567000725491","135","true"
"612","0.331502288877978","0","true","612","0.3307670848572559","85","true","612","0.547004666894788","55","true","612","0.5445309830599344","15","true","612","0.6955004006682014","5","true","612","0.6729040067096447","25","true","612","0.6445326594290158","35","true","612","0.5614558795928551","45","true","612","0.3508746815639667","65","true","612","0.4119793674477455","75","true","612","0.2572852328147541","95","true","612","0.6095864561835921","105","true","612","0.4459011833055309","115","true","612","0.4242870855196853","125","true","612","0.3359024242838907","135","true"
"613","0.33096238287003343","0","true","613","0.33022837624999657","85","true","613","0.5461137798151549","55","true","613","0.5436441247813352","15","true","613","0.6943676638592955","5","true","613","0.6718080718452968","25","true","613","0.6434829319706624","35","true","613","0.5605414563361893","45","true","613","0.350303224427869","65","true","613","0.41130839127926383","75","true","613","0.2568662014909515","95","true","613","0.6085936443657035","105","true","613","0.44517495987995187","115","true","613","0.42359606420776397","125","true","613","0.3353553519316368","135","true"
"614","0.33098372225796","0","true","614","0.33014596306671834","85","true","614","0.5466208514600671","55","true","614","0.5445957380761686","15","true","614","0.6955062348802471","5","true","614","0.6730533088781817","25","true","614","0.6444562513278529","35","true","614","0.561378634504581","45","true","614","0.35083855423554644","65","true","614","0.4120114986293836","75","true","614","0.2568179541459023","95","true","614","0.609588883107354","105","true","614","0.4459472947432877","115","true","614","0.42346167986407407","125","true","614","0.33558687480953786","135","true"
"615","0.3304464110205283","0","true","615","0.3296100118279736","85","true","615","0.5457334799479566","55","true","615","0.5437116540857851","15","true","615","0.6943771663171298","5","true","615","0.6719606898702626","25","true","615","0.6434100561146583","35","true","615","0.5604673055524632","45","true","615","0.35026901112802117","65","true","615","0.4113426487939463","75","true","615","0.2564010418826784","95","true","615","0.6085992907646472","105","true","615","0.4452233543297434","115","true","615","0.4227742420720869","125","true","615","0.33504209092186005","135","true"
"616","0.33047848003293734","0","true","616","0.32951192790280615","85","true","616","0.5461905530013371","55","true","616","0.544678229083073","15","true","616","0.695550783171486","5","true","616","0.6731627170985185","25","true","616","0.6443664008104211","35","true","616","0.5614182222511378","45","true","616","0.350795018037899","65","true","616","0.4120495182980274","75","true","616","0.2563600603664565","95","true","616","0.6095765564148575","105","true","616","0.4460257241913485","115","true","616","0.42263802111687","125","true","616","0.3352686638015522","135","true"
"617","0.32994372521087756","0","true","617","0.328978737080957","85","true","617","0.5453067495175162","55","true","617","0.5437968727253334","15","true","617","0.694425296467325","5","true","617","0.6720734570384885","25","true","617","0.6433237367314398","35","true","617","0.5605097785258123","45","true","617","0.35022738855887325","65","true","617","0.4113827715046649","75","true","617","0.25594523826230364","95","true","617","0.6085901865824711","105","true","617","0.445303999718547","115","true","617","0.4219541408238006","125","true","617","0.3347261578730707","135","true"
"618","0.32997517118895486","0","true","618","0.32888749101214637","85","true","618","0.5457544703841214","55","true","618","0.544733975771043","15","true","618","0.6955422764384409","5","true","618","0.673401013542964","25","true","618","0.6442621603074938","35","true","618","0.5613446925313921","45","true","618","0.35077750102494737","65","true","618","0.41205824172092","75","true","618","0.25590503577226886","95","true","618","0.6095991672184025","105","true","618","0.44603955127938205","115","true","618","0.4217889912027723","125","true","618","0.33495959349674964","135","true"
"619","0.32944295317090816","0","true","619","0.3283570273169655","85","true","619","0.5448742212383405","55","true","619","0.5438553725843155","15","true","619","0.6944204340570885","5","true","619","0.6723148828759592","25","true","619","0.6432230277908688","35","true","619","0.5604392978660189","45","true","619","0.3502117308620039","65","true","619","0.41139363165362813","75","true","619","0.25549228571457167","95","true","619","0.608615942755147","105","true","619","0.44532013264828624","115","true","619","0.42110868637825166","125","true","619","0.33441933608788393","135","true"
"620","0.32945571986811","0","true","620","0.3282624759594725","85","true","620","0.5453580122942737","55","true","620","0.5448428366461815","15","true","620","0.6955999145673823","5","true","620","0.6735392452244094","25","true","620","0.6441789061336215","35","true","620","0.561370755595837","45","true","620","0.3507281368153196","65","true","620","0.4120399817255252","75","true","620","0.25544626398504394","95","true","620","0.609571809155314","105","true","620","0.4461260588038632","115","true","620","0.4209395728375702","125","true","620","0.33464924949714375","135","true"
"621","0.32892604829275934","0","true","621","0.3277347227826888","85","true","621","0.5444812309240258","55","true","621","0.5439668835326025","15","true","621","0.6944815867304572","5","true","621","0.6724563847015407","25","true","621","0.643143248728262","35","true","621","0.5604682302652971","45","true","621","0.35016426521272265","65","true","621","0.4113775380250019","75","true","621","0.2550355786731709","95","true","621","0.6085917901695337","105","true","621","0.4454088143363329","115","true","621","0.420262821112751","125","true","621","0.33411122819570144","135","true"
"622","0.3289513719350301","0","true","622","0.3276455436857473","85","true","622","0.5448869030578795","55","true","622","0.5449124298165249","15","true","622","0.695613737790847","5","true","622","0.6737099288756443","25","true","622","0.644077691300257","35","true","622","0.5613149033509417","45","true","622","0.35069882804946295","65","true","622","0.41203620518024026","75","true","622","0.2549760218615511","95","true","622","0.6095831544710166","105","true","622","0.4461864069191959","115","true","622","0.42009970919265005","125","true","622","0.33432745120751545","135","true"
"623","0.32842420627487784","0","true","623","0.3271204706990714","85","true","623","0.5440136868670816","55","true","623","0.5440391727174599","15","true","623","0.694498972185413","5","true","623","0.6726302655280872","25","true","623","0.6430455155129169","35","true","623","0.5604153602365972","45","true","623","0.35013681069681957","65","true","623","0.41137589074886166","75","true","623","0.2545674064419012","95","true","623","0.6086062583901336","105","true","623","0.44547136460041514","115","true","623","0.4194264724792003","125","true","623","0.33379167003570853","135","true"
"624","0.32844936445930567","0","true","624","0.32701318288498754","85","true","624","0.544438352773412","55","true","624","0.5449976576203758","15","true","624","0.6956462032173962","5","true","624","0.6737887485649732","25","true","624","0.643965349386646","35","true","624","0.5613417167597996","45","true","624","0.35065704500133127","65","true","624","0.4120191541753817","75","true","624","0.2545054077505672","95","true","624","0.6095795739091454","105","true","624","0.4462854526513208","115","true","624","0.41926114736113373","125","true","624","0.33402863061326515","135","true"
"625","0.3279246849633643","0","true","625","0.32649079760881344","85","true","625","0.5435686429447005","55","true","625","0.5441270543334422","15","true","625","0.6945349473017135","5","true","625","0.6727124087110355","25","true","625","0.6429366507454533","35","true","625","0.5604450047521962","45","true","625","0.3500968899773675","65","true","625","0.4113609766128012","75","true","625","0.2540988495912212","95","true","625","0.6086058046217506","105","true","625","0.44557253659277235","115","true","625","0.4185914011193428","125","true","625","0.33349503855158263","135","true"
"626","0.3279437538054326","0","true","626","0.32639025579939185","85","true","626","0.5440088810402478","55","true","626","0.5450773004878907","15","true","626","0.6956673736125725","5","true","626","0.6740101261335836","25","true","626","0.6438700334049537","35","true","626","0.5612830464469044","45","true","626","0.3505931446824403","65","true","626","0.4119741511448936","75","true","626","0.2540430155401099","95","true","626","0.6095827674021308","105","true","626","0.44632423485638256","115","true","626","0.4184130858191993","125","true","626","0.33370806994439983","135","true"
"627","0.32742155037580617","0","true","627","0.32587052609270495","85","true","627","0.5431426248602474","55","true","627","0.5442093430030374","15","true","627","0.694559623017648","5","true","627","0.6729368616015238","25","true","627","0.6428447626511242","35","true","627","0.5603892836340909","45","true","627","0.350034875343774","65","true","627","0.4113181413500769","75","true","627","0.2536384884453008","95","true","627","0.6086120942056306","105","true","627","0.445613527476038","115","true","627","0.417746822943691","125","true","627","0.3331766876674183","135","true"
"628","0.32744120189558473","0","true","628","0.32576262001574163","85","true","628","0.5435400332686067","55","true","628","0.5451786043841146","15","true","628","0.6956945252810494","5","true","628","0.6740836511320215","25","true","628","0.6437501678078699","35","true","628","0.5613108759290153","45","true","628","0.3505511697798601","65","true","628","0.4119421920823746","75","true","628","0.2535601508198768","95","true","628","0.6095621876287426","105","true","628","0.4464386988023096","115","true","628","0.4175753728373347","125","true","628","0.3333818791056764","135","true"
"629","0.3269214539560679","0","true","629","0.3252455364919071","85","true","629","0.5426772713110374","55","true","629","0.5443132415200128","15","true","629","0.6945902482567937","5","true","629","0.6730136770826056","25","true","629","0.6427283421446828","35","true","629","0.5604199062846835","45","true","629","0.3499947393516381","65","true","629","0.41128831558700574","75","true","629","0.25315767439000403","95","true","629","0.6085946286007604","105","true","629","0.44573006594706777","115","true","629","0.416912554785212","125","true","629","0.33285270151979435","135","true"
"630","0.32694765418350713","0","true","630","0.3251393256690474","85","true","630","0.5430815981113276","55","true","630","0.5452477416347552","15","true","630","0.6957311050775784","5","true","630","0.6742348973209017","25","true","630","0.6436229442615056","35","true","630","0.56125263796245","45","true","630","0.3505122620702546","65","true","630","0.4118861156891964","75","true","630","0.2530943610560807","95","true","630","0.6095923737670481","105","true","630","0.4464839906256013","115","true","630","0.4167265051796312","125","true","630","0.3331077868696652","135","true"
"631","0.326430331945875","0","true","631","0.32462486471071034","85","true","631","0.5422222917852021","55","true","631","0.5443850078663458","15","true","631","0.6946302647214431","5","true","631","0.6731680699517231","25","true","631","0.6426045535269146","35","true","631","0.5603645799909903","45","true","631","0.34995765406064977","65","true","631","0.41123439715171356","75","true","631","0.25269389529491604","95","true","631","0.6086278288718471","105","true","631","0.4457775286151177","115","true","631","0.41606712779801786","125","true","631","0.3325807175866436","135","true"
"632","0.3264367550335506","0","true","632","0.32450482398522806","85","true","632","0.5426569750455846","55","true","632","0.5453282533347773","15","true","632","0.6957682912210588","5","true","632","0.6742678243893786","25","true","632","0.6435039138859292","35","true","632","0.5612744705019623","45","true","632","0.3504409646078599","65","true","632","0.4117977799186412","75","true","632","0.25262229627041327","95","true","632","0.6095722068253712","105","true","632","0.44660309553262756","115","true","632","0.4158730910113318","125","true","632","0.3327780949635761","135","true"
"633","0.32592187056188887","0","true","633","0.32399298672342175","85","true","633","0.5418010492174371","55","true","633","0.5444681141339338","15","true","633","0.6946708648942117","5","true","633","0.6732043104707833","25","true","633","0.6424889234854783","35","true","633","0.5603891795390256","45","true","633","0.3498882186069011","65","true","633","0.41114825660646664","75","true","633","0.25222383838986057","95","true","633","0.6086107364676024","105","true","633","0.44589867424629853","115","true","633","0.41521713976367985","125","true","633","0.33225320837846","135","true"
"634","0.32594599178786016","0","true","634","0.32388564795017216","85","true","634","0.5421535644355028","55","true","634","0.5454088760793921","15","true","634","0.6957806650589023","5","true","634","0.6744046556146407","25","true","634","0.6433292916757541","35","true","634","0.5612225416910436","45","true","634","0.3504061865917457","65","true","634","0.4117660614814228","75","true","634","0.25214110496661557","95","true","634","0.6095496550220721","105","true","634","0.4466248120655351","115","true","634","0.41502630999219653","125","true","634","0.332446113009036","135","true"
"635","0.3254334980900805","0","true","635","0.3233763937867285","85","true","635","0.5413011217241261","55","true","635","0.5445513149534811","15","true","635","0.6946866703025204","5","true","635","0.6733442709360014","25","true","635","0.6423177676322388","35","true","635","0.5603401163110262","45","true","635","0.3498552334681738","65","true","635","0.4111186305671439","75","true","635","0.2517446566883662","95","true","635","0.6085912436148047","105","true","635","0.44592257179499184","115","true","635","0.4143737529010138","125","true","635","0.33192339899487083","135","true"
"636","0.32545119202371564","0","true","636","0.3232682534823268","85","true","636","0.5416990319157922","55","true","636","0.5454977371587639","15","true","636","0.6958135181982654","5","true","636","0.6745547834962353","25","true","636","0.6431597130901547","35","true","636","0.561259629895372","45","true","636","0.35035477115677965","65","true","636","0.41170881637916734","75","true","636","0.25166486431485513","95","true","636","0.609546548238998","105","true","636","0.44671060903267856","115","true","636","0.41417523846028614","125","true","636","0.3321504511974238","135","true"
"637","0.32494108043747155","0","true","637","0.3227615634298467","85","true","637","0.540849973872037","55","true","637","0.5446427250315558","15","true","637","0.6947229013985816","5","true","637","0.6734974875973384","25","true","637","0.6421516257655621","35","true","637","0.5603799126071347","45","true","637","0.349805625747443","65","true","637","0.41106350475474857","75","true","637","0.2512704052798789","95","true","637","0.6085911461257707","105","true","637","0.4460104356642888","115","true","637","0.41352606097053646","125","true","637","0.3316298392049513","135","true"
"638","0.32495506896756143","0","true","638","0.32265863078603446","85","true","638","0.5412669215591088","55","true","638","0.5455651376939411","15","true","638","0.6958515134138857","5","true","638","0.6746640812698936","25","true","638","0.6429715396711745","35","true","638","0.5612262982097268","45","true","638","0.3502961172741789","65","true","638","0.41161094083778493","75","true","638","0.25118256175495995","95","true","638","0.6095287944646087","105","true","638","0.4467624088582131","115","true","638","0.4133306155827313","125","true","638","0.33178843531178287","135","true"
"639","0.3244473266722996","0","true","639","0.32215447667543123","85","true","639","0.5404211919941727","55","true","639","0.5447126921662944","15","true","639","0.6947642454241765","5","true","639","0.6736099186429094","25","true","639","0.6419668966404383","35","true","639","0.560349382118774","45","true","639","0.34974877959093803","65","true","639","0.4109677987427259","75","true","639","0.25079008900221783","95","true","639","0.6085764057232578","105","true","639","0.44606434259437217","115","true","639","0.4126847864958833","125","true","639","0.3312700158816082","135","true"
"640","0.32445544717907926","0","true","640","0.3220297417766255","85","true","640","0.5407644288736946","55","true","640","0.5456539685017894","15","true","640","0.6958450994811346","5","true","640","0.67466743399076","25","true","640","0.6427464664381216","35","true","640","0.5612682239973161","45","true","640","0.3502472399929329","65","true","640","0.411495444598801","75","true","640","0.25069829700099583","95","true","640","0.6094872431651381","105","true","640","0.4468455870015913","115","true","640","0.4124837043297036","125","true","640","0.33146599426222584","135","true"
"641","0.3239500648626009","0","true","641","0.32152813781747186","85","true","641","0.5399221166791873","55","true","641","0.5448040402019424","15","true","641","0.6947612286096687","5","true","641","0.6736165501371919","25","true","641","0.641745303717813","35","true","641","0.5603939744272268","45","true","641","0.3497016835443458","65","true","641","0.41085448596235424","75","true","641","0.25030780121127466","95","true","641","0.6085378860885569","105","true","641","0.44614956583803744","115","true","641","0.4118412063478816","125","true","641","0.3309496920904778","135","true"
"642","0.32397767017434276","0","true","642","0.3214070916231211","85","true","642","0.5402922382709685","55","true","642","0.5457375392926223","15","true","642","0.6958739423787977","5","true","642","0.6748696640002122","25","true","642","0.6425335147053175","35","true","642","0.5612380885139335","45","true","642","0.35020672860716184","65","true","642","0.4113199005886917","75","true","642","0.25021592814717053","95","true","642","0.6094799560064686","105","true","642","0.44686071533904204","115","true","642","0.41163672560989145","125","true","642","0.33113912573276755","135","true"
"643","0.32347459925792293","0","true","643","0.32090801228830257","85","true","643","0.5394532751680633","55","true","643","0.544890120753348","15","true","643","0.6947933927788307","5","true","643","0.6738217297393423","25","true","643","0.6415357918563962","35","true","643","0.5603666007988498","45","true","643","0.3496629293391383","65","true","643","0.4106812050908832","75","true","643","0.24982739409725258","95","true","643","0.6085335585592536","105","true","643","0.44616683224068954","115","true","643","0.4109975381477643","125","true","643","0.3306249345437415","135","true"
"644","0.3234775629474421","0","true","644","0.32078332464705467","85","true","644","0.5398453275378049","55","true","644","0.5458177942460428","15","true","644","0.6958985689023764","5","true","644","0.6749455538141856","25","true","644","0.642308075429459","35","true","644","0.561270938491678","45","true","644","0.35014003887010325","65","true","644","0.4111251731215579","75","true","644","0.24972599718124433","95","true","644","0.609434557632671","105","true","644","0.4469587771238982","115","true","644","0.4108029857003401","125","true","644","0.33077318007279005","135","true"
"645","0.32297682368591357","0","true","645","0.32028675603304996","85","true","645","0.5390096536561674","55","true","645","0.5449728750599034","15","true","645","0.6948213265356545","5","true","645","0.6739007464553401","25","true","645","0.6413137904829738","35","true","645","0.5604020980296166","45","true","645","0.3495980264260319","65","true","645","0.4104887564448991","75","true","645","0.24933942443018975","95","true","645","0.6084911604846328","105","true","645","0.44626689047200363","115","true","645","0.4101670677658194","125","true","645","0.3302611472862997","135","true"
"646","0.3229944466526193","0","true","646","0.32016384810037274","85","true","646","0.5392964708502814","55","true","646","0.5458786892625174","15","true","646","0.6959469328441958","5","true","646","0.6750549158389715","25","true","646","0.6420151592366166","35","true","646","0.5612434252126098","45","true","646","0.350092439090661","65","true","646","0.41094669610634876","75","true","646","0.2492461335913721","95","true","646","0.6094197861661412","105","true","646","0.44699879668068115","115","true","646","0.4099459207480692","125","true","646","0.33045198034358175","135","true"
"647","0.32249599843247634","0","true","647","0.3196697680878722","85","true","647","0.5384642232100804","55","true","647","0.545036283877853","15","true","647","0.6948729406638807","5","true","647","0.6740131644256397","25","true","647","0.6410243951019922","35","true","647","0.5603773088156768","45","true","647","0.3495521729809532","65","true","647","0.41031251910618466","75","true","647","0.2488614944963237","95","true","647","0.6084793235331688","105","true","647","0.4463089837228406","115","true","647","0.40931328815432216","125","true","647","0.32994202358379227","135","true"
"648","0.32250327040392646","0","true","648","0.31954807177300437","85","true","648","0.5388044277444095","55","true","648","0.5459593718331304","15","true","648","0.6959523629858337","5","true","648","0.6751454894351987","25","true","648","0.6416978202685439","35","true","648","0.561282211867438","45","true","648","0.35004388715095264","65","true","648","0.410735410640778","75","true","648","0.2487666620119041","95","true","648","0.6093826546843001","105","true","648","0.4470917611823827","115","true","648","0.409081429171297","125","true","648","0.3301025110522168","135","true"
"649","0.32200711152638195","0","true","649","0.3190564593548921","85","true","649","0.537975497855572","55","true","649","0.5451194343380025","15","true","649","0.6948816670427787","5","true","649","0.6741068040668369","25","true","649","0.6407105928527462","35","true","649","0.5604187007722573","45","true","649","0.3495053580937973","65","true","649","0.410103510009023","75","true","649","0.2483839440703473","95","true","649","0.6084451429078627","105","true","649","0.44640392770364057","115","true","649","0.40845207312641807","125","true","649","0.3295946610352134","135","true"
"650","0.3220180924859448","0","true","650","0.31893221891872475","85","true","650","0.5383126713757858","55","true","650","0.54601036907439","15","true","650","0.6960017517800722","5","true","650","0.6752794948032577","25","true","650","0.641381558906811","35","true","650","0.5612458057951538","45","true","650","0.34996773723493574","65","true","650","0.41049740644070526","75","true","650","0.24826655220370092","95","true","650","0.6093693365339138","105","true","650","0.44712622119677403","115","true","650","0.40824892535049434","125","true","650","0.3297296150330696","135","true"
"651","0.32152419970605844","0","true","651","0.31844305907375736","85","true","651","0.5374870384442278","55","true","651","0.5451729298580184","15","true","651","0.6949342644307162","5","true","651","0.6742437900566268","25","true","651","0.640397844859408","35","true","651","0.5603849993445477","45","true","651","0.3494309769017533","65","true","651","0.40986780919156307","75","true","651","0.2478857752831431","95","true","651","0.6084347209870826","105","true","651","0.44644044478389555","115","true","651","0.40762277669198127","125","true","651","0.329223894764614","135","true"
"652","0.32153058674018287","0","true","652","0.3183175564087142","85","true","652","0.5377753330343787","55","true","652","0.5460926348798667","15","true","652","0.6959986304610205","5","true","652","0.6753629568430601","25","true","652","0.6409980189719376","35","true","652","0.5612824015259793","45","true","652","0.34992304185465095","65","true","652","0.41027718768779875","75","true","652","0.2477798657784937","95","true","652","0.6093327356227065","105","true","652","0.4472283910661282","115","true","652","0.4073998044950353","125","true","652","0.32940567790313907","135","true"
"653","0.3210389497573997","0","true","653","0.3178308323163461","85","true","653","0.5369530465924301","55","true","653","0.5452576308509984","15","true","653","0.6949344123716306","5","true","653","0.6743302917714347","25","true","653","0.6400178996768735","35","true","653","0.5604241715542271","45","true","653","0.34938799133193743","65","true","653","0.409649852538429","75","true","653","0.24740099748219632","95","true","653","0.6084010341920907","105","true","653","0.4465445556057825","115","true","653","0.4067768690141561","125","true","653","0.32890199949655935","135","true"
"654","0.3210578072414086","0","true","654","0.31770166235906744","85","true","654","0.537241965167047","55","true","654","0.5461496423760284","15","true","654","0.6960284338055546","5","true","654","0.6755225907154218","25","true","654","0.6405697673870685","35","true","654","0.5612526638505834","45","true","654","0.3498792529346914","65","true","654","0.41002697848941133","75","true","654","0.2472777812789991","95","true","654","0.6093283221898543","105","true","654","0.4472600714630901","115","true","654","0.4065730156178306","125","true","654","0.32905688091197927","135","true"
"655","0.3205683898523211","0","true","655","0.31721736104449566","85","true","655","0.5364229987567314","55","true","655","0.5453170971894795","15","true","655","0.6949674148515826","5","true","655","0.6744928306685994","25","true","655","0.6395932890831248","35","true","655","0.5603970957654453","45","true","655","0.3493459004149739","65","true","655","0.40940193736366526","75","true","655","0.24690083344168356","95","true","655","0.6083994680401746","105","true","655","0.44657827257366467","115","true","655","0.4059532396793888","125","true","655","0.3285552698130281","135","true"
"656","0.3205643596427602","0","true","656","0.3170707674495648","85","true","656","0.536721133998401","55","true","656","0.5462282893317639","15","true","656","0.6960292322528505","5","true","656","0.675577006634561","25","true","656","0.640158426154068","35","true","656","0.5612726012587046","45","true","656","0.34979302582954763","65","true","656","0.4097520437674721","75","true","656","0.24678986988989787","95","true","656","0.6092970748947693","105","true","656","0.4473819658202893","115","true","656","0.4057303424420056","125","true","656","0.3286816261397393","135","true"
"657","0.3200771797648837","0","true","657","0.31658889698231624","85","true","657","0.5359054483844218","55","true","657","0.5453981551534482","15","true","657","0.6949714370670559","5","true","657","0.6745502938585206","25","true","657","0.6391855410079372","35","true","657","0.5604196033844512","45","true","657","0.34926142548634165","65","true","657","0.40912932029670085","75","true","657","0.24641480929736","95","true","657","0.6083710914982727","105","true","657","0.44670205401813073","115","true","657","0.4051137309793278","125","true","657","0.3281821099905907","135","true"
"658","0.32008686615291726","0","true","658","0.31643897032389345","85","true","658","0.5361767778369925","55","true","658","0.5462976648911231","15","true","658","0.6960835139625517","5","true","658","0.6757107812609342","25","true","658","0.6397273897295014","35","true","658","0.5612434530602197","45","true","658","0.34974820076037144","65","true","658","0.40948224641648573","75","true","658","0.24629376425006191","95","true","658","0.609290011591294","105","true","658","0.44739302543188286","115","true","658","0.40489628382761006","125","true","658","0.32836838919070427","135","true"
"659","0.3196018860526855","0","true","659","0.3159595173385542","85","true","659","0.5353643887796636","55","true","659","0.5454699411564395","15","true","659","0.6950288419716993","5","true","659","0.6746869770469025","25","true","659","0.6387581058056688","35","true","659","0.5603930841919467","45","true","659","0.34921827924406784","65","true","659","0.4088618187704002","75","true","659","0.24592059187998605","95","true","659","0.6083668449070647","105","true","659","0.44671515721153154","115","true","659","0.40428280460968946","125","true","659","0.3278708613282941","135","true"
"660","0.3196071246666068","0","true","660","0.31581943382019123","85","true","660","0.5356450665170054","55","true","660","0.5463927181569908","15","true","660","0.6960795554459929","5","true","660","0.6758300910416951","25","true","660","0.639290228127845","35","true","660","0.5612831835321931","45","true","660","0.3496991410496583","65","true","660","0.40914072244151767","75","true","660","0.24581811965345007","95","true","660","0.6092702195553659","105","true","660","0.44749802840975095","115","true","660","0.4040347304613397","125","true","660","0.3280029088060815","135","true"
"661","0.3191243344480772","0","true","661","0.3153423651890429","85","true","661","0.534835934996587","55","true","661","0.5455673515132491","15","true","661","0.6950280757549868","5","true","661","0.6748091996654992","25","true","661","0.6383245329191927","35","true","661","0.5604353237383378","45","true","661","0.3491708946130274","65","true","661","0.4085226850964398","75","true","661","0.24544679318871676","95","true","661","0.6083498717916871","105","true","661","0.4468220495148722","115","true","661","0.4034244060950839","125","true","661","0.327507436134169","135","true"
"662","0.3191323238596066","0","true","662","0.3152070285749671","85","true","662","0.5350955330586205","55","true","662","0.5464370094789536","15","true","662","0.6961336624235692","5","true","662","0.6759021394705647","25","true","662","0.6388090499456488","35","true","662","0.5612659712897029","45","true","662","0.3496090554413147","65","true","662","0.4088067022690781","75","true","662","0.245327316032605","95","true","662","0.6092558743192875","105","true","662","0.44751539996759077","115","true","662","0.4031795543551444","125","true","662","0.32763882549917295","135","true"
"663","0.3186517028899385","0","true","663","0.3147323191945831","85","true","663","0.5342896662919658","55","true","663","0.5456140621755214","15","true","663","0.6950852683536543","5","true","663","0.6748842145617234","25","true","663","0.6378469881234415","35","true","663","0.5604206912124594","45","true","663","0.3490825357795055","65","true","663","0.408191029524697","75","true","663","0.2449578471831583","95","true","663","0.6083383202916982","105","true","663","0.44684143099173596","115","true","663","0.40257235623111554","125","true","663","0.32714539353305977","135","true"
"664","0.31865314112767307","0","true","664","0.3145967094469321","85","true","664","0.5345412604620576","55","true","664","0.5465340001121991","15","true","664","0.696153182514051","5","true","664","0.6759595807423995","25","true","664","0.6382828302374839","35","true","664","0.5613078795380269","45","true","664","0.3495713160890885","65","true","664","0.40851852525491045","75","true","664","0.2448438802782912","95","true","664","0.6092372904352658","105","true","664","0.44761655562931446","115","true","664","0.40232625511314046","125","true","664","0.3273060777528281","135","true"
"665","0.3181746829578117","0","true","665","0.31412434201533007","85","true","665","0.5337386459568594","55","true","665","0.545713378490409","15","true","665","0.6951079074652311","5","true","665","0.6749446264169605","25","true","665","0.6373244476094997","35","true","665","0.5604650749140958","45","true","665","0.3490464342330989","65","true","665","0.407905134075849","75","true","665","0.2444762468244199","95","true","665","0.6083225197289065","105","true","665","0.4469444586989401","115","true","665","0.4017221616369946","125","true","665","0.32681462718563165","135","true"
"666","0.3181828897529316","0","true","666","0.3139917078558528","85","true","666","0.5339790114677693","55","true","666","0.5466037593769133","15","true","666","0.6962056410124153","5","true","666","0.6761254776293069","25","true","666","0.6377596843376977","35","true","666","0.5613110537501906","45","true","666","0.34951857297270233","65","true","666","0.4081473878887589","75","true","666","0.24435392374118844","95","true","666","0.6092322120309485","105","true","666","0.447632042945858","115","true","666","0.40145288467280715","125","true","666","0.32693360893231715","135","true"
"667","0.3177065680616847","0","true","667","0.3135216603890027","85","true","667","0.5331796416901229","55","true","667","0.5457854902760496","15","true","667","0.6951634169989237","5","true","667","0.6751133137406402","25","true","667","0.6368049542713239","35","true","667","0.5604707677415826","45","true","667","0.34899534157603657","65","true","667","0.4075363888050931","75","true","667","0.24398812445415075","95","true","667","0.6083201877614411","105","true","667","0.44696193509713666","115","true","667","0.40085190730054243","125","true","667","0.3264441873620592","135","true"
"668","0.3177117324308194","0","true","668","0.3133763420822898","85","true","668","0.5333859332827078","55","true","668","0.546673783325592","15","true","668","0.6961965423774021","5","true","668","0.6761994246779124","25","true","668","0.6372142952526982","35","true","668","0.5613439836955915","45","true","668","0.3494306842633694","65","true","668","0.4078040066452056","75","true","668","0.2438434793238154","95","true","668","0.6092015580420236","105","true","668","0.4477769642948856","115","true","668","0.4006217003586156","125","true","668","0.32656272441306566","135","true"
"669","0.317237535815251","0","true","669","0.31290861619858495","85","true","669","0.5325898348748231","55","true","669","0.545857852305703","15","true","669","0.695157443060421","5","true","669","0.6751901718052589","25","true","669","0.6362632291403807","35","true","669","0.5605061568542548","45","true","669","0.3489091459286479","65","true","669","0.4071953439487202","75","true","669","0.2434795338322873","95","true","669","0.6082923019852444","105","true","669","0.4471086404675798","115","true","669","0.40002375752225944","125","true","669","0.32607531736170287","135","true"
"670","0.31724348449211454","0","true","670","0.31276357448553493","85","true","670","0.5327876194457851","55","true","670","0.5467370672243288","15","true","670","0.6962478430891543","5","true","670","0.6762652457187062","25","true","670","0.6366526999366794","35","true","670","0.5613430126549025","45","true","670","0.34937793080615154","65","true","670","0.4074828314921437","75","true","670","0.2433355740992651","95","true","670","0.6091970739470146","105","true","670","0.44779683120937913","115","true","670","0.39975537069171624","125","true","670","0.3262446157687721","135","true"
"671","0.3167713959735251","0","true","671","0.31229815249969334","85","true","671","0.5319947807263717","55","true","671","0.5459234703981021","15","true","671","0.6952117599893193","5","true","671","0.6752588986268628","25","true","671","0.6357053000855831","35","true","671","0.5605076807908327","45","true","671","0.3488580231710233","65","true","671","0.40687645823099466","75","true","671","0.2429734675901888","95","true","671","0.6082905306822125","105","true","671","0.4471304668772223","115","true","671","0.3991604966281869","125","true","671","0.3257591327095924","135","true"
"672","0.3167698080578803","0","true","672","0.31214627469820283","85","true","672","0.5322217665178374","55","true","672","0.5468394993067942","15","true","672","0.6962570434126236","5","true","672","0.6763812523454282","25","true","672","0.6360650454356795","35","true","672","0.5613820702385203","45","true","672","0.34932308094451353","65","true","672","0.4070490077623078","75","true","672","0.24281253895990038","95","true","672","0.6091772308245328","105","true","672","0.4478797197481924","115","true","672","0.39892656867871673","125","true","672","0.3258652885057192","135","true"
"673","0.31629982317945615","0","true","673","0.31168314966155863","85","true","673","0.5314321199799771","55","true","673","0.5460281647380897","15","true","673","0.6952240210930203","5","true","673","0.675377719330079","25","true","673","0.6351213287510569","35","true","673","0.5605491591550804","45","true","673","0.3488047974416285","65","true","673","0.4064450774837287","75","true","673","0.24245228296737825","95","true","673","0.6082734070399266","105","true","673","0.44721520977823964","115","true","673","0.3983346894967008","125","true","673","0.32538180884918255","135","true"
"674","0.3163065336703943","0","true","674","0.3115294828800266","85","true","674","0.5316112018793238","55","true","674","0.5468822320232826","15","true","674","0.6963078507204051","5","true","674","0.676503643813924","25","true","674","0.6354694729870506","35","true","674","0.561339935056474","45","true","674","0.34922688780274463","65","true","674","0.4066566371163138","75","true","674","0.24231075509692793","95","true","674","0.6091625447131892","105","true","674","0.44792876512499696","115","true","674","0.3980566972038102","125","true","674","0.3255005738210309","135","true"
"675","0.3158386245969174","0","true","675","0.3110686404497307","85","true","675","0.530824794775952","55","true","675","0.5460732346386328","15","true","675","0.6952778095211146","5","true","675","0.6755028987786963","25","true","675","0.6345294293879573","35","true","675","0.5605095505371597","45","true","675","0.34871027998055126","65","true","675","0.4060550740436565","75","true","675","0.2419523072343585","95","true","675","0.6082614166884656","105","true","675","0.44726614860853986","115","true","675","0.39746785593575723","125","true","675","0.3250190640964436","135","true"
"676","0.315837719945541","0","true","676","0.3109114687791657","85","true","676","0.5310152378308217","55","true","676","0.546958425662437","15","true","676","0.6963047223370414","5","true","676","0.6765674676440475","25","true","676","0.6348603405630426","35","true","676","0.5613896806463191","45","true","676","0.3491792830143249","65","true","676","0.40630579605829836","75","true","676","0.24180976125170905","95","true","676","0.6091414607016755","105","true","676","0.44801105677587993","115","true","676","0.3971901997619492","125","true","676","0.32515144080789915","135","true"
"677","0.3153718826004886","0","true","677","0.31045289729129083","85","true","677","0.530232029515437","55","true","677","0.546151702320752","15","true","677","0.6952777242215","5","true","677","0.6755695805236286","25","true","677","0.6339239683793213","35","true","677","0.5605616722677847","45","true","677","0.34866426932256334","65","true","677","0.4057065249726666","75","true","677","0.24145310968644104","95","true","677","0.6082430219690772","105","true","677","0.44735027350629897","115","true","677","0.396604373508613","125","true","677","0.3246718664114273","135","true"
"678","0.31537828442653876","0","true","678","0.3102944920747766","85","true","678","0.5304133811352767","55","true","678","0.5470180086332348","15","true","678","0.6963495320258108","5","true","678","0.6766906712587504","25","true","678","0.6342084800329315","35","true","678","0.5613774098531936","45","true","678","0.3491203101636197","65","true","678","0.40584102153376067","75","true","678","0.24129558736849543","95","true","678","0.6091404764928654","105","true","678","0.4480360040980467","115","true","678","0.3963330001750326","125","true","678","0.32478279161655627","135","true"
"679","0.31491449283179385","0","true","679","0.30983817664525487","85","true","679","0.5296333614571366","55","true","679","0.5462135703852448","15","true","679","0.6953254885963611","5","true","679","0.675695537918664","25","true","679","0.6332758205034713","35","true","679","0.5605518548387036","45","true","679","0.3486068979427908","65","true","679","0.40524419650209337","75","true","679","0.24094074091648293","95","true","679","0.6082446816744935","105","true","679","0.44737712762143195","115","true","679","0.39575015752771636","125","true","679","0.324305169864179","135","true"
"680","0.31490997104845053","0","true","680","0.30967613221885937","85","true","680","0.5297579980005774","55","true","680","0.5470961571619832","15","true","680","0.6963702602419515","5","true","680","0.6767600513206543","25","true","680","0.6335168877828993","35","true","680","0.5614015430504729","45","true","680","0.3490181847880042","65","true","680","0.4054534291499856","75","true","680","0.24077439263938058","95","true","680","0.6091124673961749","105","true","680","0.44816372247348474","115","true","680","0.39550296519580797","125","true","680","0.3244142025934642","135","true"
"681","0.31444822622286633","0","true","681","0.3092220616437584","85","true","681","0.528981226742512","55","true","681","0.5462939633831533","15","true","681","0.6953491894791334","5","true","681","0.6757677345298615","25","true","681","0.6325879773902557","35","true","681","0.5605783736325103","45","true","681","0.3485064279188136","65","true","681","0.4048589226556308","75","true","681","0.24042135100794454","95","true","681","0.6082193406111365","105","true","681","0.4475065909156057","115","true","681","0.39492304882455315","125","true","681","0.32393852194450024","135","true"
"682","0.31444959882669155","0","true","682","0.3090552061323224","85","true","682","0.5291174422800565","55","true","682","0.5471415507802108","15","true","682","0.6964135174642502","5","true","682","0.6768687274062787","25","true","682","0.6328259405229191","35","true","682","0.5613859626517269","45","true","682","0.3489663555959175","65","true","682","0.40506318071226155","75","true","682","0.24025249139759536","95","true","682","0.6091065549517198","105","true","682","0.4481801282458136","115","true","682","0.3946554788656247","125","true","682","0.3240776126284723","135","true"
"683","0.31398987719098","0","true","683","0.3086033710356377","85","true","683","0.5283438787679512","55","true","683","0.5463416362322865","15","true","683","0.6953953690469048","5","true","683","0.675879153243404","25","true","683","0.6319007563993475","35","true","683","0.5605652229402478","45","true","683","0.34845617086551406","65","true","683","0.4044709830796413","75","true","683","0.23990124506514274","95","true","683","0.6082160482924337","105","true","683","0.4475248941401911","115","true","683","0.3940784971713767","125","true","683","0.3236038149491909","135","true"
"684","0.31397947883661714","0","true","684","0.3084366486334782","85","true","684","0.528474010798033","55","true","684","0.5472231180117262","15","true","684","0.696421216924599","5","true","684","0.6769739387447153","25","true","684","0.6320987929849412","35","true","684","0.5614117836949776","45","true","684","0.3489095464092755","65","true","684","0.404550827809625","75","true","684","0.23974139700840164","95","true","684","0.6090923165782488","105","true","684","0.448269864932876","115","true","684","0.3938127310099413","125","true","684","0.3236929348617698","135","true"
"685","0.3135217828033276","0","true","685","0.3079870325275985","85","true","685","0.5277036405199018","55","true","685","0.5464254166735166","15","true","685","0.6954060256462832","5","true","685","0.675987096268411","25","true","685","0.6311773661730098","35","true","685","0.5605933991706409","45","true","685","0.34840093191013666","65","true","685","0.4039611035708354","75","true","685","0.23939191975328733","95","true","685","0.6082044269039365","105","true","685","0.44761641031927124","115","true","685","0.3932386599734837","125","true","685","0.3232210792715923","135","true"
"686","0.31351923821254235","0","true","686","0.30781919228822535","85","true","686","0.5277931133434448","55","true","686","0.5472618904207217","15","true","686","0.6964681430024655","5","true","686","0.6770635243463257","25","true","686","0.6313481285441174","35","true","686","0.5613835165016704","45","true","686","0.34880076898586915","65","true","686","0.4040927046360842","75","true","686","0.23923575034283856","95","true","686","0.6090838420868682","105","true","686","0.4483200721062739","115","true","686","0.3929402875605122","125","true","686","0.323343454594731","135","true"
"687","0.313063541645373","0","true","687","0.3073717806715274","85","true","687","0.5270259721903293","55","true","687","0.5464664516265055","15","true","687","0.6954558346550782","5","true","687","0.6760794203865199","25","true","687","0.6304304713805358","35","true","687","0.5605675520881506","45","true","687","0.3482937911239711","65","true","687","0.403505360588648","75","true","687","0.23888802396152628","95","true","687","0.6081985458047651","105","true","687","0.4476684440944915","115","true","687","0.3923691534216161","125","true","687","0.32287347864328514","135","true"
"688","0.31305269768176996","0","true","688","0.30720193546552876","85","true","688","0.5271407421254356","55","true","688","0.5473314421708775","15","true","688","0.6964915398276171","5","true","688","0.6771536269880116","25","true","688","0.6305811453467699","35","true","688","0.5614044265027603","45","true","688","0.3487338349414563","65","true","688","0.40365416347945476","75","true","688","0.23870289331451555","95","true","688","0.6090759406848337","105","true","688","0.44838550564160934","115","true","688","0.39210323226552835","125","true","688","0.3229869475049308","135","true"
"689","0.3125989981199123","0","true","689","0.3067567152692019","85","true","689","0.5263767700353987","55","true","689","0.5465382081967167","15","true","689","0.6954821317988815","5","true","689","0.676172244919913","25","true","689","0.629667259628876","35","true","689","0.5605907968991332","45","true","689","0.3482284235864687","65","true","689","0.40306915744542654","75","true","689","0.23835694709232058","95","true","689","0.608193221930218","105","true","689","0.44773567157546207","115","true","689","0.3915349667115203","125","true","689","0.3225188504795613","135","true"
"690","0.3125863941500502","0","true","690","0.3065888294929417","85","true","690","0.5264609516854014","55","true","690","0.5473905731202561","15","true","690","0.6965254543503718","5","true","690","0.677314799121076","25","true","690","0.6297650885369066","35","true","690","0.5613683774013494","45","true","690","0.34867346796239335","65","true","690","0.40313041566924296","75","true","690","0.23817230524221","95","true","690","0.6090563158676695","105","true","690","0.44840502487107986","115","true","690","0.3912528402203798","125","true","690","0.3226171035558316","135","true"
"691","0.3121346797076368","0","true","691","0.30614578205147785","85","true","691","0.5257001699633127","55","true","691","0.5465995462804869","15","true","691","0.6955189146764551","5","true","691","0.6763360205096294","25","true","691","0.6288550233800614","35","true","691","0.5605571514224458","45","true","691","0.3481696045693841","65","true","691","0.4025478572650967","75","true","691","0.2378281256103571","95","true","691","0.6081761766828896","105","true","691","0.4477570407310928","115","true","691","0.39068744594260474","125","true","691","0.32215089386861223","135","true"
"692","0.31210880026322924","0","true","692","0.3059659427365892","85","true","692","0.5257521111859493","55","true","692","0.5474586667315142","15","true","692","0.6965397961996598","5","true","692","0.6773792299033171","25","true","692","0.6289543883874847","35","true","692","0.5613901205178711","45","true","692","0.3485607371398157","65","true","692","0.40261159173871996","75","true","692","0.23764035146182189","95","true","692","0.6090400473226327","105","true","692","0.4485184490345276","115","true","692","0.39041434469543845","125","true","692","0.32224915871259696","135","true"
"693","0.3116590757671727","0","true","693","0.3055250696202541","85","true","693","0.524994543302396","55","true","693","0.5466698213904025","15","true","693","0.6955361365509571","5","true","693","0.6764031791397677","25","true","693","0.6280481140526324","35","true","693","0.5605812010358568","45","true","693","0.3480584882390379","65","true","693","0.4020314597621512","75","true","693","0.2372979302061132","95","true","693","0.6081624680037241","105","true","693","0.4478721688485989","115","true","693","0.38985178800279374","125","true","693","0.32178482274903414","135","true"
"694","0.31163822442888894","0","true","694","0.305340421454609","85","true","694","0.5250608950827194","55","true","694","0.5474908615373109","15","true","694","0.6965692111442104","5","true","694","0.6774653881160742","25","true","694","0.6281190045937642","35","true","694","0.5613636976179173","45","true","694","0.3484948861967785","65","true","694","0.4021139144118901","75","true","694","0.23712045901492637","95","true","694","0.609043153685241","105","true","694","0.44851660538443844","115","true","694","0.38954401065199507","125","true","694","0.3219090299338229","135","true"
"695","0.3111904683593072","0","true","695","0.304901713952519","85","true","695","0.5243064972449569","55","true","695","0.5467042367362515","15","true","695","0.6955683933121067","5","true","695","0.6764920183055626","25","true","695","0.6272165347595778","35","true","695","0.56055714058111","45","true","695","0.3479941751533923","65","true","695","0.4015361645348615","75","true","695","0.23677976870024975","95","true","695","0.6081680916828196","105","true","695","0.4478721849744033","115","true","695","0.3889843209815181","125","true","695","0.32144651695978005","135","true"
"696","0.3111593276629689","0","true","696","0.3047174157591801","85","true","696","0.5243328164901372","55","true","696","0.5475526097885902","15","true","696","0.6965936735475571","5","true","696","0.6775794639013304","25","true","696","0.6272221426044258","35","true","696","0.5613893351525754","45","true","696","0.34843431135361985","65","true","696","0.40156605094643766","75","true","696","0.23659105264238783","95","true","696","0.6090166362585286","105","true","696","0.44860739206190164","115","true","696","0.38869804107468975","125","true","696","0.32152133910631636","135","true"
"697","0.3107135406605864","0","true","697","0.30428085785694636","85","true","697","0.5235816233433032","55","true","697","0.5467681504622455","15","true","697","0.6955956883419016","5","true","697","0.6766087196837067","25","true","697","0.6263235435462533","35","true","697","0.560585052437457","45","true","697","0.34793512179580666","65","true","697","0.4009907414178611","75","true","697","0.2362520969795764","95","true","697","0.6081441195876711","105","true","697","0.447964688061813","115","true","697","0.3881411670903421","125","true","697","0.3210607068153331","135","true"
"698","0.31069406210417455","0","true","698","0.3040880388827949","85","true","698","0.5236028710274722","55","true","698","0.547580059558871","15","true","698","0.6966353991518003","5","true","698","0.6776991514887623","25","true","698","0.6263180749321124","35","true","698","0.5613495559692684","45","true","698","0.34832070478212157","65","true","698","0.40099533794447123","75","true","698","0.23606835435834805","95","true","698","0.6090243465363249","105","true","698","0.4486416835464538","115","true","698","0.3878235837718756","125","true","698","0.32117580872925505","135","true"
"699","0.31025021344402576","0","true","699","0.30365362739867663","85","true","699","0.5228548669260044","55","true","699","0.5467978023309297","15","true","699","0.6956402057244406","5","true","699","0.6767310098437783","25","true","699","0.6254233348250666","35","true","699","0.5605476280321694","45","true","699","0.34782310377528997","65","true","699","0.4004224874616934","75","true","699","0.23573111385212184","95","true","699","0.6081543117555588","105","true","699","0.44800076685567314","115","true","699","0.3872695500807729","125","true","699","0.32071698614535615","135","true"
"700","0.31022182308798896","0","true","700","0.3034685956894139","85","true","700","0.5228794052291215","55","true","700","0.5476179665583145","15","true","700","0.6966441015847294","5","true","700","0.6777881674668634","25","true","700","0.625398509320641","35","true","700","0.5613722131650779","45","true","700","0.34824904492243175","65","true","700","0.40044071470281245","75","true","700","0.23554331511371918","95","true","700","0.6089995894708004","105","true","700","0.4487215381146032","115","true","700","0.3869548217936421","125","true","700","0.3208155647902418","135","true"
"701","0.3097799116590887","0","true","701","0.30303630424256295","85","true","701","0.5221345627715301","55","true","701","0.5468378839848697","15","true","701","0.6956517310696515","5","true","701","0.6768226572567967","25","true","701","0.6245076282532327","35","true","701","0.5605725376477487","45","true","701","0.3477529636618585","65","true","701","0.39987028633428995","75","true","701","0.2352077833258079","95","true","701","0.6081320686880783","105","true","701","0.4480823336443545","115","true","701","0.3864036040987794","125","true","701","0.3203585625611959","135","true"
"702","0.30975495967964223","0","true","702","0.3028426237752635","85","true","702","0.5221106485877955","55","true","702","0.5476578011719133","15","true","702","0.6966639177510972","5","true","702","0.6778830029811367","25","true","702","0.6244760928552668","35","true","702","0.5613357471205632","45","true","702","0.34819087032155027","65","true","702","0.399914241067107","75","true","702","0.23502640782631992","95","true","702","0.6090029261558615","105","true","702","0.44873667028165937","115","true","702","0.38607968401472276","125","true","702","0.32045070075145166","135","true"
"703","0.3093149668391882","0","true","703","0.3024124495937645","85","true","703","0.5213690141437788","55","true","703","0.546879878158885","15","true","703","0.6956743383224735","5","true","703","0.6769201009882658","25","true","703","0.6235890529506429","35","true","703","0.5605383952070396","45","true","703","0.34769628101711625","65","true","703","0.3993461810655912","75","true","703","0.23469256349702117","95","true","703","0.6081378651812083","105","true","703","0.44809926023864566","115","true","703","0.3855312753726564","125","true","703","0.31999551509697516","135","true"
"704","0.3092796119406174","0","true","704","0.302222702397355","85","true","704","0.521350422941068","55","true","704","0.5476837056165327","15","true","704","0.6966962662659457","5","true","704","0.6780016513985858","25","true","704","0.6235359293803939","35","true","704","0.5613571235096736","45","true","704","0.34807303235753","65","true","704","0.3993619379732166","75","true","704","0.23450227863223333","95","true","704","0.6089567184118101","105","true","704","0.4488425394691656","115","true","704","0.3852172100900625","125","true","704","0.32008608378248027","135","true"
"705","0.30884153883588567","0","true","705","0.30179462491520576","85","true","705","0.5206119662513499","55","true","705","0.5469079496595688","15","true","705","0.6957094443590535","5","true","705","0.6770413091161516","25","true","705","0.6226527340129996","35","true","705","0.5605620001052689","45","true","705","0.3475800110652389","65","true","705","0.39879626950583247","75","true","705","0.23417012243020466","95","true","705","0.6080941734848813","105","true","705","0.4482067851639685","115","true","705","0.3846715766480086","125","true","705","0.3196327040604087","135","true"
"706","0.3088149728119328","0","true","706","0.3016004554181401","85","true","706","0.5206158858441027","55","true","706","0.5477161884377302","15","true","706","0.6967267169845232","5","true","706","0.6780712381362677","25","true","706","0.6225613313390979","35","true","706","0.5613182934172939","45","true","706","0.3479982982411871","65","true","706","0.39881747876802254","75","true","706","0.23398139521958608","95","true","706","0.608980056889711","105","true","706","0.4488193849004308","115","true","706","0.3843555570550171","125","true","706","0.31974365491787077","135","true"
"707","0.30837879347180297","0","true","707","0.3011744660743292","85","true","707","0.5198805526720065","55","true","707","0.5469425780020837","15","true","707","0.6957426397006468","5","true","707","0.6771135103987871","25","true","707","0.6216820074247772","35","true","707","0.5605254709689644","45","true","707","0.34750677522107243","65","true","707","0.3982541772443389","75","true","707","0.23365091302294827","95","true","707","0.6081199155664205","105","true","707","0.44818545921554315","115","true","707","0.38381268197443097","125","true","707","0.31929203958606583","135","true"
"708","0.30834047442430906","0","true","708","0.3009872187424354","85","true","708","0.5198662308758505","55","true","708","0.5477520637884146","15","true","708","0.6967392998311285","5","true","708","0.6782182430255579","25","true","708","0.6215826915271783","35","true","708","0.5613460052805707","45","true","708","0.34793430670217396","65","true","708","0.3982512066929594","75","true","708","0.23346517732033795","95","true","708","0.6089401188940051","105","true","708","0.44888876722076754","115","true","708","0.38349813615045947","125","true","708","0.31935736805445747","135","true"
"709","0.307906192065965","0","true","709","0.3005632930822348","85","true","709","0.5191340249168704","55","true","709","0.5469805820084308","15","true","709","0.6957579768736198","5","true","709","0.67726300606355","25","true","709","0.6207072229475625","35","true","709","0.5605553771041191","45","true","709","0.3474442583828751","65","true","709","0.39769028950043406","75","true","709","0.23313635312692904","95","true","709","0.6080824567547177","105","true","709","0.4482565295204566","115","true","709","0.3829579979305292","125","true","709","0.31890756894452166","135","true"
"710","0.307871321022153","0","true","710","0.30037160290668113","85","true","710","0.5191008748581595","55","true","710","0.5477705409069726","15","true","710","0.6967678239722406","5","true","710","0.6782672837527757","25","true","710","0.6205745355654875","35","true","710","0.5613057605510917","45","true","710","0.34781705166382143","65","true","710","0.39768473861599996","75","true","710","0.23294687719847199","95","true","710","0.608942443290118","105","true","710","0.4489030009548032","115","true","710","0.38262942897984353","125","true","710","0.3189987248864839","135","true"
"711","0.3074389174813915","0","true","711","0.2999497326778796","85","true","711","0.5183718005957182","55","true","711","0.5470012002596314","15","true","711","0.6957892174778975","5","true","711","0.6773146611632352","25","true","711","0.6197029421166595","35","true","711","0.5605174097638008","45","true","711","0.347328544568788","65","true","711","0.3971261926347977","75","true","711","0.23261970461813705","95","true","711","0.608087187049542","105","true","711","0.44827251921188915","115","true","711","0.3820920280964449","125","true","711","0.3185506929695085","135","true"
"712","0.30739390047888837","0","true","712","0.2997635707275543","85","true","712","0.5183535244738335","55","true","712","0.547799742852149","15","true","712","0.6967846982232583","5","true","712","0.6783831797674635","25","true","712","0.6195595401087515","35","true","712","0.5613167390342231","45","true","712","0.3477431133597596","65","true","712","0.3971288191089945","75","true","712","0.23242875429936075","95","true","712","0.608927920394147","105","true","712","0.4489729862443483","115","true","712","0.3817561431456992","125","true","712","0.3186293249471177","135","true"
"713","0.30696337680874985","0","true","713","0.2993437337937622","85","true","713","0.5176275391454389","55","true","713","0.5470325163215437","15","true","713","0.6958088092901724","5","true","713","0.6774330632691898","25","true","713","0.6186918096604199","35","true","713","0.5605305811364161","45","true","713","0.34725607818698684","65","true","713","0.39657261628111073","75","true","713","0.23210322383115436","95","true","713","0.6080750801695053","105","true","713","0.44834417253812375","115","true","713","0.38122147067630746","125","true","713","0.3181830653883682","135","true"
"714","0.30692171812138147","0","true","714","0.2991411002732929","85","true","714","0.5175684764091072","55","true","714","0.5478279456756097","15","true","714","0.6968134282342759","5","true","714","0.6784434916804631","25","true","714","0.6184794398703505","35","true","714","0.561283609076118","45","true","714","0.34768296684849237","65","true","714","0.39655187794590346","75","true","714","0.23190635863814557","95","true","714","0.6089192043466152","105","true","714","0.44895771609094454","115","true","714","0.3808927190233148","125","true","714","0.3182591344843056","135","true"
"715","0.3064930565038935","0","true","715","0.2987233054405089","85","true","715","0.5168456154085358","55","true","715","0.5470628228464538","15","true","715","0.695840225122217","5","true","715","0.677495944904373","25","true","715","0.6176156417699729","35","true","715","0.5604996934209837","45","true","715","0.34719737611267043","65","true","715","0.39599803454095106","75","true","715","0.2315824670758018","95","true","715","0.6080687585304886","105","true","715","0.4483306801746164","115","true","715","0.3803607459520532","125","true","715","0.3178146384864225","135","true"
"716","0.30644296215842554","0","true","716","0.29852893011396464","85","true","716","0.5167760961203799","55","true","716","0.5478527529403941","15","true","716","0.6968267988574208","5","true","716","0.6785715451691234","25","true","716","0.6173836923976782","35","true","716","0.561304871038536","45","true","716","0.34755602017102366","65","true","716","0.3959588298027004","75","true","716","0.23138998846491818","95","true","716","0.6088824350665499","105","true","716","0.4490632150756616","115","true","716","0.38004502503380844","125","true","716","0.3178713914978686","135","true"
"717","0.3060161613754751","0","true","717","0.29811315165976693","85","true","717","0.5160563522539169","55","true","717","0.5470897268220928","15","true","717","0.6958562879955024","5","true","717","0.6776264594516177","25","true","717","0.616523826530829","35","true","717","0.560523109379708","45","true","717","0.34707195886159325","65","true","717","0.3954073551093819","75","true","717","0.23106771828599768","95","true","717","0.6080344093909698","105","true","717","0.4484377788429657","115","true","717","0.3795157144139842","125","true","717","0.31742867368241195","135","true"
"718","0.30597023045916827","0","true","718","0.2979106318500151","85","true","718","0.5159968952224748","55","true","718","0.5478628717926536","15","true","718","0.6968288347183849","5","true","718","0.6785986276998051","25","true","718","0.6162668138449925","35","true","718","0.5612664301749293","45","true","718","0.34746618083464764","65","true","718","0.39536073772694547","75","true","718","0.23087070525611547","95","true","718","0.6088932272091192","105","true","718","0.4490424613645173","115","true","718","0.3791806206638229","125","true","718","0.3175126770645355","135","true"
"719","0.30554527180575275","0","true","719","0.2974968670835567","85","true","719","0.5152802328679992","55","true","719","0.547101951137386","15","true","719","0.6958610168923871","5","true","719","0.6776561296057776","25","true","719","0.6154108877146522","35","true","719","0.560486893466353","45","true","719","0.34698358891682174","65","true","719","0.39481162559121363","75","true","719","0.23055005149881533","95","true","719","0.6080475421713287","105","true","719","0.44841879127928885","115","true","719","0.3786539809129009","125","true","719","0.3170716872352792","135","true"
"720","0.3054930280052667","0","true","720","0.29728748383340015","85","true","720","0.5152037138473435","55","true","720","0.5478934383398258","15","true","720","0.6968426484178296","5","true","720","0.6787469164553674","25","true","720","0.6151430111905071","35","true","720","0.5612935562813456","45","true","720","0.34740975253586054","65","true","720","0.3947504067606197","75","true","720","0.23035583799500187","95","true","720","0.6088620265949317","105","true","720","0.44912232945350333","115","true","720","0.3783177340010011","125","true","720","0.317124892197959","135","true"
"721","0.3050699074678633","0","true","721","0.29687572831562536","85","true","721","0.5144901352963085","55","true","721","0.5471345831620699","15","true","721","0.6958774923950902","5","true","721","0.6778068237732963","25","true","721","0.6142910125600493","35","true","721","0.560516141383449","45","true","721","0.3469285755932901","65","true","721","0.39420366104488475","75","true","721","0.23003678558780657","95","true","721","0.6080187273891215","105","true","721","0.4485002763656176","115","true","721","0.37779374821983625","125","true","721","0.3166856610453302","135","true"
"722","0.30501214184417763","0","true","722","0.2966688228018354","85","true","722","0.5143978222752168","55","true","722","0.547904840200724","15","true","722","0.6968770145392214","5","true","722","0.6787774224299271","25","true","722","0.6140408282492846","35","true","722","0.5612652076128777","45","true","722","0.34728611238418716","65","true","722","0.3941419991910624","75","true","722","0.22983802729896857","95","true","722","0.6088538694958943","105","true","722","0.4491223590232479","115","true","722","0.3774570753244412","125","true","722","0.3167515426071979","135","true"
"723","0.3045908543554426","0","true","723","0.2962590592344295","85","true","723","0.513687328045555","55","true","723","0.5471480655595627","15","true","723","0.6959144772263218","5","true","723","0.6778398845536427","25","true","723","0.6131927055583326","35","true","723","0.5604899794255671","45","true","723","0.34680643543338024","65","true","723","0.3935976041645554","75","true","723","0.22952057146015784","95","true","723","0.6080129111126127","105","true","723","0.4485020242732158","115","true","723","0.3769357257728881","125","true","723","0.316314040476525","135","true"
"724","0.3045263240057782","0","true","724","0.29605607791031513","85","true","724","0.5136156156469508","55","true","724","0.547930923361185","15","true","724","0.6968681886828771","5","true","724","0.6788736176620227","25","true","724","0.6129246572682558","35","true","724","0.5612858114637047","45","true","724","0.34719933644546297","65","true","724","0.3935178377677386","75","true","724","0.2293243794146581","95","true","724","0.6088347225724828","105","true","724","0.44920153330725315","115","true","724","0.37660673400586714","125","true","724","0.3163731351983168","135","true"
"725","0.3041068662592138","0","true","725","0.29564828716939184","85","true","725","0.5129081561212663","55","true","725","0.5471761975714312","15","true","725","0.6959083151447465","5","true","725","0.677938530034389","25","true","725","0.6120804084290434","35","true","725","0.5605126905112754","45","true","725","0.3467211004448494","65","true","725","0.39297580217852685","75","true","725","0.22900850561381147","95","true","725","0.6079961072521352","105","true","725","0.44858279841289056","115","true","725","0.3760879919480078","125","true","725","0.3159373595299995","135","true"
"726","0.3040428020449013","0","true","726","0.2954407534630185","85","true","726","0.5128021412291598","55","true","726","0.5479490308173146","15","true","726","0.6968522542841513","5","true","726","0.6788867215508699","25","true","726","0.6118058663471628","35","true","726","0.5612634070887723","45","true","726","0.3471314137607578","65","true","726","0.3929013134608252","75","true","726","0.22881217130830142","95","true","726","0.6088281128350673","105","true","726","0.44916423754034424","115","true","726","0.3757555680833142","125","true","726","0.31600309550032313","135","true"
"727","0.30362516083330116","0","true","727","0.29503492825221767","85","true","727","0.5120977426835153","55","true","727","0.547196353577181","15","true","727","0.6958950396491456","5","true","727","0.6779541848454429","25","true","727","0.610965473673609","35","true","727","0.5604924408702437","45","true","727","0.34665458489570183","65","true","727","0.392361613854423","75","true","727","0.22849786887518564","95","true","727","0.6079918104822719","105","true","727","0.44854725369756904","115","true","727","0.37523942032495794","125","true","727","0.31556902531419634","135","true"
"728","0.3035507387982846","0","true","728","0.2948278797272679","85","true","728","0.5119835375209714","55","true","728","0.5479697443946263","15","true","728","0.6968625647630419","5","true","728","0.6790155581348452","25","true","728","0.610674482093569","35","true","728","0.561285187625348","45","true","728","0.3470211919058312","65","true","728","0.39227123487919074","75","true","728","0.22829704922242477","95","true","728","0.6087999840652505","105","true","728","0.44927678370577934","115","true","728","0.3749078054615289","125","true","728","0.3156167752045828","135","true"
"729","0.30313491586842395","0","true","729","0.29442400591942236","85","true","729","0.5112821902092988","55","true","729","0.5472191009091543","15","true","729","0.6959079585099418","5","true","729","0.6780853998360302","25","true","729","0.6098379417071395","35","true","729","0.560516303806683","45","true","729","0.3465458204100698","65","true","729","0.39173387702319185","75","true","729","0.22798431353855844","95","true","729","0.6079660114843393","105","true","729","0.4486613360568673","115","true","729","0.37439423312528025","125","true","729","0.31518442345772724","135","true"
"730","0.3030680447875659","0","true","730","0.2942153877902415","85","true","730","0.5111862016923316","55","true","730","0.5479826414484927","15","true","730","0.6968318446553846","5","true","730","0.6789944650760441","25","true","730","0.6095312519593269","35","true","730","0.5612547680512613","45","true","730","0.3469267280297375","65","true","730","0.39163909246327544","75","true","730","0.22778761396716865","95","true","730","0.6088046491611527","105","true","730","0.4492692235029555","115","true","730","0.37407564185057013","125","true","730","0.3152492323982293","135","true"
"731","0.30265401740397635","0","true","731","0.2938134542003641","85","true","731","0.510487859886741","55","true","731","0.5472340312825794","15","true","731","0.695879888583451","5","true","731","0.6780668770090004","25","true","731","0.6086985589921693","35","true","731","0.5604880265648525","45","true","731","0.34645278441221056","65","true","731","0.39110406638067535","75","true","731","0.22747642870218618","95","true","731","0.6079729488207687","105","true","731","0.44865546773314274","115","true","731","0.37356460955296006","125","true","731","0.3148185640479585","135","true"
"732","0.3025758333666009","0","true","732","0.293609209581242","85","true","732","0.5103725708714925","55","true","732","0.5480030681855937","15","true","732","0.6967895571779003","5","true","732","0.6791051863458473","25","true","732","0.6083982577306957","35","true","732","0.5612782535925086","45","true","732","0.34686748624014957","65","true","732","0.3910017467080944","75","true","732","0.22728378663739393","95","true","732","0.6087684206800195","105","true","732","0.449321903778346","115","true","732","0.37323700774395463","125","true","732","0.3148688246842963","135","true"
"733","0.30216360471078807","0","true","733","0.29320919703412857","85","true","733","0.5096772403934658","55","true","733","0.5472564700000547","15","true","733","0.6958402526040884","5","true","733","0.6781799749203079","25","true","733","0.607569377270572","35","true","733","0.560513569323309","45","true","733","0.34639491473301043","65","true","733","0.39046904678069916","75","true","733","0.22697413570192065","95","true","733","0.6079390359107006","105","true","733","0.44870974859608664","115","true","733","0.37272851045819994","125","true","733","0.31443984808390896","135","true"
"734","0.3020958203115","0","true","734","0.2929929984863231","85","true","734","0.5095465275353969","55","true","734","0.5480042276397651","15","true","734","0.6967785634918101","5","true","734","0.6791035266536611","25","true","734","0.6072674430648382","35","true","734","0.5612509162495788","45","true","734","0.3467510543944674","65","true","734","0.39036925837023556","75","true","734","0.2267744061775925","95","true","734","0.6087760687968902","105","true","734","0.4493554651525347","115","true","734","0.3723918833715977","125","true","734","0.3144976605696922","135","true"
"735","0.3016853640339029","0","true","735","0.29259491017316236","85","true","735","0.5088542088838541","55","true","735","0.547259656678298","15","true","735","0.6958318534870658","5","true","735","0.6781808316446208","25","true","735","0.6064423514302392","35","true","735","0.5604883470698918","45","true","735","0.34627992524447493","65","true","735","0.3898388653561456","75","true","735","0.22646628877789468","95","true","735","0.6079489273990684","105","true","735","0.4487449278357514","115","true","735","0.3718859161387558","125","true","735","0.3140703539656573","135","true"
"736","0.3016024878348751","0","true","736","0.29237914361248835","85","true","736","0.5087005121788318","55","true","736","0.5480054799724742","15","true","736","0.6967588310538887","5","true","736","0.679187182120935","25","true","736","0.6061467413663338","35","true","736","0.5612734780468687","45","true","736","0.3466640638807104","65","true","736","0.3897388177048874","75","true","736","0.2262722652518285","95","true","736","0.6087529985689253","105","true","736","0.44944065807045847","115","true","736","0.3715610989430771","125","true","736","0.31411636918106395","135","true"
"737","0.3011938123771043","0","true","737","0.2919829659111164","85","true","737","0.5080112160918686","55","true","737","0.5472629251215629","15","true","737","0.6958147133966341","5","true","737","0.6782668742860828","25","true","737","0.605325404318412","35","true","737","0.5605129448787834","45","true","737","0.34619432937680705","65","true","737","0.38921071632588344","75","true","737","0.22596566326639245","95","true","737","0.6079281300071787","105","true","737","0.4488316598887912","115","true","737","0.37105762861930597","125","true","737","0.31369073724450425","135","true"
"738","0.30111015053042817","0","true","738","0.2917661528336262","85","true","738","0.5078581225004991","55","true","738","0.5479937872963803","15","true","738","0.6967264644328797","5","true","738","0.679198319307579","25","true","738","0.60502399870446","35","true","738","0.5612498994795106","45","true","738","0.34659532472491245","65","true","738","0.3891055109062701","75","true","738","0.22576850534412915","95","true","738","0.6087549253175603","105","true","738","0.4494212000814318","115","true","738","0.37071961064625536","125","true","738","0.31375032349753057","135","true"
"739","0.3007032449216033","0","true","739","0.2913718742487159","85","true","739","0.5071718277403633","55","true","739","0.5472532551513852","15","true","739","0.6957849421836461","5","true","739","0.6782804837409472","25","true","739","0.6042063987062107","35","true","739","0.5604914536694032","45","true","739","0.34612695266447335","65","true","739","0.3885796926482886","75","true","739","0.2254634127693398","95","true","739","0.6079322835265907","105","true","739","0.4488138741353758","115","true","739","0.3702186381994361","125","true","739","0.31332633657388526","135","true"
"740","0.30061625779343604","0","true","740","0.2911439318758931","85","true","740","0.5070133853949997","55","true","740","0.5479642462842178","15","true","740","0.6966809294986971","5","true","740","0.6793190845007121","25","true","740","0.6039015563438075","35","true","740","0.561269488722219","45","true","740","0.346480936082585","65","true","740","0.38846406956068197","75","true","740","0.2252604940138275","95","true","740","0.6087196630666095","105","true","740","0.4495363202092625","115","true","740","0.36988102967950903","125","true","740","0.31336390326618746","135","true"
"741","0.3002111145888626","0","true","741","0.290751554609214","85","true","741","0.5063300789456804","55","true","741","0.5472257499954251","15","true","741","0.6957420064131192","5","true","741","0.6784035601280696","25","true","741","0.6030876728446919","35","true","741","0.5605130608398441","45","true","741","0.3460139806431206","65","true","741","0.3879405330787942","75","true","741","0.2249569084423803","95","true","741","0.6078992861622071","105","true","741","0.4489304761119454","115","true","741","0.369382537725763","125","true","741","0.3129415799464217","135","true"
"742","0.3001326626582214","0","true","742","0.290510691126427","85","true","742","0.5061646833396483","55","true","742","0.5479352890704995","15","true","742","0.696669511711699","5","true","742","0.6792799892330341","25","true","742","0.6027771810783772","35","true","742","0.5612406065099073","45","true","742","0.34639137197933567","65","true","742","0.3878262462236968","75","true","742","0.22476208898685587","95","true","742","0.6087347332037383","105","true","742","0.44952686325297325","115","true","742","0.36905107834164286","125","true","742","0.3129975473697961","135","true"
"743","0.2997292585417453","0","true","743","0.2901202197673861","85","true","743","0.5054843544641917","55","true","743","0.5471988169077703","15","true","743","0.6957331279593983","5","true","743","0.6783669784948176","25","true","743","0.6019669966952074","35","true","743","0.560486250855996","45","true","743","0.34592579217828817","65","true","743","0.38730497438737466","75","true","743","0.2244599894048843","95","true","743","0.6079165413580343","105","true","743","0.44892266047978374","115","true","743","0.36855504194602234","125","true","743","0.31257685174161093","135","true"
"744","0.29963979157712156","0","true","744","0.2898872520086416","85","true","744","0.5053255060934914","55","true","744","0.5478824451344533","15","true","744","0.6966121896959824","5","true","744","0.6793804115070837","25","true","744","0.6016535146005805","35","true","744","0.561276592770539","45","true","744","0.3463244615535758","65","true","744","0.387190696763257","75","true","744","0.22425270174982523","95","true","744","0.6086993385651693","105","true","744","0.44959702448382516","115","true","744","0.3682129810998814","125","true","744","0.3126242261235314","135","true"
"745","0.29923812965811736","0","true","745","0.2894986631989786","85","true","745","0.5046481260585135","55","true","745","0.5471480182642998","15","true","745","0.6956783931950494","5","true","745","0.6784697139045273","25","true","745","0.6008470085488371","35","true","745","0.5605242112788895","45","true","745","0.345860219648008","65","true","745","0.3866716743815369","75","true","745","0.2239520949110185","95","true","745","0.6078833877091838","105","true","745","0.4489943475073053","115","true","745","0.36771939801529707","125","true","745","0.3122051587962881","135","true"
"746","0.299147096516327","0","true","746","0.2892625095378045","85","true","746","0.5044795648844566","55","true","746","0.5478499182447681","15","true","746","0.6965834558584636","5","true","746","0.6794072191712961","25","true","746","0.600532107656496","35","true","746","0.5612512946992496","45","true","746","0.3462186352487988","65","true","746","0.3865596733371635","75","true","746","0.2237555767849143","95","true","746","0.6086988067529333","105","true","746","0.449629214342435","115","true","746","0.3673935282547964","125","true","746","0.31225400222209343","135","true"
"747","0.29874716724290945","0","true","747","0.2888757949528609","85","true","747","0.5038051269634881","55","true","747","0.5471174985679703","15","true","747","0.69565219455384","5","true","747","0.6784989207499441","25","true","747","0.5997292572451906","35","true","747","0.5605009587437694","45","true","747","0.34575577611076563","65","true","747","0.38604288233002826","75","true","747","0.22345643831327672","95","true","747","0.6078850382947075","105","true","747","0.4490281057671109","115","true","747","0.36690236043627394","125","true","747","0.31183655034746494","135","true"
"748","0.2986561796315322","0","true","748","0.288641558294019","85","true","748","0.5036427385189989","55","true","748","0.54779992215011","15","true","748","0.6965063489392974","5","true","748","0.6794982465950061","25","true","748","0.5994117898299871","35","true","748","0.5612901010856824","45","true","748","0.3461280925855352","65","true","748","0.3859197020353978","75","true","748","0.22325006780088666","95","true","748","0.6086800922222597","105","true","748","0.44968627900535","115","true","748","0.36656412904944546","125","true","748","0.31187137791785025","135","true"
"749","0.2982579713920235","0","true","749","0.2882567028829603","85","true","749","0.5029712148676402","55","true","749","0.5470695222539098","15","true","749","0.6955776738073783","5","true","749","0.6785922489328794","25","true","749","0.5986125741102138","35","true","749","0.5605417142842348","45","true","749","0.34566658846208775","65","true","749","0.385405142432684","75","true","749","0.2229524010438188","95","true","749","0.6078685187659634","105","true","749","0.44908669730000955","115","true","749","0.36607537687737957","125","true","749","0.31145554941395975","135","true"
"750","0.2981554095683414","0","true","750","0.28802953994799013","85","true","750","0.5027889866428853","55","true","750","0.5477306546658536","15","true","750","0.6964345913858334","5","true","750","0.6794759460507851","25","true","750","0.5982886912963455","35","true","750","0.5612747373441451","45","true","750","0.34605826972459225","65","true","750","0.38528115745442393","75","true","750","0.22274754646871486","95","true","750","0.6086759139697644","105","true","750","0.44966823695103886","115","true","750","0.3657497031997214","125","true","750","0.3115126206577353","135","true"
"751","0.2977589263109367","0","true","751","0.28764652194274015","85","true","751","0.5021203842670304","55","true","751","0.5470022894335851","15","true","751","0.6955084815568628","5","true","751","0.6785723876118879","25","true","751","0.5974930946323876","35","true","751","0.5605283613636344","45","true","751","0.3455980858552776","65","true","751","0.38476881548972386","75","true","751","0.2224513396250065","95","true","751","0.6078665045096981","105","true","751","0.44907027386998694","115","true","751","0.36526333391355154","125","true","751","0.3110983751515415","135","true"
"752","0.29764972162429315","0","true","752","0.28740908932764","85","true","752","0.5019431020595322","55","true","752","0.5476820488500782","15","true","752","0.6963553935542837","5","true","752","0.6795814985986679","25","true","752","0.5971667274021384","35","true","752","0.5613152861828467","45","true","752","0.34594428071164635","65","true","752","0.3846365776418814","75","true","752","0.22225311401169215","95","true","752","0.6086421793868529","105","true","752","0.4497606821888501","115","true","752","0.3649425717941652","125","true","752","0.31113384081052475","135","true"
"753","0.2972549607202822","0","true","753","0.2870279101640755","85","true","753","0.5012773950276229","55","true","753","0.5469556800850252","15","true","753","0.6954318452869702","5","true","753","0.6786801968763886","25","true","753","0.5963747290899339","35","true","753","0.5605708362011719","45","true","753","0.3454854686682622","65","true","753","0.3841264495548232","75","true","753","0.22195834860849362","95","true","753","0.607834961642308","105","true","753","0.44916418261035035","115","true","753","0.36445856307825786","125","true","753","0.3107211964593172","135","true"
"754","0.29714899792015526","0","true","754","0.2867898614220551","85","true","754","0.5010816055757608","55","true","754","0.5476204260086079","15","true","754","0.6962967394248354","5","true","754","0.6795804208017562","25","true","754","0.5960466944344166","35","true","754","0.5612968351287118","45","true","754","0.3458652939076674","65","true","754","0.3839942490548618","75","true","754","0.22175583920066463","95","true","754","0.6086495566988758","105","true","754","0.4497336286082755","115","true","754","0.3641259815415569","125","true","754","0.3107705565140506","135","true"
"755","0.2967559436901021","0","true","755","0.2864105097535074","85","true","755","0.500418799219179","55","true","755","0.5468960603657393","15","true","755","0.6953757119917338","5","true","755","0.6786815049012247","25","true","755","0.5952582728809319","35","true","755","0.5605543789975892","45","true","755","0.34540780013265726","65","true","755","0.3834863201539956","75","true","755","0.22146251137103412","95","true","755","0.6078444646926603","105","true","755","0.44913874285614813","115","true","755","0.36364433341782465","125","true","755","0.3103594843493495","135","true"
"756","0.2966464387199159","0","true","756","0.2861732059820146","85","true","756","0.5002277984248394","55","true","756","0.5475481862110875","15","true","756","0.6962024132411342","5","true","756","0.6797098756568785","25","true","756","0.5949365079831573","35","true","756","0.5613347155452186","45","true","756","0.3457884993471657","65","true","756","0.38334578836492716","75","true","756","0.22125590342553364","95","true","756","0.6086010899268338","105","true","756","0.44977429123153717","115","true","756","0.36331823855510176","125","true","756","0.3104020760164153","135","true"
"757","0.2962550845791245","0","true","757","0.2857956687709566","85","true","757","0.49956786729235286","55","true","757","0.5468258271263763","15","true","757","0.6952839404004466","5","true","757","0.6788131607813417","25","true","757","0.594151631323549","35","true","757","0.5605941684270851","45","true","757","0.34533231399182646","65","true","757","0.3828400551348943","75","true","757","0.2209640090938377","95","true","757","0.6077981861142655","105","true","757","0.4491809214541868","115","true","757","0.36283892689473884","125","true","757","0.3099925745968686","135","true"
"758","0.29614522999424636","0","true","758","0.2855602422733894","85","true","758","0.4993581408120685","55","true","758","0.5474885044670432","15","true","758","0.6961298395789912","5","true","758","0.6796902564659237","25","true","758","0.5938238198718359","35","true","758","0.5613092859640327","45","true","758","0.3456758866896735","65","true","758","0.38270549114366303","75","true","758","0.22076565128052228","95","true","758","0.6086140157758598","105","true","758","0.4497806106225238","115","true","758","0.36252299775359814","125","true","758","0.3100415709892799","135","true"
"759","0.2957555652179381","0","true","759","0.2851845051125034","85","true","759","0.49870109062678947","55","true","759","0.5467681248559024","15","true","759","0.6952138792637558","5","true","759","0.6787959271811002","25","true","759","0.5930424727404255","35","true","759","0.56057072111408","45","true","759","0.34522104999666076","65","true","759","0.38220193128689506","75","true","759","0.22047517016041632","95","true","759","0.6078132078603652","105","true","759","0.4491887940295994","115","true","759","0.3620459938091855","125","true","759","0.3096336215537677","135","true"
"760","0.2956451760576812","0","true","760","0.284948342623702","85","true","760","0.4985045894663323","55","true","760","0.5474285032681789","15","true","760","0.6960523727958577","5","true","760","0.6797920986445996","25","true","760","0.5927077748703379","35","true","760","0.5613467397447937","45","true","760","0.3455895393249383","65","true","760","0.3820567791392778","75","true","760","0.22027407108426733","95","true","760","0.6085879730205978","105","true","760","0.4498244778834679","115","true","760","0.36171805508806565","125","true","760","0.3096690506248805","135","true"
"761","0.29525719026232994","0","true","761","0.28457439466750295","85","true","761","0.49785038396834497","55","true","761","0.5467100931589032","15","true","761","0.6951389182383829","5","true","761","0.6788999830295803","25","true","761","0.5919299431447862","35","true","761","0.5606100642333175","45","true","761","0.34513600974577174","65","true","761","0.3815553922900137","75","true","761","0.21998499750016723","95","true","761","0.6077893011399933","105","true","761","0.4492341570463505","115","true","761","0.36124335947771385","125","true","761","0.3092626607946641","135","true"
"762","0.2951492356690037","0","true","762","0.2843389621468803","85","true","762","0.49763520620740337","55","true","762","0.5473503953834332","15","true","762","0.6959778064986545","5","true","762","0.6798155304402984","25","true","762","0.591588913402374","35","true","762","0.5613299867051085","45","true","762","0.3455152685111123","65","true","762","0.3814162093386682","75","true","762","0.21978368668992712","95","true","762","0.6085721449173204","105","true","762","0.44978137156640435","115","true","762","0.36091846497263563","125","true","762","0.3093139334774589","135","true"
"763","0.2947629146799082","0","true","763","0.2839667907304577","85","true","763","0.4969838512254565","55","true","763","0.546633968164345","15","true","763","0.6950668407833421","5","true","763","0.6789257195365808","25","true","763","0.5908145823638892","35","true","763","0.5605952615916201","45","true","763","0.34506302339526007","65","true","763","0.38091697346257053","75","true","763","0.21949601170734867","95","true","763","0.6077755845182139","105","true","763","0.44919265249367346","115","true","763","0.36044605860487045","125","true","763","0.3089090723079858","135","true"
"764","0.2946542009395044","0","true","764","0.28373339000121484","85","true","764","0.49678636456441966","55","true","764","0.5472903442765055","15","true","764","0.6958860023239481","5","true","764","0.6799409593869855","25","true","764","0.5904754696172034","35","true","764","0.5613591363419782","45","true","764","0.345394130414205","65","true","764","0.38075912741418905","75","true","764","0.2192932644018232","95","true","764","0.608543148429736","105","true","764","0.4498463055887375","115","true","764","0.36012484319588023","125","true","764","0.3089336230948054","135","true"
"765","0.2942695348808366","0","true","765","0.28336298087588685","85","true","765","0.496137818396581","55","true","765","0.5465758660202698","15","true","765","0.69497753495799","5","true","765","0.6790533080039738","25","true","765","0.5897046139127423","35","true","765","0.5606262915164665","45","true","765","0.34494322423872953","65","true","765","0.38026205283531933","75","true","765","0.21900698076683386","95","true","765","0.6077487056772168","105","true","765","0.44925903887125873","115","true","765","0.35965470632486735","125","true","765","0.3085303154928539","135","true"
"766","0.2941580222732391","0","true","766","0.2831308287659752","85","true","766","0.49592601758982346","55","true","766","0.5472192172490946","15","true","766","0.6958295768869398","5","true","766","0.6798944034841565","25","true","766","0.5893553175964854","35","true","766","0.5613427772431955","45","true","766","0.3453214683135223","65","true","766","0.38011366852495365","75","true","766","0.21880798499199067","95","true","766","0.6085441090501585","105","true","766","0.44982896836016906","115","true","766","0.359336029706554","125","true","766","0.30857569869671586","135","true"
"767","0.2937750040150708","0","true","767","0.2827621688326862","85","true","767","0.49528028058775336","55","true","767","0.5465066922266348","15","true","767","0.694923548792035","5","true","767","0.6790091243129532","25","true","767","0.5885879278600317","35","true","767","0.56061186216866","45","true","767","0.3448718309849891","65","true","767","0.3796187288523951","75","true","767","0.21852307876153235","95","true","767","0.6077517339081662","105","true","767","0.44924325355761674","115","true","767","0.3588681442512069","125","true","767","0.3081739074223712","135","true"
"768","0.2936619592190501","0","true","768","0.28252880874533226","85","true","768","0.4950816884305802","55","true","768","0.547140947030018","15","true","768","0.6957282242167558","5","true","768","0.6799979713558699","25","true","768","0.5882319423228467","35","true","768","0.5613703569483753","45","true","768","0.3452414037501672","65","true","768","0.37946363775880326","75","true","768","0.21832389507357036","95","true","768","0.6084840819629446","105","true","768","0.4498394489963629","115","true","768","0.3585448507705075","125","true","768","0.3082027400754201","135","true"
"769","0.29328058005123314","0","true","769","0.28216188821449417","85","true","769","0.4944387251988522","55","true","769","0.5464303743715375","15","true","769","0.6948246810684224","5","true","769","0.6791148571073559","25","true","769","0.5874680047354144","35","true","769","0.5606413045367541","45","true","769","0.34479303829075136","65","true","769","0.378970827839636","75","true","769","0.21804035754750078","95","true","769","0.6076938428954602","105","true","769","0.44925524191974425","115","true","769","0.3580792081071692","125","true","769","0.3078024767766208","135","true"
"770","0.29317127579111774","0","true","770","0.2819283310372491","85","true","770","0.4942258833927989","55","true","770","0.5470632711299891","15","true","770","0.6956608469888004","5","true","770","0.6799939801867574","25","true","770","0.5870930705943962","35","true","770","0.5613532472455108","45","true","770","0.3451263451993026","65","true","770","0.3788211013231055","75","true","770","0.2178437182160302","95","true","770","0.6084844409765003","105","true","770","0.44984701867533455","115","true","770","0.357754774674266","125","true","770","0.30784131616764887","135","true"
"771","0.2927915202525282","0","true","771","0.28156313889859985","85","true","771","0.4935856944246735","55","true","771","0.546354639949769","15","true","771","0.6947597319020272","5","true","771","0.6791131589688989","25","true","771","0.586332587342331","35","true","771","0.5606261057335348","45","true","771","0.34467929034800815","65","true","771","0.3783304004146559","75","true","771","0.2175615372338851","95","true","771","0.6076962486954427","105","true","771","0.4492643152832681","115","true","771","0.35729136175370346","125","true","771","0.30744255798608455","135","true"
"772","0.2926728256028651","0","true","772","0.281330961325321","85","true","772","0.4933752028856552","55","true","772","0.5469816213604434","15","true","772","0.6955657149709592","5","true","772","0.6800955824071194","25","true","772","0.5859599503089112","35","true","772","0.5613797738255455","45","true","772","0.3450504084610173","65","true","772","0.37817770978797766","75","true","772","0.21735938212209469","95","true","772","0.6084474668262836","105","true","772","0.44986842328946236","115","true","772","0.35697390863483675","125","true","772","0.30746799064108715","135","true"
"773","0.2922946953372283","0","true","773","0.2809674846311022","85","true","773","0.4927377672230122","55","true","773","0.5462749267592024","15","true","773","0.6946670512565265","5","true","773","0.679216905944061","25","true","773","0.5852028961095458","35","true","773","0.5606544769601378","45","true","773","0.3446046068996982","65","true","773","0.3776891080957451","75","true","773","0.21707855604700155","95","true","773","0.6076613589880067","105","true","773","0.44928719793637517","115","true","773","0.35651270203453334","125","true","773","0.3070707451751426","135","true"
"774","0.2921780426381875","0","true","774","0.2807353037544642","85","true","774","0.4925240743751533","55","true","774","0.5468803796784225","15","true","774","0.6954974131130206","5","true","774","0.6800323672831805","25","true","774","0.5848248756554139","35","true","774","0.5613536699507483","45","true","774","0.34496477356123567","65","true","774","0.3775316595457399","75","true","774","0.21688400876237415","95","true","774","0.6084419723853911","105","true","774","0.44982833889089374","115","true","774","0.35618927074071255","125","true","774","0.30711434914390695","135","true"
"775","0.29180152454200425","0","true","775","0.2803735314558115","85","true","775","0.4918893784030203","55","true","775","0.5461756369211049","15","true","775","0.6946011535600399","5","true","775","0.6791560369129702","25","true","775","0.5840712353517342","35","true","775","0.5606302760461727","45","true","775","0.344520231327265","65","true","775","0.3770451496751913","75","true","775","0.2166045190603608","95","true","775","0.6076578976787089","105","true","775","0.4492486631964467","115","true","775","0.3557302639485209","125","true","775","0.30671858323006174","135","true"
"776","0.29168492049163397","0","true","776","0.2801401740491074","85","true","776","0.49169489099731317","55","true","776","0.5467789121109373","15","true","776","0.695391837632632","5","true","776","0.680125035257443","25","true","776","0.5836902205232913","35","true","776","0.5613923769368164","45","true","776","0.3448497718724147","65","true","776","0.37688014953743615","75","true","776","0.21640728015281588","95","true","776","0.6084046693390431","105","true","776","0.44984698842566245","115","true","776","0.35541271438152344","125","true","776","0.3067386697048096","135","true"
"777","0.2913100041413877","0","true","777","0.27978009670457127","85","true","777","0.4910628924227665","55","true","777","0.5460761114526971","15","true","777","0.6944980177899166","5","true","777","0.6792508385540272","25","true","777","0.582939976023904","35","true","777","0.560670792904764","45","true","777","0.3444065202376173","65","true","777","0.37639572775139835","75","true","777","0.21612912169503593","95","true","777","0.6076226581959339","105","true","777","0.4492687789289714","115","true","777","0.3549558856997991","125","true","777","0.30634440406251556","135","true"
"778","0.29120167085732207","0","true","778","0.2795501344089491","85","true","778","0.49084851061323864","55","true","778","0.5466622052936889","15","true","778","0.6953215652809973","5","true","778","0.6800613112293867","25","true","778","0.5825582849353697","35","true","778","0.5613633687388322","45","true","778","0.34476289028189194","65","true","778","0.376233067538769","75","true","778","0.21593032309515584","95","true","778","0.6084054709619942","105","true","778","0.44985589235388374","115","true","778","0.35464300507645635","125","true","778","0.30638714376251824","135","true"
"779","0.290828335381864","0","true","779","0.2791917368007325","85","true","779","0.490219217650914","55","true","779","0.5459613563125432","15","true","779","0.694430127376791","5","true","779","0.6791894377534516","25","true","779","0.5818114153392986","35","true","779","0.5606436721122439","45","true","779","0.3443208865764023","65","true","779","0.3757507174521808","75","true","779","0.21565348934759795","95","true","779","0.6076254639479404","105","true","779","0.44927915403035307","115","true","779","0.35418833455712756","125","true","779","0.3059943397320534","135","true"
"780","0.2907084882624356","0","true","780","0.2789617843204052","85","true","780","0.490015404083395","55","true","780","0.5465149694758432","15","true","780","0.6952008241270852","5","true","780","0.6801429197305221","25","true","780","0.5814263255672041","35","true","780","0.5614000495282097","45","true","780","0.34467066591648815","65","true","780","0.37558146800773096","75","true","780","0.21545574780533247","95","true","780","0.6083611892444191","105","true","780","0.4498360347064435","115","true","780","0.3538759017921915","125","true","780","0.3060210385627688","135","true"
"781","0.29033673827744527","0","true","781","0.27860505569595456","85","true","781","0.4893887859196055","55","true","781","0.5458161012284316","15","true","781","0.6943118205156694","5","true","781","0.6792731717513271","25","true","781","0.5806828136419263","35","true","781","0.5606821466515751","45","true","781","0.3442299105892292","65","true","781","0.37510118480055993","75","true","781","0.21518022894624636","95","true","781","0.6075832337594518","105","true","781","0.44926079681039943","115","true","781","0.35342337506355703","125","true","781","0.30562970731140976","135","true"
"782","0.2902133249981991","0","true","782","0.27837519425532536","85","true","782","0.48917771241375013","55","true","782","0.5463978391042571","15","true","782","0.6950775304776196","5","true","782","0.6800715804747596","25","true","782","0.5802938790653182","35","true","782","0.5613853223909273","45","true","782","0.3445522118585135","65","true","782","0.3749313847802698","75","true","782","0.2149760863313151","95","true","782","0.6083629725211364","105","true","782","0.4498550887313809","115","true","782","0.3531147163394096","125","true","782","0.3056599823932095","135","true"
"783","0.2898431549408034","0","true","783","0.2780201238544895","85","true","783","0.4885537612499571","55","true","783","0.5457009030849914","15","true","783","0.6941909519948676","5","true","783","0.6792041422343581","25","true","783","0.5795537083012042","35","true","783","0.560669269683796","45","true","783","0.3441127319964491","65","true","783","0.3744531559731521","75","true","783","0.21470188213956595","95","true","783","0.6075869993419002","105","true","783","0.449281293975346","115","true","783","0.3526643149155073","125","true","783","0.3052701099666876","135","true"
"784","0.2897198300660098","0","true","784","0.2777876737721823","85","true","784","0.4883370281084108","55","true","784","0.5462092386001098","15","true","784","0.6949677948034179","5","true","784","0.6801432347640981","25","true","784","0.5791647349957391","35","true","784","0.5614221927069929","45","true","784","0.3444658238213498","65","true","784","0.37428932981814544","75","true","784","0.21449772520267368","95","true","784","0.6083314896001034","105","true","784","0.44983553075738536","115","true","784","0.35235653635261077","125","true","784","0.30529286741117323","135","true"
"785","0.28935122977330496","0","true","785","0.2774342543399021","85","true","785","0.48771573417951963","55","true","785","0.5455143159046898","15","true","785","0.6940836118583753","5","true","785","0.6792779125824644","25","true","785","0.5784278841878565","35","true","785","0.5607079151081291","45","true","785","0.3440275721370987","65","true","785","0.3738131347420409","75","true","785","0.2142248273334591","95","true","785","0.6075575309619353","105","true","785","0.4492632209218162","115","true","785","0.35190824559389244","125","true","785","0.3049044540938562","135","true"
"786","0.28922989967441726","0","true","786","0.2772002993524092","85","true","786","0.4874871809225283","55","true","786","0.5459931755820802","15","true","786","0.6948351470942891","5","true","786","0.6800826850117104","25","true","786","0.5780311837026058","35","true","786","0.5614076554418154","45","true","786","0.34437123846373624","65","true","786","0.3736516894267248","75","true","786","0.21402948829224847","95","true","786","0.608323579892601","105","true","786","0.4498214103924533","115","true","786","0.3515909638500087","125","true","786","0.3049435535059669","135","true"
"787","0.2888628566545258","0","true","787","0.2768485223227741","85","true","787","0.48686854236805804","55","true","787","0.5453002908414938","15","true","787","0.6939533766030527","5","true","787","0.679219635919056","25","true","787","0.577297641591308","35","true","787","0.5606952091785644","45","true","787","0.3439342191255843","65","true","787","0.3731775121558787","75","true","787","0.21375787726649687","95","true","787","0.6075515956541585","105","true","787","0.44925057103916344","115","true","787","0.35114478242380315","125","true","787","0.3045565693010101","135","true"
"788","0.2887355766798943","0","true","788","0.2766120431881464","85","true","788","0.48666334435094016","55","true","788","0.5458009692669422","15","true","788","0.6947031649263237","5","true","788","0.680144836594344","25","true","788","0.5768967882393266","35","true","788","0.5614223460804517","45","true","788","0.3442609937498899","65","true","788","0.372999398176287","75","true","788","0.21356114022283118","95","true","788","0.6082904637249859","105","true","788","0.4498311046808138","115","true","788","0.35082893421263245","125","true","788","0.30457270546966386","135","true"
"789","0.2883700886081476","0","true","789","0.276261901361326","85","true","789","0.48604731480112884","55","true","789","0.5451100819640726","15","true","789","0.6938237938314803","5","true","789","0.6792838937632119","25","true","789","0.5761665391402895","35","true","789","0.5607116848828815","45","true","789","0.3438252203400799","65","true","789","0.37252724703935497","75","true","789","0.21329080966558708","95","true","789","0.60752047579622","105","true","789","0.4492616982191925","115","true","789","0.3503848469541354","125","true","789","0.3041871703994491","135","true"
"790","0.288247140460098","0","true","790","0.2760292506852485","85","true","790","0.48582257914399235","55","true","790","0.545588235901524","15","true","790","0.6945379437996858","5","true","790","0.6800465042721457","25","true","790","0.5757575184574182","35","true","790","0.561406621197435","45","true","790","0.34416825261469475","65","true","790","0.37235857481751283","75","true","790","0.2130962058094425","95","true","790","0.6083012901843236","105","true","790","0.4498163762542356","115","true","790","0.350068168506079","125","true","790","0.30421681266906714","135","true"
"791","0.2878831920504261","0","true","791","0.27568072890408024","85","true","791","0.4852091667965883","55","true","791","0.5448993618662948","15","true","791","0.693661001951454","5","true","791","0.6791878596960444","25","true","791","0.5750305518937093","35","true","791","0.5606977744534988","45","true","791","0.3437336967401812","65","true","791","0.3718884251018342","75","true","791","0.21282714494352148","95","true","791","0.6075332329997474","105","true","791","0.44924842628421763","115","true","791","0.34962616324281376","125","true","791","0.30383270053185873","135","true"
"792","0.2877438751046996","0","true","792","0.2754427318388069","85","true","792","0.4850028729719705","55","true","792","0.5453330266080524","15","true","792","0.6943466585369834","5","true","792","0.6801203594294808","25","true","792","0.5746179544890334","35","true","792","0.5614229384567222","45","true","792","0.34407384910704814","65","true","792","0.3717027152182927","75","true","792","0.21263382122396304","95","true","792","0.6082616669142209","105","true","792","0.44978590898244675","115","true","792","0.3493082858705413","125","true","792","0.30385445443365805","135","true"
"793","0.28738147727711183","0","true","793","0.27509582663497967","85","true","793","0.48439203811936093","55","true","793","0.5446462091941884","15","true","793","0.6934721665237126","5","true","793","0.679263784669494","25","true","793","0.5738942542944628","35","true","793","0.5607158566702528","45","true","793","0.34364050672782015","65","true","793","0.3712345757784712","75","true","793","0.2123660204415651","95","true","793","0.6074955942858655","105","true","793","0.4492194279887661","115","true","793","0.3488683510016867","125","true","793","0.3034717662038927","135","true"
"794","0.2872486482017608","0","true","794","0.27485930735552005","85","true","794","0.4841747312654712","55","true","794","0.5450394644536246","15","true","794","0.6941564115467553","5","true","794","0.6800624294965191","25","true","794","0.5734772611088705","35","true","794","0.561409436365798","45","true","794","0.34396872215808344","65","true","794","0.37105168739916783","75","true","794","0.21216861490598798","95","true","794","0.6082616961961292","105","true","794","0.4497997016018533","115","true","794","0.3485562643265435","125","true","794","0.3034952980331972","135","true"
"795","0.286887783065829","0","true","795","0.27451400671813875","85","true","795","0.48356647155282617","55","true","795","0.5443547415083311","15","true","795","0.6932843557533549","5","true","795","0.6792080797107194","25","true","795","0.572756812288382","35","true","795","0.5607041481291575","45","true","795","0.34353660064783464","65","true","795","0.37058554206323924","75","true","795","0.2119020714199252","95","true","795","0.6074975483365863","105","true","795","0.4492346265998409","115","true","795","0.34811837957236447","125","true","795","0.3031140225331555","135","true"
"796","0.2867447643230386","0","true","796","0.2742778003898447","85","true","796","0.4833511101995192","55","true","796","0.544727685143319","15","true","796","0.6939570655189653","5","true","796","0.6800880215504725","25","true","796","0.5723448691220971","35","true","796","0.5614240950598606","45","true","796","0.34387529906675335","65","true","796","0.3703950991331983","75","true","796","0.2117056430502857","95","true","796","0.6082340226691184","105","true","796","0.4497497826849411","115","true","796","0.34780547019144825","125","true","796","0.3031310295730802","135","true"
"797","0.28638543504443825","0","true","797","0.2739340938730654","85","true","797","0.4827454070539058","55","true","797","0.5440450689965228","15","true","797","0.6930874451361094","5","true","797","0.6792357809219632","25","true","797","0.5716276449753276","35","true","797","0.5607205560936201","45","true","797","0.3434443776393514","65","true","797","0.36993094487363287","75","true","797","0.21144034775824272","95","true","797","0.6074718246457236","105","true","797","0.44918618646603764","115","true","797","0.34736962373757424","125","true","797","0.30275116612749986","135","true"
"798","0.28624179275751876","0","true","798","0.2736990630138787","85","true","798","0.48252279516305513","55","true","798","0.5443594945213687","15","true","798","0.6937054832280072","5","true","798","0.680014003407417","25","true","798","0.5712029561640521","35","true","798","0.56140730169694","45","true","798","0.34378150387491313","65","true","798","0.369742733834045","75","true","798","0.2112463356629198","95","true","798","0.6082328305812674","105","true","798","0.449715980162935","115","true","798","0.34705699580233973","125","true","798","0.30278362951908955","135","true"
"799","0.2858839905165719","0","true","799","0.27335693918511134","85","true","799","0.48191964166910134","55","true","799","0.543679045153217","15","true","799","0.6928383513739722","5","true","799","0.6791639859031577","25","true","799","0.5704889524688471","35","true","799","0.5607055425698189","45","true","799","0.34335177699506947","65","true","799","0.3692805554167524","75","true","799","0.21098227774334116","95","true","799","0.6074725395430409","105","true","799","0.44915383518773133","115","true","799","0.34662317455758684","125","true","799","0.3024051499821907","135","true"
"800","0.2857371360207158","0","true","800","0.2731233239485794","85","true","800","0.48169942780355735","55","true","800","0.5439865644826808","15","true","800","0.6934700492692814","5","true","800","0.6800820904887878","25","true","800","0.5700699470133735","35","true","800","0.5614303477125926","45","true","800","0.343678141913463","65","true","800","0.36909712839989417","75","true","800","0.21078549693319956","95","true","800","0.6081989588115505","105","true","800","0.4496834574766666","115","true","800","0.34631634602895783","125","true","800","0.30241855787302885","135","true"
"801","0.28538085530248547","0","true","801","0.2727827711755762","85","true","801","0.48109880507562275","55","true","801","0.5433082769957946","15","true","801","0.6926053733973745","5","true","801","0.679234107832318","25","true","801","0.5693591366056262","35","true","801","0.560730309872552","45","true","801","0.3432496155519749","65","true","801","0.3686369075415402","75","true","801","0.21052267212405593","95","true","801","0.6074406059950772","105","true","801","0.4491227549112343","115","true","801","0.34588453013615367","125","true","801","0.3020414773769278","135","true"
"802","0.28523093021485185","0","true","802","0.27254784666669357","85","true","802","0.4808793646909679","55","true","802","0.5436164557582892","15","true","802","0.693216609484041","5","true","802","0.6800023316275741","25","true","802","0.5689361509346627","35","true","802","0.561412095712522","45","true","802","0.3435923549559532","65","true","802","0.3684476367297636","75","true","802","0.2103296169228072","95","true","802","0.608203926842691","105","true","802","0.4496539076487879","115","true","802","0.34557521975891964","125","true","802","0.30206377495490433","135","true"
"803","0.2848761653762762","0","true","803","0.27220885680765544","85","true","803","0.480281256028417","55","true","803","0.5429403158879431","15","true","803","0.6923543997707523","5","true","803","0.6791565575832612","25","true","803","0.5682285189061369","35","true","803","0.5607138219616359","45","true","803","0.3431650012806348","65","true","803","0.36798936852487585","75","true","803","0.2100680129216594","95","true","803","0.6074474542968668","105","true","803","0.449094636619374","115","true","803","0.34514539983384634","125","true","803","0.30168807374227385","135","true"
"804","0.28473103841922726","0","true","804","0.2719765078906371","85","true","804","0.48006426437602734","55","true","804","0.5431808371982761","15","true","804","0.6929291476159889","5","true","804","0.6800407186450602","25","true","804","0.5678018038438191","35","true","804","0.5614405227364992","45","true","804","0.3434965457023779","65","true","804","0.3677989478337025","75","true","804","0.20987454252561474","95","true","804","0.6081621360644394","105","true","804","0.44959763605511904","115","true","804","0.3448378935640195","125","true","804","0.301704370175728","135","true"
"805","0.2843777741035707","0","true","805","0.27163906805454446","85","true","805","0.4794686511447916","55","true","805","0.5425069155640351","15","true","805","0.6920694340333388","5","true","805","0.6791969956690738","25","true","805","0.5670973351045587","35","true","805","0.5607439464055607","45","true","805","0.34307037132805734","65","true","805","0.3673426215956954","75","true","805","0.20961415227434224","95","true","805","0.6074075924713073","105","true","805","0.44903982261088193","115","true","805","0.34441005498639665","125","true","805","0.30133004713580774","135","true"
"806","0.28422664307207596","0","true","806","0.2714065981198092","85","true","806","0.4792447569601163","55","true","806","0.5427567928866386","15","true","806","0.6926550986357632","5","true","806","0.6799804655098182","25","true","806","0.5666708786647653","35","true","806","0.5614386072723515","45","true","806","0.3433975394013577","65","true","806","0.3671447913530315","75","true","806","0.20941941850659332","95","true","806","0.6081814939280927","105","true","806","0.4495495357262796","115","true","806","0.3441066851229201","125","true","806","0.30135198025338267","135","true"
"807","0.2838748774247095","0","true","807","0.27107069886471047","85","true","807","0.47865163226090823","55","true","807","0.542085064182571","15","true","807","0.6917978522265607","5","true","807","0.6791389055277515","25","true","807","0.5659695533198831","35","true","807","0.5607437575108759","45","true","807","0.34297254244665304","65","true","807","0.3666904042350203","75","true","807","0.20916023605794656","95","true","807","0.6074287940593699","105","true","807","0.4489931625384996","115","true","807","0.3436808105126194","125","true","807","0.30097901988178194","135","true"
"808","0.2837229447895343","0","true","808","0.27083701389899895","85","true","808","0.47842024930937943","55","true","808","0.5423168862230697","15","true","808","0.692372801797639","5","true","808","0.6800093621039135","25","true","808","0.565547734760473","35","true","808","0.56149147795012","45","true","808","0.34330289759611154","65","true","808","0.36649970265823595","75","true","808","0.20896641837367985","95","true","808","0.6081537772544567","105","true","808","0.4495047955602128","115","true","808","0.3433765194558968","125","true","808","0.3009926984241149","135","true"
"809","0.28337266954905344","0","true","809","0.27050264721517303","85","true","809","0.47782960702628147","55","true","809","0.5416473592030412","15","true","809","0.6915180205608518","5","true","809","0.679169844372921","25","true","809","0.5648495276805219","35","true","809","0.560798278594626","45","true","809","0.3428790668583386","65","true","809","0.3660472338895221","75","true","809","0.20870843514111978","95","true","809","0.6074029701220438","105","true","809","0.4489498513681631","115","true","809","0.34295259782693893","125","true","809","0.3006211025001345","135","true"
"810","0.2832205276742387","0","true","810","0.2702702389715096","85","true","810","0.4775890688627296","55","true","810","0.5418304845975779","15","true","810","0.6920594650355089","5","true","810","0.679947112898273","25","true","810","0.5644196057381659","35","true","810","0.5615012431595489","45","true","810","0.34320648998071923","65","true","810","0.3658522243887844","75","true","810","0.20851931881989405","95","true","810","0.6081587140317466","105","true","810","0.44945642465629054","115","true","810","0.34264603776293645","125","true","810","0.3006433084884907","135","true"
"811","0.28287173392094533","0","true","811","0.26993739384962345","85","true","811","0.47700090498481984","55","true","811","0.5411632056756597","15","true","811","0.691207175053938","5","true","811","0.6791097396065264","25","true","811","0.5637245077015425","35","true","811","0.56080973916551","45","true","811","0.34278382188961","65","true","811","0.36540166746219727","75","true","811","0.20826252162922915","95","true","811","0.60740975009821","105","true","811","0.44890290689193546","115","true","811","0.342224059883918","125","true","811","0.3002730581085788","135","true"
"812","0.2827219609226463","0","true","812","0.26970495268567185","85","true","812","0.4767640146792644","55","true","812","0.5413835054301863","15","true","812","0.6917412759728042","5","true","812","0.6799874812530516","25","true","812","0.5632869961171916","35","true","812","0.5615675806211967","45","true","812","0.3431020388464206","65","true","812","0.3652019790098838","75","true","812","0.20806806717532603","95","true","812","0.6081268064333124","105","true","812","0.44939945862103525","115","true","812","0.34192169211455253","125","true","812","0.3002839876789977","135","true"
"813","0.28237463664632856","0","true","813","0.26937361981996466","85","true","813","0.47617830950152573","55","true","813","0.540718415128675","15","true","813","0.6908914709654667","5","true","813","0.6791521157969669","25","true","813","0.5625949973504628","35","true","813","0.5608776941585171","45","true","813","0.3426805375701965","65","true","813","0.3647533279300191","75","true","813","0.20781245529918926","95","true","813","0.6073797219045245","105","true","813","0.44884737083403153","115","true","813","0.3415016408957386","125","true","813","0.2999150884312348","135","true"
"814","0.282225437864801","0","true","814","0.2691436796390261","85","true","814","0.4759130787115377","55","true","814","0.5409154902482828","15","true","814","0.6914325882297461","5","true","814","0.6799036011216016","25","true","814","0.5621577552913364","35","true","814","0.5615696055920395","45","true","814","0.34301036795388135","65","true","814","0.3645708060197018","75","true","814","0.20761789579228593","95","true","814","0.6081596353861188","105","true","814","0.449344335529124","115","true","814","0.3411981257738496","125","true","814","0.2999290175509137","135","true"
"815","0.2818795733576137","0","true","815","0.26881384669829195","85","true","815","0.4753298518993912","55","true","815","0.5402526036180765","15","true","815","0.6905852443716214","5","true","815","0.6790703859241487","25","true","815","0.5614688364735774","35","true","815","0.5608814075459708","45","true","815","0.3425900121108006","65","true","815","0.3641240280711483","75","true","815","0.20736346209646206","95","true","815","0.6074143417153025","105","true","815","0.4487936684512697","115","true","815","0.3407799908157934","125","true","815","0.29956145748038565","135","true"
"816","0.28172664423272065","0","true","816","0.26858501968438975","85","true","816","0.47508823325147376","55","true","816","0.540387346686137","15","true","816","0.6911127385415439","5","true","816","0.6799298199855461","25","true","816","0.5610283068342481","35","true","816","0.5616225701758722","45","true","816","0.34290896165531376","65","true","816","0.3639197721488876","75","true","816","0.20717365476542526","95","true","816","0.6081229214719435","105","true","816","0.4492865591325964","115","true","816","0.34047412050376763","125","true","816","0.29956919227456963","135","true"
"817","0.2813822351321917","0","true","817","0.2682566761395433","85","true","817","0.4745074407902861","55","true","817","0.5397267264579143","15","true","817","0.6902678574430823","5","true","817","0.679098609936664","25","true","817","0.5603424531584117","35","true","817","0.560935990016733","45","true","817","0.3424897575457107","65","true","817","0.36347488245188403","75","true","817","0.20692038623881717","95","true","817","0.6073794949175768","105","true","817","0.4487373090603071","115","true","817","0.3400578929725894","125","true","817","0.2992029707681215","135","true"
"818","0.2812298967738865","0","true","818","0.2680267127752758","85","true","818","0.47426616358616636","55","true","818","0.5398702090734695","15","true","818","0.6907991069923263","5","true","818","0.6798550704032807","25","true","818","0.5598978130825571","35","true","818","0.5616321854016545","45","true","818","0.34280430099749526","65","true","818","0.36325896697219334","75","true","818","0.20673417404090808","95","true","818","0.608143142742568","105","true","818","0.4492178082018356","115","true","818","0.33974964935312196","125","true","818","0.29921287413404685","135","true"
"819","0.2808869334851379","0","true","819","0.2676998509304279","85","true","819","0.4736877902159393","55","true","819","0.5392118307697213","15","true","819","0.6899566690569698","5","true","819","0.6790259788540085","25","true","819","0.5592150108714808","35","true","819","0.5609472681023842","45","true","819","0.3423862469718886","65","true","819","0.3628159682319833","75","true","819","0.20648205919451673","95","true","819","0.6074015047636135","105","true","819","0.44866998160646754","115","true","819","0.3393353205124474","125","true","819","0.29884798038510285","135","true"
"820","0.2807359042919032","0","true","820","0.2674698070554958","85","true","820","0.47344189013677573","55","true","820","0.5393637102783193","15","true","820","0.6904710990098463","5","true","820","0.6798552647812603","25","true","820","0.5587673681533433","35","true","820","0.5616809909979389","45","true","820","0.3427071588359577","65","true","820","0.3626034419759461","75","true","820","0.20629182468151352","95","true","820","0.6081135341336484","105","true","820","0.44915276274689603","115","true","820","0.3390326493891881","125","true","820","0.29885270294476274","135","true"
"821","0.28039437642780113","0","true","821","0.26714441799581756","85","true","821","0.47286592676677963","55","true","821","0.5387075500468371","15","true","821","0.6896311098383014","5","true","821","0.6790281902498964","25","true","821","0.5580876024986555","35","true","821","0.5609976807899122","45","true","821","0.34229024015124243","65","true","821","0.3621623185672162","75","true","821","0.20604086139114672","95","true","821","0.6073737366468679","105","true","821","0.44860634819367595","115","true","821","0.3386202009106124","125","true","821","0.2984891351796231","135","true"
"822","0.2802391810678404","0","true","822","0.2669168876171481","85","true","822","0.4726162691935962","55","true","822","0.5388198452527647","15","true","822","0.6901434432901652","5","true","822","0.6797615690344491","25","true","822","0.5576362730656348","35","true","822","0.5616863131878226","45","true","822","0.342601184502601","65","true","822","0.36194907167759877","75","true","822","0.20584443118188034","95","true","822","0.6081185395495812","105","true","822","0.4490936411432215","115","true","822","0.3383256385033163","125","true","822","0.2985012661899185","135","true"
"823","0.2798990849743115","0","true","823","0.26659295935547683","85","true","823","0.4720427057601088","55","true","823","0.5381659376735746","15","true","823","0.6893058905677257","5","true","823","0.6789366156739703","25","true","823","0.5569595300157978","35","true","823","0.5610046550407499","45","true","823","0.34218540636606876","65","true","823","0.36150981309546576","75","true","823","0.2055946199789897","95","true","823","0.6073805316132346","105","true","823","0.44854862458843603","115","true","823","0.33791504913620063","125","true","823","0.2981390073717268","135","true"
"824","0.2797447817249411","0","true","824","0.26636412454601094","85","true","824","0.4717999257578416","55","true","824","0.5382803226838736","15","true","824","0.6898223737984506","5","true","824","0.6797565810746209","25","true","824","0.5565090646871711","35","true","824","0.5617404921744034","45","true","824","0.34248689365320445","65","true","824","0.36129305886550706","75","true","824","0.20540520617369093","95","true","824","0.6080892376243736","105","true","824","0.4490342927660717","115","true","824","0.33761564545733513","125","true","824","0.2981450623182203","135","true"
"825","0.2794061076550562","0","true","825","0.26604164981895767","85","true","825","0.4712287394070451","55","true","825","0.537628651591036","15","true","825","0.6889872377526898","5","true","825","0.6789336312185984","25","true","825","0.5558353248994142","35","true","825","0.5610604189393253","45","true","825","0.34207226061004076","65","true","825","0.3608556580678491","75","true","825","0.20515653158994554","95","true","825","0.6073530521066686","105","true","825","0.4484906677142968","115","true","825","0.3372069098090817","125","true","825","0.2977841118795784","135","true"
"826","0.2792536071448","0","true","826","0.2658127532641281","85","true","826","0.47096699246868","55","true","826","0.5377189902244164","15","true","826","0.689486533771246","5","true","826","0.6796891880788342","25","true","826","0.5553809958939703","35","true","826","0.5617437430679165","45","true","826","0.3423767962293765","65","true","826","0.3606482558684837","75","true","826","0.20496324670275795","95","true","826","0.6080985613993274","105","true","826","0.44895927958269616","115","true","826","0.33691427805987983","125","true","826","0.2977899793560565","135","true"
"827","0.2789163443342387","0","true","827","0.2654917233688816","85","true","827","0.47039819175313813","55","true","827","0.537069571154097","15","true","827","0.6886538205662083","5","true","827","0.6788683074169032","25","true","827","0.5547102458989293","35","true","827","0.5610653085956123","45","true","827","0.34196329768320577","65","true","827","0.36021269034207254","75","true","827","0.20471570654973528","95","true","827","0.6073641428469128","105","true","827","0.4484170582305431","115","true","827","0.3365073767578751","125","true","827","0.2974303296225347","135","true"
"828","0.2787668425454137","0","true","828","0.26526783337247867","85","true","828","0.47015485741636776","55","true","828","0.5371200484246998","15","true","828","0.6891607909940121","5","true","828","0.6796891776124988","25","true","828","0.5542565937567866","35","true","828","0.5617946535059588","45","true","828","0.34226485289909414","65","true","828","0.359991405037184","75","true","828","0.2045283115023161","95","true","828","0.6080513921589835","105","true","828","0.44889511897570844","115","true","828","0.3362084163039421","125","true","828","0.2974331995747536","135","true"
"829","0.2784309788796963","0","true","829","0.2649482335732347","85","true","829","0.46958840578092637","55","true","829","0.5364729158362364","15","true","829","0.6883304767879952","5","true","829","0.6788702749888692","25","true","829","0.553588814728164","35","true","829","0.5611177924776384","45","true","829","0.34185248560644466","65","true","829","0.35955768045280184","75","true","829","0.20428189184990367","95","true","829","0.6073188001202378","105","true","829","0.44835428148296663","115","true","829","0.335803345922853","125","true","829","0.2970748463222539","135","true"
"830","0.2782747399788801","0","true","830","0.26472175459056535","85","true","830","0.46934099830280723","55","true","830","0.5365250827795947","15","true","830","0.6888318506032164","5","true","830","0.6795998922466043","25","true","830","0.553127274010322","35","true","830","0.5617954233375281","45","true","830","0.34214557041198485","65","true","830","0.3593316113800402","75","true","830","0.20409429813163368","95","true","830","0.6080629381546858","105","true","830","0.4488164591874603","115","true","830","0.3355058325694059","125","true","830","0.2970803097384081","135","true"
"831","0.2779402751471747","0","true","831","0.2644035794047594","85","true","831","0.46877688652600097","55","true","831","0.5358802209012538","15","true","831","0.6880039277058567","5","true","831","0.6787830654530387","25","true","831","0.5524624575752135","35","true","831","0.5611201884537089","45","true","831","0.34173433775523965","65","true","831","0.3588997224240546","75","true","831","0.20384899248484084","95","true","831","0.607332093277096","105","true","831","0.44827701632786","115","true","831","0.33510258036679846","125","true","831","0.29672324205843403","135","true"
"832","0.2777929952023386","0","true","832","0.26418197122578385","85","true","832","0.46852944213194025","55","true","832","0.5359205980610021","15","true","832","0.6885015519964856","5","true","832","0.6795942930774709","25","true","832","0.5519973991638389","35","true","832","0.5618295114943648","45","true","832","0.3420341018117636","65","true","832","0.35867777765029124","75","true","832","0.20366233957540494","95","true","832","0.608028196411823","105","true","832","0.448749630218886","115","true","832","0.334805383059178","125","true","832","0.29673020395312827","135","true"
"833","0.27745991007619664","0","true","833","0.2638652062722757","85","true","833","0.4679676562301034","55","true","833","0.535278007415845","15","true","833","0.6876760105672332","5","true","833","0.6787794318147881","25","true","833","0.5513355317787504","35","true","833","0.5611558550057624","45","true","833","0.34162398897985496","65","true","833","0.35824770837253306","75","true","833","0.2034181401274728","95","true","833","0.607299145816605","105","true","833","0.4482115611179041","115","true","833","0.3344039377557497","125","true","833","0.29637441234167367","135","true"
"834","0.27730096127635884","0","true","834","0.2636423807356617","85","true","834","0.46771585215974815","55","true","834","0.5352885541300086","15","true","834","0.6881691910979575","5","true","834","0.6795275634523091","25","true","834","0.5508672650273375","35","true","834","0.5618238852343046","45","true","834","0.3419107666346937","65","true","834","0.3580243231190517","75","true","834","0.20322889405765873","95","true","834","0.6080301185315815","105","true","834","0.44866940991281246","115","true","834","0.3341096312382497","125","true","834","0.29637998897108736","135","true"
"835","0.2769692615619134","0","true","835","0.26332701903621714","85","true","835","0.46715638343706906","55","true","835","0.534648256816456","15","true","835","0.6873460222090844","5","true","835","0.6787147314386103","25","true","835","0.5502083328921374","35","true","835","0.5611518470940722","45","true","835","0.3415017824640781","65","true","835","0.35759606435933994","75","true","835","0.2029857972944319","95","true","835","0.6073028097773571","105","true","835","0.4481327240157875","115","true","835","0.33370997856930446","125","true","835","0.29602546745317937","135","true"
"836","0.27681443045299403","0","true","836","0.2631040839390958","85","true","836","0.4669119979954767","55","true","836","0.5346706780290713","15","true","836","0.6878235312326468","5","true","836","0.6795331893969061","25","true","836","0.5497441747389137","35","true","836","0.5618666900405936","45","true","836","0.34179146455963766","65","true","836","0.35736997281858046","75","true","836","0.20279624948674402","95","true","836","0.6079884749474306","105","true","836","0.4485886214060981","115","true","836","0.33341728668297477","125","true","836","0.29602685207803503","135","true"
"837","0.27648410297035325","0","true","837","0.2627901172518176","85","true","837","0.4663548237735251","55","true","837","0.5340326461937145","15","true","837","0.6870027394292666","5","true","837","0.6787222906028764","25","true","837","0.5490881554373159","35","true","837","0.5611962047302826","45","true","837","0.3413835988501393","65","true","837","0.35694351700376115","75","true","837","0.20255424918902712","95","true","837","0.6072629517076366","105","true","837","0.44805331278866845","115","true","837","0.3330194140258352","125","true","837","0.2956735980779419","135","true"
"838","0.27632855434659376","0","true","838","0.26256585853331205","85","true","838","0.4661019869364464","55","true","838","0.5340323535858873","15","true","838","0.6874751647567027","5","true","838","0.6794438383829788","25","true","838","0.5486167083556638","35","true","838","0.5618615974638842","45","true","838","0.34166686564505677","65","true","838","0.3567100691427308","75","true","838","0.20236705837496427","95","true","838","0.6080057926124152","105","true","838","0.4484891598639543","115","true","838","0.3327267569153895","125","true","838","0.2956785300927649","135","true"
"839","0.2759995917818954","0","true","839","0.2622532801302962","85","true","839","0.4655471036186649","55","true","839","0.5333966007839993","15","true","839","0.6866567419415162","5","true","839","0.6786349766706181","25","true","839","0.547963593226669","35","true","839","0.5611927146097606","45","true","839","0.3412601193764317","65","true","839","0.35628541429851324","75","true","839","0.20212614521023214","95","true","839","0.6072819761926385","105","true","839","0.44795524419744964","115","true","839","0.33233065363334735","125","true","839","0.2953265318426545","135","true"
"840","0.275844174479628","0","true","840","0.2620300886583404","85","true","840","0.4652884328306248","55","true","840","0.5333626543596939","15","true","840","0.6871289186615693","5","true","840","0.6794603996344404","25","true","840","0.5474965038367157","35","true","840","0.5618853570690543","45","true","840","0.3415485873935682","65","true","840","0.35605356362307805","75","true","840","0.20193854982690948","95","true","840","0.60794029095032","105","true","840","0.4484107720980201","115","true","840","0.3320383062413522","125","true","840","0.29533287463230573","135","true"
"841","0.27551656857169493","0","true","841","0.2617188890281048","85","true","841","0.4647358337417523","55","true","841","0.5327292070267251","15","true","841","0.6863128510622089","5","true","841","0.6786534395398627","25","true","841","0.5468462704592374","35","true","841","0.5612180347922502","45","true","841","0.3411429477410818","65","true","841","0.3556306971579675","75","true","841","0.20169871781998916","95","true","841","0.607218271602398","105","true","841","0.4478782177368586","115","true","841","0.3316439614595929","125","true","841","0.2949821229997258","135","true"
"842","0.27536296682665395","0","true","842","0.2614982168522937","85","true","842","0.46447272102644127","55","true","842","0.532708863232748","15","true","842","0.6867691336018544","5","true","842","0.6793697221604369","25","true","842","0.5463797160479055","35","true","842","0.5618847246640057","45","true","842","0.341428930854519","65","true","842","0.35539302702630193","75","true","842","0.20150962671496003","95","true","842","0.6079515442563591","105","true","842","0.44833086331029687","115","true","842","0.33135307474609244","125","true","842","0.29498557174406115","135","true"
"843","0.27503670738728586","0","true","843","0.2611883848418052","85","true","843","0.46392239789726303","55","true","843","0.5320776915938467","15","true","843","0.6859554260975869","5","true","843","0.6785647817313369","25","true","843","0.5457323467160952","35","true","843","0.5612189844689063","45","true","843","0.34102439420658703","65","true","843","0.35497194524072573","75","true","843","0.20127087123307028","95","true","843","0.6072312225214581","105","true","843","0.4477996656049529","115","true","843","0.3309604763162985","125","true","843","0.2946360627728004","135","true"
"844","0.2748781147637578","0","true","844","0.26096764876987605","85","true","844","0.4636588408597505","55","true","844","0.532062055111627","15","true","844","0.6864281662764956","5","true","844","0.6793514569863255","25","true","844","0.5452620709619074","35","true","844","0.5618816738708223","45","true","844","0.3413115725958907","65","true","844","0.35472924285506413","75","true","844","0.20107918974565178","95","true","844","0.6079002538409966","105","true","844","0.4482449939895999","115","true","844","0.3306710064998146","125","true","844","0.2946368283278965","135","true"
"845","0.2745531997344862","0","true","845","0.2606591763718029","85","true","845","0.4631107807641716","55","true","845","0.5314331401528661","15","true","845","0.6856167854652941","5","true","845","0.6785484410797223","25","true","845","0.5446175531475316","35","true","845","0.5612175111357504","45","true","845","0.3409081310207182","65","true","845","0.3543099411495617","75","true","845","0.20084150748826923","95","true","845","0.6071816956213264","105","true","845","0.4477151535711725","115","true","845","0.3302801424259378","125","true","845","0.29428855784523944","135","true"
"846","0.2743942006175213","0","true","846","0.26043584125808145","85","true","846","0.46283156698315575","55","true","846","0.5313939103645314","15","true","846","0.6860934537679272","5","true","846","0.6792739526226085","25","true","846","0.5441442339540516","35","true","846","0.561856892216448","45","true","846","0.34118677894247756","65","true","846","0.354078318518808","75","true","846","0.200651998080658","95","true","846","0.6079110837491154","105","true","846","0.44817331406095096","115","true","846","0.3299894736564081","125","true","846","0.2942913759697392","135","true"
"847","0.27407062255075537","0","true","847","0.26012872352074884","85","true","847","0.46228577504095864","55","true","847","0.5307672666023091","15","true","847","0.6852843812988613","5","true","847","0.6784729220181006","25","true","847","0.5435025544328794","35","true","847","0.5611943251265701","45","true","847","0.34078443604278125","65","true","847","0.35366077333187546","75","true","847","0.20041538015839308","95","true","847","0.6071942074711094","105","true","847","0.4476448077943696","115","true","847","0.32960033512615294","125","true","847","0.29394433425279376","135","true"
"848","0.273919143489865","0","true","848","0.2599077878954251","85","true","848","0.46201898084129045","55","true","848","0.5307260087901926","15","true","848","0.6857278471328812","5","true","848","0.6792637564503047","25","true","848","0.5430333381957433","35","true","848","0.5618582645924007","45","true","848","0.341073139911854","65","true","848","0.35341782700014307","75","true","848","0.2002280784306653","95","true","848","0.6078514439540114","105","true","848","0.4480951673342918","115","true","848","0.329305828390974","125","true","848","0.29394597960432534","135","true"
"849","0.27359688567399454","0","true","849","0.25960201402731287","85","true","849","0.4614754290991242","55","true","849","0.5301016252504395","15","true","849","0.6849211084891954","5","true","849","0.6784646226191867","25","true","849","0.5423944754449248","35","true","849","0.5611972548693508","45","true","849","0.3406718773943106","65","true","849","0.3530020413213194","75","true","849","0.19999251598545276","95","true","849","0.6071363246081831","105","true","849","0.4475679965491926","115","true","849","0.32891840976933756","125","true","849","0.2936001608047908","135","true"
"850","0.2734434395097764","0","true","850","0.25938221087033997","85","true","850","0.4612031268275446","55","true","850","0.5300631287356046","15","true","850","0.6853886959902332","5","true","850","0.6791676274182805","25","true","850","0.5419223548454732","35","true","850","0.5618400842381426","45","true","850","0.34094551544772966","65","true","850","0.35276298059248884","75","true","850","0.19980863901819282","95","true","850","0.6078705164884649","105","true","850","0.44801050807814485","115","true","850","0.3286227384997685","125","true","850","0.2936022526045147","135","true"
"851","0.27312249650565695","0","true","851","0.25907777165570345","85","true","851","0.46066180860356865","55","true","851","0.529440988913145","15","true","851","0.6845842491639537","5","true","851","0.678370482315677","25","true","851","0.541286295743542","35","true","851","0.5611806475195532","45","true","851","0.3405453446549506","65","true","851","0.35234893953545543","75","true","851","0.1995741218362466","95","true","851","0.6071570534409432","105","true","851","0.4474846741484757","115","true","851","0.32823703106021473","125","true","851","0.2932576490216456","135","true"
"852","0.2729678599139088","0","true","852","0.2588592973441651","85","true","852","0.460387556505912","55","true","852","0.5293963212475671","15","true","852","0.6850386819765182","5","true","852","0.6791713376586159","25","true","852","0.540813682055873","35","true","852","0.5618252758887936","45","true","852","0.3408179897444583","65","true","852","0.35210864064138364","75","true","852","0.1993849859390069","95","true","852","0.6077910100672816","105","true","852","0.44791745783784215","115","true","852","0.32794548581047483","125","true","852","0.2932602112316019","135","true"
"853","0.27264822541752254","0","true","853","0.25855618341284875","85","true","853","0.4598484610064905","55","true","853","0.5287764192320548","15","true","853","0.6842365289531265","5","true","853","0.678376055061826","25","true","853","0.5401804107654095","35","true","853","0.5611674008584788","45","true","853","0.3404189054473336","65","true","853","0.35169633544156936","75","true","853","0.19915151405851625","95","true","853","0.6070793109922614","105","true","853","0.44739296432749337","115","true","853","0.3275614747029684","125","true","853","0.29291681519971474","135","true"
"854","0.2724919281776048","0","true","854","0.25834010187957845","85","true","854","0.45957690180361566","55","true","854","0.5287394825440966","15","true","854","0.6846770219469089","5","true","854","0.6790639731535406","25","true","854","0.5397065185916866","35","true","854","0.561816489554736","45","true","854","0.3406960559007996","65","true","854","0.35145365145224955","75","true","854","0.19896457011699142","95","true","854","0.6078050633854957","105","true","854","0.44784287769961634","115","true","854","0.3272687780539876","125","true","854","0.2929200624093836","135","true"
"855","0.2721735964858086","0","true","855","0.25803830269513967","85","true","855","0.45904001289963947","55","true","855","0.5281217962327134","15","true","855","0.6838771656128588","5","true","855","0.6782706741194827","25","true","855","0.5390760203223038","35","true","855","0.5611601618800225","45","true","855","0.3402980464897005","65","true","855","0.35104307475662777","75","true","855","0.19873213487152766","95","true","855","0.6070950107413537","105","true","855","0.44731969676772426","115","true","855","0.32688645471513944","125","true","855","0.2925778660747932","135","true"
"856","0.2720169780812875","0","true","856","0.25782209846804277","85","true","856","0.45877195359410744","55","true","856","0.5280762434689729","15","true","856","0.6843113721143738","5","true","856","0.6790183110537321","25","true","856","0.5386029573028441","35","true","856","0.5617976663191379","45","true","856","0.34055749269804175","65","true","856","0.3507967579362556","75","true","856","0.19854489669774464","95","true","856","0.6077349296918182","105","true","856","0.44774137972741174","115","true","856","0.3265952037306389","125","true","856","0.29257985652595614","135","true"
"857","0.27169994197629765","0","true","857","0.2575216065117863","85","true","857","0.4582372543474943","55","true","857","0.5274607699917363","15","true","857","0.6835138064126087","5","true","857","0.6782269144208024","25","true","857","0.5379752149283652","35","true","857","0.561142890484267","45","true","857","0.34016057254338206","65","true","857","0.35038790390602687","75","true","857","0.19831349238923912","95","true","857","0.6070266139229467","105","true","857","0.44721953662749636","115","true","857","0.32621455664004373","125","true","857","0.29223885436217295","135","true"
"858","0.27154397768910904","0","true","858","0.2573076575135967","85","true","858","0.45795494304968143","55","true","858","0.5273945748816299","15","true","858","0.6839551062683454","5","true","858","0.6789526034625107","25","true","858","0.5374982387812811","35","true","858","0.5617812098915734","45","true","858","0.34042590984169474","65","true","858","0.3501505954752646","75","true","858","0.19812367063383168","95","true","858","0.6077490568762766","105","true","858","0.44766485847387827","115","true","858","0.3259285129659089","125","true","858","0.2922384216912999","135","true"
"859","0.27122822887784265","0","true","859","0.2570084625629995","85","true","859","0.45742243730194926","55","true","859","0.5267813253759536","15","true","859","0.6831598096331497","5","true","859","0.6781631236910427","25","true","859","0.5368732408292098","35","true","859","0.5611279759265831","45","true","859","0.34003006576048345","65","true","859","0.3497434436200608","75","true","859","0.19789329427262956","95","true","859","0.6070423719264204","105","true","859","0.4471443179407691","115","true","859","0.3255495263229253","125","true","859","0.2918986095730542","135","true"
"860","0.2710683726726032","0","true","860","0.2567956362666377","85","true","860","0.4571440700386938","55","true","860","0.5267098493457422","15","true","860","0.6835772647226251","5","true","860","0.6789125295500235","25","true","860","0.5363955180638067","35","true","860","0.5617736803320806","45","true","860","0.3402924537652675","65","true","860","0.34948859300195634","75","true","860","0.19771034264091178","95","true","860","0.6076864409812373","105","true","860","0.4475746971295639","115","true","860","0.3252572059852569","125","true","860","0.2918999251651442","135","true"
"861","0.2707539082031454","0","true","861","0.2564977294960267","85","true","861","0.4566137404910851","55","true","861","0.5260988170379165","15","true","861","0.6827842516545015","5","true","861","0.678124928007622","25","true","861","0.5357732494813661","35","true","861","0.5611219707261269","45","true","861","0.33989768293723355","65","true","861","0.34908315379893784","75","true","861","0.19748098029446062","95","true","861","0.6069814683118855","105","true","861","0.44705546894263865","115","true","861","0.3248798774400304","125","true","861","0.29156129416147236","135","true"
"862","0.27059546565047093","0","true","862","0.256278678676826","85","true","862","0.4563161001425577","55","true","862","0.5260047983224272","15","true","862","0.683199940239843","5","true","862","0.678825059646425","25","true","862","0.535296343871836","35","true","862","0.5617575768103816","45","true","862","0.3401547120027972","65","true","862","0.34884287726852437","75","true","862","0.19728946738859837","95","true","862","0.6077005791716437","105","true","862","0.44745614047943655","115","true","862","0.3245979404981103","125","true","862","0.2915582095560331","135","true"
"863","0.27028227645411623","0","true","863","0.2559820598357649","85","true","863","0.4557879565081335","55","true","863","0.5253959964725169","15","true","863","0.6824091995682691","5","true","863","0.6780393824940564","25","true","863","0.5346767879182805","35","true","863","0.561107394429814","45","true","863","0.3397610144194606","65","true","863","0.34843912393835247","75","true","863","0.19706112309763935","95","true","863","0.6069972220198246","105","true","863","0.4469382514279557","115","true","863","0.3242222484373486","125","true","863","0.29122075792460256","135","true"
"864","0.27013629374924836","0","true","864","0.2557689647172211","85","true","864","0.4555114449213299","55","true","864","0.5252771724880588","15","true","864","0.6828080765198649","5","true","864","0.6787984734016149","25","true","864","0.534202252566302","35","true","864","0.5617307193516784","45","true","864","0.3400148288694881","65","true","864","0.3481750936565795","75","true","864","0.1968753685730505","95","true","864","0.6076255726435668","105","true","864","0.44735677344438685","115","true","864","0.32393520640224394","125","true","864","0.2912167385226583","135","true"
"865","0.269824358075173","0","true","865","0.2554736194923744","85","true","865","0.454985450181236","55","true","865","0.5246706168616292","15","true","865","0.6820196145377403","5","true","865","0.6780146414461858","25","true","865","0.5335853908427844","35","true","865","0.5610820695602792","45","true","865","0.33962220204631316","65","true","865","0.3477730438948513","75","true","865","0.19664802981026405","95","true","865","0.6069239264857796","105","true","865","0.4468401951840585","115","true","865","0.32356114727244917","125","true","865","0.29088046053360206","135","true"
"866","0.26966722393958004","0","true","866","0.25525916698389184","85","true","866","0.4546910043499733","55","true","866","0.5245186329899163","15","true","866","0.6823901270285206","5","true","866","0.6787014343671821","25","true","866","0.5331132089715204","35","true","866","0.5617143991043331","45","true","866","0.3398708945665937","65","true","866","0.34752227928392515","75","true","866","0.19645954536157778","95","true","866","0.6076473907356968","105","true","866","0.44727020251461896","115","true","866","0.32327814661604787","125","true","866","0.29087743990670456","135","true"
"867","0.26935654741430404","0","true","867","0.254965089602574","85","true","867","0.45416716678735813","55","true","867","0.523914348850527","15","true","867","0.6816039632877043","5","true","867","0.6779195202722891","25","true","867","0.5324990232468988","35","true","867","0.5610672626998351","45","true","867","0.3394793382364478","65","true","867","0.34712190799442755","75","true","867","0.1962332094798248","95","true","867","0.606947336138075","105","true","867","0.446754914262874","115","true","867","0.32290570635496946","125","true","867","0.2905423276487475","135","true"
"868","0.2692036874906744","0","true","868","0.25475053104903017","85","true","868","0.45388712001305465","55","true","868","0.5237543644608035","15","true","868","0.6819746120060747","5","true","868","0.6786405475635087","25","true","868","0.532029178235633","35","true","868","0.5616981216805916","45","true","868","0.3397320103785879","65","true","868","0.34686058192569624","75","true","868","0.19604680958641119","95","true","868","0.6075829265017653","105","true","868","0.4471261771424827","115","true","868","0.32262285752070347","125","true","868","0.290538567400667","135","true"
"869","0.2688942579648231","0","true","869","0.25445771434667497","85","true","869","0.4533654106797063","55","true","869","0.523152347949929","15","true","869","0.6811907331416999","5","true","869","0.6778605009571138","25","true","869","0.5314176504445576","35","true","869","0.5610524916556714","45","true","869","0.3393415138149344","65","true","869","0.3464618916016437","75","true","869","0.19582146842596704","95","true","869","0.6068845553218782","105","true","869","0.4466122390078362","115","true","869","0.32225202664999003","125","true","869","0.2902046150243444","135","true"
"870","0.268742526567629","0","true","870","0.2542442455936167","85","true","870","0.45307733351326424","55","true","870","0.522989262843408","15","true","870","0.6815610245978067","5","true","870","0.678547149111617","25","true","870","0.5309501258268908","35","true","870","0.5616658502072912","45","true","870","0.3395802704376743","65","true","870","0.34620154679728476","75","true","870","0.1956371015695855","95","true","870","0.6075939238893588","105","true","870","0.44702874798707765","115","true","870","0.3219667986154489","125","true","870","0.29020189176275196","135","true"
"871","0.2684343355967945","0","true","871","0.25395268109178915","85","true","871","0.45255774941519855","55","true","871","0.5223895045144591","15","true","871","0.6807794179182219","5","true","871","0.6777689987112595","25","true","871","0.530341238067915","35","true","871","0.5610217379937508","45","true","871","0.33919084352203477","65","true","871","0.34580452667481076","75","true","871","0.19541274709530845","95","true","871","0.60689714186655","105","true","871","0.4465161003403035","115","true","871","0.32159757063538535","125","true","871","0.28986909142816164","135","true"
"872","0.2682806240612069","0","true","872","0.25373781642081006","85","true","872","0.4522681442093014","55","true","872","0.5222285393388968","15","true","872","0.6811033161017763","5","true","872","0.6784939524765007","25","true","872","0.5298729454666269","35","true","872","0.5616459114097659","45","true","872","0.33943243177580296","65","true","872","0.34554269434679685","75","true","872","0.19522813687129198","95","true","872","0.6075290327932618","105","true","872","0.4469037198872025","115","true","872","0.3213136001956057","125","true","872","0.28986116384671995","135","true"
"873","0.26797366682543894","0","true","873","0.2534474985530517","85","true","873","0.4517506749367507","55","true","873","0.5216310238476624","15","true","873","0.6803240216897606","5","true","873","0.6777176436063902","25","true","873","0.5292666835152922","35","true","873","0.561003295950487","45","true","873","0.3390440651490572","65","true","873","0.34514733657294466","75","true","873","0.195004763716977","95","true","873","0.6068339194834296","105","true","873","0.4463923883999174","115","true","873","0.3209459644974414","125","true","873","0.2895295149178336","135","true"
"874","0.26781751694009104","0","true","874","0.2532324711489414","85","true","874","0.4514625134849367","55","true","874","0.5214704229291738","15","true","874","0.680644228972785","5","true","874","0.678401745736499","25","true","874","0.5288006893594386","35","true","874","0.5616095345998282","45","true","874","0.3392906441676236","65","true","874","0.3448841873768582","75","true","874","0.19481867127907168","95","true","874","0.6075456238456544","105","true","874","0.4467547390535857","115","true","874","0.3206659205801804","125","true","874","0.289522138850868","135","true"
"875","0.267511789181027","0","true","875","0.25294339298552937","85","true","875","0.45094714531885804","55","true","875","0.5208751370582501","15","true","875","0.6798672378438206","5","true","875","0.6776273145199049","25","true","875","0.528197035604462","35","true","875","0.5609684278251709","45","true","875","0.33890332608067425","65","true","875","0.3444904839666107","75","true","875","0.19459627553560244","95","true","875","0.6068520786129539","105","true","875","0.4462447450592323","115","true","875","0.3202998635932167","125","true","875","0.28919163412615245","135","true"
"876","0.26735238054380245","0","true","876","0.2527264443074473","85","true","876","0.45066368967951104","55","true","876","0.5207172644987134","15","true","876","0.680183680494818","5","true","876","0.6783460088827182","25","true","876","0.5277333238160229","35","true","876","0.5615851391588144","45","true","876","0.33913909251579144","65","true","876","0.34423134419506224","75","true","876","0.19441341735012035","95","true","876","0.607480035730901","105","true","876","0.44664416277237395","115","true","876","0.32001869044146447","125","true","876","0.28918019390932237","135","true"
"877","0.2670478789714291","0","true","877","0.252438600976801","85","true","877","0.45015040529491024","55","true","877","0.5201241924434756","15","true","877","0.6794089838199948","5","true","877","0.6775734052279543","25","true","877","0.527132260804843","35","true","877","0.5609455205492941","45","true","877","0.3387528293124705","65","true","877","0.34383928116067153","75","true","877","0.194191989767717","95","true","877","0.606788145029613","105","true","877","0.4461354564366423","115","true","877","0.3196542044614628","125","true","877","0.2888508315016808","135","true"
"878","0.2668887464978566","0","true","878","0.2522232534991069","85","true","878","0.4498619590343026","55","true","878","0.5199555091483679","15","true","878","0.6796689025222866","5","true","878","0.6782439046072632","25","true","878","0.5266692654388075","35","true","878","0.561558627864018","45","true","878","0.3389912743828737","65","true","878","0.3435789146239381","75","true","878","0.19400768881386338","95","true","878","0.6074971659881461","105","true","878","0.44651489997018806","115","true","878","0.31937556182789084","125","true","878","0.28884581174950863","135","true"
"879","0.26658546383138176","0","true","879","0.2519366361655852","85","true","879","0.44935075226267274","55","true","879","0.5193646506152447","15","true","879","0.6788965514966931","5","true","879","0.6774731728974823","25","true","879","0.5260707776371726","35","true","879","0.560920493059627","45","true","879","0.3386060570256204","65","true","879","0.34318848403913815","75","true","879","0.19378722553112035","95","true","879","0.6068068282995231","105","true","879","0.44600749667476736","115","true","879","0.31901263505308647","125","true","879","0.2885175778725206","135","true"
"880","0.2664261115459442","0","true","880","0.25172114774092114","85","true","880","0.4490609674482113","55","true","880","0.5191914503656565","15","true","880","0.6791616943243974","5","true","880","0.6781563190721618","25","true","880","0.525606964295385","35","true","880","0.5615303552849504","45","true","880","0.3388402695637268","65","true","880","0.34292681519142637","75","true","880","0.1936049476598646","95","true","880","0.6074407385350165","105","true","880","0.4463564112971376","115","true","880","0.3187329050238278","125","true","880","0.28850235680374464","135","true"
"881","0.2661240411246903","0","true","881","0.2514357496142307","85","true","881","0.44855182802933574","55","true","881","0.5186027979276002","15","true","881","0.6783916697276577","5","true","881","0.6773874343566604","25","true","881","0.5250110380320115","35","true","881","0.5608936995533348","45","true","881","0.3384560969224981","65","true","881","0.3425380092785109","75","true","881","0.19338544091648607","95","true","881","0.6067520302146819","105","true","881","0.445850338268456","115","true","881","0.3183715298480638","125","true","881","0.28817525662596266","135","true"
"882","0.2659664544395122","0","true","882","0.2512201160262932","85","true","882","0.4482604146363436","55","true","882","0.5184201591423556","15","true","882","0.6786288050508312","5","true","882","0.6780656325842614","25","true","882","0.5245494753881728","35","true","882","0.5614977550742495","45","true","882","0.3386888597482931","65","true","882","0.34227503088141936","75","true","882","0.19320760199401674","95","true","882","0.6074436566893082","105","true","882","0.4462417120489498","115","true","882","0.3180893438805263","125","true","882","0.288166392511808","135","true"
"883","0.2656655874096033","0","true","883","0.25093593037467976","85","true","883","0.44775333271933415","55","true","883","0.5178337109985295","15","true","883","0.6778611254071085","5","true","883","0.6772985900134648","25","true","883","0.5239560936286838","35","true","883","0.5608625766182832","45","true","883","0.3383057275540077","65","true","883","0.34188784193245847","75","true","883","0.1929890413582769","95","true","883","0.606756503231515","105","true","883","0.44573691373215235","115","true","883","0.31772951430600077","125","true","883","0.28784041242978103","135","true"
"884","0.26550634500714615","0","true","884","0.2507225223908314","85","true","884","0.4474634866986084","55","true","884","0.51765246451751","15","true","884","0.6780802788144547","5","true","884","0.6779676865815506","25","true","884","0.5234937101032274","35","true","884","0.5614795384611642","45","true","884","0.33854554874192166","65","true","884","0.3416248912720802","75","true","884","0.19280964488264973","95","true","884","0.6073926172422475","105","true","884","0.4461096529393271","115","true","884","0.31745126368131943","125","true","884","0.2878236310240656","135","true"
"885","0.26520667644619","0","true","885","0.2504395398599163","85","true","885","0.4469584489032375","55","true","885","0.5170682066568807","15","true","885","0.6773149511859958","5","true","885","0.6772024860323616","25","true","885","0.5229028594146233","35","true","885","0.5608458143771222","45","true","885","0.33816344315643415","65","true","885","0.3412393101306896","75","true","885","0.19259202677330137","95","true","885","0.6067070725275271","105","true","885","0.4456061431730299","115","true","885","0.3170929665439816","125","true","885","0.28749877365270665","135","true"
"886","0.26505014039968944","0","true","886","0.25022465141862604","85","true","886","0.4466700902979965","55","true","886","0.5168853427644002","15","true","886","0.6775345699550613","5","true","886","0.6778894841267221","25","true","886","0.5224427058793192","35","true","886","0.5614457252357037","45","true","886","0.3383979552008387","65","true","886","0.3409763534007955","75","true","886","0.19241249692519685","95","true","886","0.6074004008395547","105","true","886","0.44595257816699446","115","true","886","0.31681605479753827","125","true","886","0.2874868299400208","135","true"
"887","0.26475166051185195","0","true","887","0.24994286690126272","85","true","887","0.4461670834395528","55","true","887","0.5163032646757015","15","true","887","0.6767715805744813","5","true","887","0.6771260950680208","25","true","887","0.5218543694988245","35","true","887","0.5608134665361139","45","true","887","0.33801687642245937","65","true","887","0.34059237102083967","75","true","887","0.19219581618541623","95","true","887","0.6067163913791498","105","true","887","0.4454503793177073","115","true","887","0.3164592799610546","125","true","887","0.28716308350990816","135","true"
"888","0.26459460654977485","0","true","888","0.24973017872758357","85","true","888","0.4458799885208875","55","true","888","0.5161214564193375","15","true","888","0.6769783423146596","5","true","888","0.677810392400567","25","true","888","0.5213964305833025","35","true","888","0.5614215842560251","45","true","888","0.3382487491502786","65","true","888","0.3403333287382072","75","true","888","0.19201714919021048","95","true","888","0.6073407243500433","105","true","888","0.44583241137861307","115","true","888","0.31618368980714695","125","true","888","0.28713858664447023","135","true"
"889","0.26429730923904476","0","true","889","0.24944958302114809","85","true","889","0.44537899976974044","55","true","889","0.5155415446705517","15","true","889","0.6762176924918342","5","true","889","0.6770488076900044","25","true","889","0.5208105918972539","35","true","889","0.5607907734871981","45","true","889","0.3378686943759524","65","true","889","0.339950931739625","75","true","889","0.19180139958437878","95","true","889","0.6066583190417848","105","true","889","0.44533147608492923","115","true","889","0.3158284272343299","125","true","889","0.286815959019027","135","true"
"890","0.26413613419606924","0","true","890","0.24923808080508225","85","true","890","0.4450814703926771","55","true","890","0.5153545559928132","15","true","890","0.6763876742915779","5","true","890","0.6776881770154914","25","true","890","0.5203548523705452","35","true","890","0.5613862150401849","45","true","890","0.3381076241786417","65","true","890","0.33969186875037405","75","true","890","0.191622389739042","95","true","890","0.6073460300857182","105","true","890","0.44570159094445067","115","true","890","0.31555412370530156","125","true","890","0.28679814194407716","135","true"
"891","0.26384001745369695","0","true","891","0.24895866591628732","85","true","891","0.4445825001343893","55","true","891","0.5147768042484266","15","true","891","0.6756293921455111","5","true","891","0.6769284369067297","25","true","891","0.5197714949127307","35","true","891","0.5607568582968664","45","true","891","0.3377285797569168","65","true","891","0.3393110482697122","75","true","891","0.19140756643215964","95","true","891","0.6066651488860706","105","true","891","0.4452019254837506","115","true","891","0.31520036347693237","125","true","891","0.28647661936342234","135","true"
"892","0.26367971546992774","0","true","892","0.24874818712859437","85","true","892","0.44428902762109995","55","true","892","0.514587324117298","15","true","892","0.6758031952013972","5","true","892","0.6776195936140889","25","true","892","0.5193133908280025","35","true","892","0.5613631843828201","45","true","892","0.33796169317828645","65","true","892","0.3390505952184952","75","true","892","0.19123062013765968","95","true","892","0.6072994263351924","105","true","892","0.4455383246297807","115","true","892","0.3149260723527327","125","true","892","0.28645295377606833","135","true"
"893","0.2633847717166057","0","true","893","0.24846994530854002","85","true","893","0.4437920600286826","55","true","893","0.5140117230836098","15","true","893","0.6750472632157133","5","true","893","0.6768616298628427","25","true","893","0.5187325033662262","35","true","893","0.5607352613577834","45","true","893","0.3375836599644405","65","true","893","0.3386713439934185","75","true","893","0.1910167156408614","95","true","893","0.6066201204891799","105","true","893","0.4450399596134163","115","true","893","0.31457380605256186","125","true","893","0.2861325366018222","135","true"
"894","0.2632255540081749","0","true","894","0.2482580911858247","85","true","894","0.44349752227671835","55","true","894","0.5138207471517694","15","true","894","0.6752216971943695","5","true","894","0.6775394613930714","25","true","894","0.5182750637465916","35","true","894","0.561320545616496","45","true","894","0.3378139550734819","65","true","894","0.33841480106777483","75","true","894","0.1908416793478237","95","true","894","0.6073005780412697","105","true","894","0.4454120836053789","115","true","894","0.3142985050354751","125","true","894","0.28611556275672373","135","true"
"895","0.2629317754880765","0","true","895","0.24798101742334053","85","true","895","0.4430025473634631","55","true","895","0.5132472864964661","15","true","895","0.6744681015501793","5","true","895","0.676783278958481","25","true","895","0.5176966317558029","35","true","895","0.5606940717932632","45","true","895","0.3374369305700517","65","true","895","0.3380371059772974","75","true","895","0.19062868640212302","95","true","895","0.6066227872175629","105","true","895","0.44491497190492646","115","true","895","0.31394772545396227","125","true","895","0.2857962373518613","135","true"
"896","0.2627750077955798","0","true","896","0.24776663854230377","85","true","896","0.4427024954452384","55","true","896","0.5130498533450235","15","true","896","0.6746101182281139","5","true","896","0.6774428967254442","25","true","896","0.5172383726071003","35","true","896","0.5613014801397745","45","true","896","0.3376704727107978","65","true","896","0.3377740729870183","75","true","896","0.1904499613100011","95","true","896","0.6072460937153414","105","true","896","0.44526512406493257","115","true","896","0.3136759469061274","125","true","896","0.28577343580504355","135","true"
"897","0.26248238529246665","0","true","897","0.24749072914526335","85","true","897","0.44220950825654654","55","true","897","0.5124785283412986","15","true","897","0.6738588820162785","5","true","897","0.6766885059718524","25","true","897","0.5166623833280277","35","true","897","0.5606764228122247","45","true","897","0.33729444768550737","65","true","897","0.33739793259393697","75","true","897","0.19023787894774052","95","true","897","0.6065698731210036","105","true","897","0.44476928316953734","115","true","897","0.3133266418427575","125","true","897","0.2854552025803163","135","true"
"898","0.26232320439743473","0","true","898","0.24727972726384667","85","true","898","0.44191487327268797","55","true","898","0.5122832232473552","15","true","898","0.6740248715388433","5","true","898","0.6773416327683537","25","true","898","0.5162047866680041","35","true","898","0.5612630581934344","45","true","898","0.3375227959832956","65","true","898","0.3371375100336203","75","true","898","0.19006450841316952","95","true","898","0.6072526223323259","105","true","898","0.44509594196013214","115","true","898","0.31305132690070275","125","true","898","0.2854342712831223","135","true"
"899","0.2620317341703265","0","true","899","0.2470049720113313","85","true","899","0.44142385674682943","55","true","899","0.5117140196659692","15","true","899","0.6732759550149112","5","true","899","0.6765890309541667","25","true","899","0.5156312257939285","35","true","899","0.5606394325732195","45","true","899","0.33714777065442525","65","true","899","0.3367629128002496","75","true","899","0.18985332562604376","95","true","899","0.6065778971964011","105","true","899","0.44460139091350975","115","true","899","0.31270349209303533","125","true","899","0.28511712209280776","135","true"
"900","0.26186746277471123","0","true","900","0.24679716747717562","85","true","900","0.4411238159427651","55","true","900","0.5115195480150665","15","true","900","0.6734135434378968","5","true","900","0.6772680554269409","25","true","900","0.515172810627224","35","true","900","0.5612482600530222","45","true","900","0.3373774112439539","65","true","900","0.3365011543401532","75","true","900","0.18967739533356598","95","true","900","0.6072028123500001","105","true","900","0.444964009806106","115","true","900","0.3124330821531081","125","true","900","0.2850903629212824","135","true"
"901","0.26157714407983906","0","true","901","0.24652355642675744","85","true","901","0.440634765149037","55","true","901","0.5109524531724777","15","true","901","0.6726669652300943","5","true","901","0.6765172039242503","25","true","901","0.5146016656043557","35","true","901","0.5606260336006352","45","true","901","0.33700337863725327","65","true","901","0.3361280931934346","75","true","901","0.18946710997288574","95","true","901","0.6065296385003881","105","true","901","0.44447070159124336","115","true","901","0.3120867040132488","125","true","901","0.2847742982173786","135","true"
"902","0.26141457308922594","0","true","902","0.24631100742535927","85","true","902","0.44033743235628237","55","true","902","0.5107562948936103","15","true","902","0.6727792675865746","5","true","902","0.6771601427918391","25","true","902","0.5141454059088838","35","true","902","0.5612108078399148","45","true","902","0.3372263685860913","65","true","902","0.3358702304666083","75","true","902","0.18929203393452862","95","true","902","0.6072080631232936","105","true","902","0.44480907285745525","115","true","902","0.3118164153781952","125","true","902","0.2847513985738116","135","true"
"903","0.2611253976765166","0","true","903","0.2460385394967914","85","true","903","0.4398503334266847","55","true","903","0.5101912989921793","15","true","903","0.6720350427330496","5","true","903","0.6764110718374234","25","true","903","0.513576660990843","35","true","903","0.5605899994241628","45","true","903","0.3368533305677438","65","true","903","0.33549869260104787","75","true","903","0.1890826400916807","95","true","903","0.6065363727879801","105","true","903","0.44431702742287843","115","true","903","0.31147148571516625","125","true","903","0.2844364080886636","135","true"
"904","0.26095924028489675","0","true","904","0.2458258866655625","85","true","904","0.4395408322655728","55","true","904","0.5099890569473312","15","true","904","0.6721712731577033","5","true","904","0.6770621928934588","25","true","904","0.5131225422058732","35","true","904","0.5611960090343693","45","true","904","0.3370799564993595","65","true","904","0.33523948801281844","75","true","904","0.18891179249688092","95","true","904","0.6071548147944074","105","true","904","0.44462495597767315","115","true","904","0.31119882354923006","125","true","904","0.2844062471487917","135","true"
"905","0.2606712058033461","0","true","905","0.24555455566482787","85","true","905","0.4390556878590986","55","true","905","0.509426155118471","15","true","905","0.6714293622601782","5","true","905","0.6763148836297795","25","true","905","0.5125561817840124","35","true","905","0.5605765873908435","45","true","905","0.336707903567241","65","true","905","0.3348694665028705","75","true","905","0.18870328058463273","95","true","905","0.6064846659922061","105","true","905","0.44413419995562275","115","true","905","0.31085533698902124","125","true","905","0.2840923329687158","135","true"
"906","0.2605047999243349","0","true","906","0.24534173662293002","85","true","906","0.43874827770329416","55","true","906","0.50922966075609","15","true","906","0.6715563259227783","5","true","906","0.676971516539264","25","true","906","0.5121041894783996","35","true","906","0.561146742883266","45","true","906","0.3369279935433039","65","true","906","0.3346103244176947","75","true","906","0.18853095596100436","95","true","906","0.6071608305258569","105","true","906","0.4444601667917722","115","true","906","0.3105863829742938","125","true","906","0.2840644053037222","135","true"
"907","0.26021790036494685","0","true","907","0.24507153647246424","85","true","907","0.4382650747542817","55","true","907","0.5086688351385172","15","true","907","0.6708167264448898","5","true","907","0.6762259531950577","25","true","907","0.5115401980802956","35","true","907","0.5605287398624695","45","true","907","0.3365569274711196","65","true","907","0.33424181084454746","75","true","907","0.18832332274959357","95","true","907","0.6064921511970839","105","true","907","0.4439706732160103","115","true","907","0.31024432748643666","125","true","907","0.2837515590423745","135","true"
"908","0.26004951232208506","0","true","908","0.2448608532433994","85","true","908","0.4379563998015156","55","true","908","0.5084722295456472","15","true","908","0.6709204629002014","5","true","908","0.6768643860140363","25","true","908","0.5110888218412747","35","true","908","0.5611385180948747","45","true","908","0.33678006781614456","65","true","908","0.3339813236563968","75","true","908","0.18815179154855585","95","true","908","0.6071126165673366","105","true","908","0.4442892561635603","115","true","908","0.3099766413873526","125","true","908","0.28371801280324266","135","true"
"909","0.2597637436272256","0","true","909","0.24459177538269236","85","true","909","0.4374751290325029","55","true","909","0.5079134688538388","15","true","909","0.6701831876662451","5","true","909","0.6761205789964384","25","true","909","0.5105271857733172","35","true","909","0.5605218823607045","45","true","909","0.3364099798295334","65","true","909","0.3336143112128183","75","true","909","0.18794503133806295","95","true","909","0.6064454598458341","105","true","909","0.44380102621173223","115","true","909","0.3096360077154984","125","true","909","0.2834062347671951","135","true"
"910","0.25959940123211156","0","true","910","0.2443797875399192","85","true","910","0.4371708526312029","55","true","910","0.5077158757028285","15","true","910","0.670285992284145","5","true","910","0.676769083633232","25","true","910","0.510077912459417","35","true","910","0.5610762256296151","45","true","910","0.33663355719996313","65","true","910","0.3333550012935115","75","true","910","0.18777203535930365","95","true","910","0.6071118352001671","105","true","910","0.4440855361805366","115","true","910","0.30937198815796935","125","true","910","0.28337522343568755","135","true"
"911","0.25931475276584826","0","true","911","0.24411182724656402","85","true","911","0.43669149862612483","55","true","911","0.5071591696987684","15","true","911","0.669551029573307","5","true","911","0.676027012269599","25","true","911","0.509518616502773","35","true","911","0.5604610104699335","45","true","911","0.33626444145741935","65","true","911","0.3329894804587598","75","true","911","0.1875661449696553","95","true","911","0.6064461423984125","105","true","911","0.44359860028560183","115","true","911","0.3090327644867435","125","true","911","0.28306450498893787","135","true"
"912","0.25914809902578934","0","true","912","0.24390195716051236","85","true","912","0.4363858995506196","55","true","912","0.5069561192559746","15","true","912","0.6696291324002368","5","true","912","0.6766888533856807","25","true","912","0.5090714320343256","35","true","912","0.5610624159080188","45","true","912","0.33648484006964013","65","true","912","0.33272889916442566","75","true","912","0.1873961946038685","95","true","912","0.6070586676350581","105","true","912","0.4439179012616828","115","true","912","0.3087675781767022","125","true","912","0.28302485731060906","135","true"
"913","0.2588645671887808","0","true","913","0.2436351060038816","85","true","913","0.43590845327102373","55","true","913","0.5064014626703554","15","true","913","0.6688964965879828","5","true","913","0.6759484935898539","25","true","913","0.5085144611021217","35","true","913","0.5604485620612923","45","true","913","0.33611669473039546","65","true","913","0.33236486316971625","75","true","913","0.18719116594456447","95","true","913","0.6063944896617156","105","true","913","0.4434322142799961","115","true","913","0.30842975806928785","125","true","913","0.2827152021056741","135","true"
"914","0.25869429024776347","0","true","914","0.24342619789636918","85","true","914","0.4356045050951439","55","true","914","0.5061897731034064","15","true","914","0.668920734642045","5","true","914","0.6765625842782251","25","true","914","0.5080693515236606","35","true","914","0.5610166592274367","45","true","914","0.3363332732027398","65","true","914","0.3321055340938277","75","true","914","0.18702089266900063","95","true","914","0.6070546997050849","105","true","914","0.44374424539506147","115","true","914","0.3081669902299812","125","true","914","0.28267958426796447","135","true"
"915","0.2584118729003314","0","true","915","0.24316044877202816","85","true","915","0.43512895432538945","55","true","915","0.5056371641808044","15","true","915","0.6681904718313004","5","true","915","0.6758239788368734","25","true","915","0.5075146906595518","35","true","915","0.56040419562566","45","true","915","0.3359660971402914","65","true","915","0.3317429734670877","75","true","915","0.1868167213887943","95","true","915","0.6063919762337912","105","true","915","0.44325980844594026","115","true","915","0.30783056338475195","125","true","915","0.28237098210173306","135","true"
"916","0.2582440163309803","0","true","916","0.2429513911393051","85","true","916","0.4348262590425675","55","true","916","0.5054267408667646","15","true","916","0.6682345080407206","5","true","916","0.6764613339266544","25","true","916","0.5070716421384512","35","true","916","0.5610122358093297","45","true","916","0.33618870060373224","65","true","916","0.33148617665404184","75","true","916","0.18664832961084177","95","true","916","0.6070148994060862","105","true","916","0.4435455869364215","115","true","916","0.30756784484607613","125","true","916","0.28232278329784033","135","true"
"917","0.25796270476634964","0","true","917","0.2426867382077808","85","true","917","0.4343525920937194","55","true","917","0.5048761670749707","15","true","917","0.6675065837400227","5","true","917","0.6757244479419848","25","true","917","0.5065192765152067","35","true","917","0.5604011113694503","45","true","917","0.3358224819756236","65","true","917","0.3311250806010418","75","true","917","0.18644500899035066","95","true","917","0.6063536631322234","105","true","917","0.4430624218090398","115","true","917","0.3072328036207536","125","true","917","0.2820152421395638","135","true"
"918","0.2577927102849258","0","true","918","0.24247977134099327","85","true","918","0.4340430411102454","55","true","918","0.5046645865108009","15","true","918","0.6675090535171418","5","true","918","0.6763604401132466","25","true","918","0.5060768119312908","35","true","918","0.5609606915763592","45","true","918","0.33603686451085457","65","true","918","0.33086689384279844","75","true","918","0.18627407315447328","95","true","918","0.6070067884986202","105","true","918","0.44337400075456407","115","true","918","0.3069736542301919","125","true","918","0.2819763626442311","135","true"
"919","0.25751250081722477","0","true","919","0.24221620637214436","85","true","919","0.4335712551959951","55","true","919","0.5041160380472022","15","true","919","0.6667835001981014","5","true","919","0.6756252657218191","25","true","919","0.5055267284400612","35","true","919","0.560350951694211","45","true","919","0.3356716070494297","65","true","919","0.3305072559147084","75","true","919","0.1860716013358271","95","true","919","0.6063469985111217","105","true","919","0.4428920724928743","115","true","919","0.3066399872147243","125","true","919","0.2816698665978787","135","true"
"920","0.2573436686331716","0","true","920","0.24200789535406253","85","true","920","0.43326476057334257","55","true","920","0.5038950477856777","15","true","920","0.6667671056838564","5","true","920","0.676258704688192","25","true","920","0.5050848273346759","35","true","920","0.5609578586018902","45","true","920","0.33588548132902823","65","true","920","0.33024901775693244","75","true","920","0.18590366729834903","95","true","920","0.6069622624825184","105","true","920","0.44319866571616723","115","true","920","0.30637966672166894","125","true","920","0.28161669100287434","135","true"
"921","0.2570645540251096","0","true","921","0.24174541390573925","85","true","921","0.4327948421779268","55","true","921","0.503348523872678","15","true","921","0.6660439309488414","5","true","921","0.6755252353772504","25","true","921","0.5045370129883259","35","true","921","0.5603494444385476","45","true","921","0.33552118037313994","65","true","921","0.32989083010209846","75","true","921","0.1857020364227543","95","true","921","0.6063039520026025","105","true","921","0.4427179730201627","115","true","921","0.3060473677339014","125","true","921","0.281311249906342","135","true"
"922","0.2568981182048784","0","true","922","0.2415369488534619","85","true","922","0.4324912322759637","55","true","922","0.5031258499922179","15","true","922","0.6660332431462158","5","true","922","0.6761428448415614","25","true","922","0.504097141696226","35","true","922","0.5609063367070506","45","true","922","0.33573614333136054","65","true","922","0.3296337871261282","75","true","922","0.18553259688334156","95","true","922","0.6069454440952379","105","true","922","0.4429903524852957","115","true","922","0.30579067857341885","125","true","922","0.28126780341623175","135","true"
"923","0.2566200899384229","0","true","923","0.24127554522916164","85","true","923","0.43202316817176895","55","true","923","0.5025813414965553","15","true","923","0.6653124279480057","5","true","923","0.6754110885159753","25","true","923","0.5035515820190656","35","true","923","0.560299295217108","45","true","923","0.3353727925268894","65","true","923","0.3292770406032644","75","true","923","0.18533180402957172","95","true","923","0.6062885767314985","105","true","923","0.44251092569689177","115","true","923","0.3054597362805905","125","true","923","0.2809634010315822","135","true"
"924","0.25645077582187675","0","true","924","0.24106979369840875","85","true","924","0.4317166445802497","55","true","924","0.5023534856855658","15","true","924","0.6653066164390105","5","true","924","0.676056825420998","25","true","924","0.5031137271308073","35","true","924","0.5609112237736278","45","true","924","0.3355877038633748","65","true","924","0.3290212669317129","75","true","924","0.18516095929239787","95","true","924","0.6069064280589921","105","true","924","0.4428126573509683","115","true","924","0.305205326883089","125","true","924","0.28090813567193046","135","true"
"925","0.2561738311395637","0","true","925","0.24080945914797852","85","true","925","0.43125042790143736","55","true","925","0.5018109873208946","15","true","925","0.6645881427711497","5","true","925","0.6753267424561804","25","true","925","0.5025704077710548","35","true","925","0.5603054881108053","45","true","925","0.33522529813566054","65","true","925","0.3286659523885901","75","true","925","0.18496100145298922","95","true","925","0.6062510215492092","105","true","925","0.44233445793698234","115","true","925","0.3048757314976861","125","true","925","0.2806047791539262","135","true"
"926","0.25600510528886655","0","true","926","0.240604049329042","85","true","926","0.4309437720046253","55","true","926","0.5015785134220382","15","true","926","0.6645509204994745","5","true","926","0.6759471918255189","25","true","926","0.5021345559939341","35","true","926","0.560863509305892","45","true","926","0.33543132945016013","65","true","926","0.32841266434026417","75","true","926","0.1847941823400383","95","true","926","0.6068846991541785","105","true","926","0.44264466131388713","115","true","926","0.3046190209449458","125","true","926","0.2805606554528643","135","true"
"927","0.2557292377185122","0","true","927","0.24034477772416157","85","true","927","0.4304793929399651","55","true","927","0.5010380193342989","15","true","927","0.6638348095937638","5","true","927","0.6752188004550173","25","true","927","0.5015934627223889","35","true","927","0.5602591305243123","45","true","927","0.33506987327618365","65","true","927","0.32805877138300094","75","true","927","0.18459505067803395","95","true","927","0.6062307285731934","105","true","927","0.44216767353229885","115","true","927","0.30429076768961716","125","true","927","0.28025832716035043","135","true"
"928","0.25555893678570296","0","true","928","0.2401420550590698","85","true","928","0.4301666625121863","55","true","928","0.500792952869847","15","true","928","0.6637994813891785","5","true","928","0.6758414432076556","25","true","928","0.5011596008791788","35","true","928","0.560865362922872","45","true","928","0.33527813101125753","65","true","928","0.3278041287113603","75","true","928","0.18442791887848403","95","true","928","0.6068331794048567","105","true","928","0.44243729281442334","115","true","928","0.30403520461388484","125","true","928","0.28020355635127897","135","true"
"929","0.2552841422300194","0","true","929","0.2398838377955654","85","true","929","0.42970411771378614","55","true","929","0.5002544658237504","15","true","929","0.6630857185059643","5","true","929","0.6751147319784001","25","true","929","0.5006207195879109","35","true","929","0.5602622818874711","45","true","929","0.3349176168918906","65","true","929","0.32745165115360614","75","true","929","0.1842296092882921","95","true","929","0.6061806706097977","105","true","929","0.44196155378989166","115","true","929","0.3037082850390312","125","true","929","0.2799022622046647","135","true"
"930","0.255117145730545","0","true","930","0.2396802695043981","85","true","930","0.42940038283513376","55","true","930","0.5000115886897482","15","true","930","0.663061867059252","5","true","930","0.6757395679730028","25","true","930","0.500187383896404","35","true","930","0.5608123347546172","45","true","930","0.3351182176320243","65","true","930","0.3271968991483311","75","true","930","0.18406222769812491","95","true","930","0.606815141532425","105","true","930","0.44226771219050737","115","true","930","0.30345387902952997","125","true","930","0.2798539709154065","135","true"
"931","0.25484341488748646","0","true","931","0.23942310183325605","85","true","931","0.42893965281063257","55","true","931","0.49947509556883646","15","true","931","0.6623504272877292","5","true","931","0.6750145255180962","25","true","931","0.49965070215402596","35","true","931","0.5602106047817046","45","true","931","0.3347586487289857","65","true","931","0.3268458295140518","75","true","931","0.1838647360375046","95","true","931","0.6061640523247722","105","true","931","0.44179317601862916","115","true","931","0.3031282847387258","125","true","931","0.2795536984144243","135","true"
"932","0.2546726837364515","0","true","932","0.23922273858116255","85","true","932","0.4286359760680052","55","true","932","0.49923269672934195","15","true","932","0.6622971000190928","5","true","932","0.6756398459971689","25","true","932","0.4992193350464601","35","true","932","0.5608218389338544","45","true","932","0.3349651853482223","65","true","932","0.3265923297423891","75","true","932","0.18369488640272674","95","true","932","0.6067688688266119","105","true","932","0.4420954886902922","115","true","932","0.3028774190770719","125","true","932","0.2794961687871061","135","true"
"933","0.25440001491018127","0","true","933","0.23896661145206066","85","true","933","0.42817705104009507","55","true","933","0.49869818634740476","15","true","933","0.6615880024815991","5","true","933","0.6749164628644095","25","true","933","0.49868483897039323","35","true","933","0.5602213872861735","45","true","933","0.3346065502461364","65","true","933","0.3262426591537998","75","true","933","0.18349821093548613","95","true","933","0.606119223356776","105","true","933","0.4416221530492962","115","true","933","0.30255313918512644","125","true","933","0.2791969223537152","135","true"
"934","0.2542316485665548","0","true","934","0.23876606384576432","85","true","934","0.4278730524165284","55","true","934","0.4984513463939668","15","true","934","0.6615261133230669","5","true","934","0.6755314881177109","25","true","934","0.4982540055239805","35","true","934","0.5607710083849478","45","true","934","0.3348041316073113","65","true","934","0.325990316431812","75","true","934","0.18333020593237123","95","true","934","0.6067399381678411","105","true","934","0.441893378231552","115","true","934","0.3022998432919226","125","true","934","0.27914125007537716","135","true"
"935","0.2539600335574025","0","true","935","0.23851097189721115","85","true","935","0.4274159230870236","55","true","935","0.4979188129042297","15","true","935","0.6608193546549866","5","true","935","0.6748097664423715","25","true","935","0.49772168286850615","35","true","935","0.5601718940597502","45","true","935","0.3344464348855086","65","true","935","0.3256420361792139","75","true","935","0.18313434032774262","95","true","935","0.6060917117381746","105","true","935","0.44142126992147557","115","true","935","0.3019768733738757","125","true","935","0.27884302224410007","135","true"
"936","0.25379406330093424","0","true","936","0.23830680858366698","85","true","936","0.42710268249773053","55","true","936","0.4976691934868755","15","true","936","0.6607467480826694","5","true","936","0.6754158197148425","25","true","936","0.49729279693863","35","true","936","0.5607613098102631","45","true","936","0.33463756167958325","65","true","936","0.32538964407757776","75","true","936","0.18296708226231606","95","true","936","0.606685661429306","105","true","936","0.4417176884789342","115","true","936","0.30172356509135795","125","true","936","0.2787774355458073","135","true"
"937","0.25352349393707396","0","true","937","0.23805275015234112","85","true","937","0.4266473491475197","55","true","937","0.49713862931471464","15","true","937","0.660042327242496","5","true","937","0.6746957602055517","25","true","937","0.4967626340421069","35","true","937","0.5601634832539621","45","true","937","0.3342808052172383","65","true","937","0.3250427468024418","75","true","937","0.18277202140702573","95","true","937","0.6060388750098719","105","true","937","0.4412467740988927","115","true","937","0.30140189817761454","125","true","937","0.2784802314567393","135","true"
"938","0.25335682319869496","0","true","938","0.23785060615342635","85","true","938","0.42633639811557517","55","true","938","0.4968911392577569","15","true","938","0.6599430920844251","5","true","938","0.6753309898090976","25","true","938","0.496334233310498","35","true","938","0.5607166826539018","45","true","938","0.33448224061691867","65","true","938","0.3247864931475899","75","true","938","0.18260120537271154","95","true","938","0.6066717020310939","105","true","938","0.4415617535987679","115","true","938","0.3011543362539498","125","true","938","0.2784255595830981","135","true"
"939","0.25308729466337715","0","true","939","0.23759757359368866","85","true","939","0.42588284875587773","55","true","939","0.4963625316628018","15","true","939","0.6592410249651864","5","true","939","0.6746125525858964","25","true","939","0.4958062181686783","35","true","939","0.5601201755446955","45","true","939","0.33412640844604957","65","true","939","0.3244409756016882","75","true","939","0.18240694877125121","95","true","939","0.6060263066034012","105","true","939","0.4410920070523862","115","true","939","0.3008339593004881","125","true","939","0.2781293621792863","135","true"
"940","0.252924521310462","0","true","940","0.2373941198074746","85","true","940","0.42557975196332276","55","true","940","0.49611277577165924","15","true","940","0.6591487326953729","5","true","940","0.6751952246480383","25","true","940","0.4953783142876866","35","true","940","0.5607027606148266","45","true","940","0.3343208362487696","65","true","940","0.32418716214646615","75","true","940","0.1822413356595259","95","true","940","0.6066197682225087","105","true","940","0.4413475396816286","115","true","940","0.30058161387981575","125","true","940","0.27806481268275546","135","true"
"941","0.2526560239417672","0","true","941","0.2371421090645792","85","true","941","0.4251279687871409","55","true","941","0.4955861167740248","15","true","941","0.6584489994334882","5","true","941","0.6744784568936348","25","true","941","0.4948524349731561","35","true","941","0.5601075347543013","45","true","941","0.33396593090243337","65","true","941","0.3238430144159497","75","true","941","0.18204787351975996","95","true","941","0.6059757981925485","105","true","941","0.44087901787729566","115","true","941","0.3002625251177352","125","true","941","0.2777696271066591","135","true"
"942","0.2524911468660012","0","true","942","0.23694069637957577","85","true","942","0.4248229534605243","55","true","942","0.4953345715215579","15","true","942","0.6583345581577299","5","true","942","0.6751086188254126","25","true","942","0.49442501516001897","35","true","942","0.5606501813104137","45","true","942","0.33415152760657263","65","true","942","0.32359040649253606","75","true","942","0.1818828639368678","95","true","942","0.6065950228075105","105","true","942","0.4411734934231887","115","true","942","0.3000114581655045","125","true","942","0.2777159406962678","135","true"
"943","0.2522236774307618","0","true","943","0.23668969987917365","85","true","943","0.4243729291454178","55","true","943","0.49480985269579353","15","true","943","0.6576371698545967","5","true","943","0.6743934613902163","25","true","943","0.49390125984734945","35","true","943","0.5600562722200425","45","true","943","0.3337975535307182","65","true","943","0.3232476200449804","75","true","943","0.18169019141151097","95","true","943","0.6059524433341975","105","true","943","0.4407061486208336","115","true","943","0.29969364941744786","125","true","943","0.27742175008112346","135","true"
"944","0.25205676209917444","0","true","944","0.23649031394245232","85","true","944","0.4240636479063494","55","true","944","0.49455932411212056","15","true","944","0.6575000525798305","5","true","944","0.6749810215974432","25","true","944","0.4934743194945584","35","true","944","0.5606369429651639","45","true","944","0.3339825142291941","65","true","944","0.32299491682551223","75","true","944","0.1815259855361773","95","true","944","0.6065420514477676","105","true","944","0.4409974274789418","115","true","944","0.2994436346248275","125","true","944","0.27735507613506555","135","true"
"945","0.25179031731894275","0","true","945","0.23624032418141377","85","true","945","0.42361537766543356","55","true","945","0.49403653412891535","15","true","945","0.6568050208117757","5","true","945","0.6742675110037885","25","true","945","0.49295267645069524","35","true","945","0.5600443034905707","45","true","945","0.33362946717398356","65","true","945","0.3226534845667115","75","true","945","0.1813340976022067","95","true","945","0.6059008864885206","105","true","945","0.44053125683678646","115","true","945","0.29912709801317333","125","true","945","0.27706188895099043","135","true"
"946","0.2516243441200118","0","true","946","0.23603851318289468","85","true","946","0.42330938020247016","55","true","946","0.49378101040588995","15","true","946","0.6566654489475529","5","true","946","0.6748754636101619","25","true","946","0.4925276394390892","35","true","946","0.5605898021198777","45","true","946","0.33380116726809833","65","true","946","0.3224031997283484","75","true","946","0.18116840751763033","95","true","946","0.6065199035830106","105","true","946","0.44078801108602056","115","true","946","0.298878173339093","125","true","946","0.2770062708370829","135","true"
"947","0.25135891759667844","0","true","947","0.23578952740949502","85","true","947","0.4228628513204","55","true","947","0.493260144361158","15","true","947","0.6559727638748234","5","true","947","0.674163569661206","25","true","947","0.49200809551563024","35","true","947","0.5599984626661648","45","true","947","0.33344905633216154","65","true","947","0.3220631119649219","75","true","947","0.18097730160252734","95","true","947","0.6058801146551803","105","true","947","0.4403230448296007","115","true","947","0.2985629010043471","125","true","947","0.2767140701294488","135","true"
"948","0.2511937487666833","0","true","948","0.23558861674687578","85","true","948","0.4225564649209325","55","true","948","0.49300227669090296","15","true","948","0.655822599208045","5","true","948","0.6747502467566935","25","true","948","0.4915849496051394","35","true","948","0.5605746887280627","45","true","948","0.3336347249868207","65","true","948","0.32181272204467176","75","true","948","0.18081671035190813","95","true","948","0.6064716461442776","105","true","948","0.44060102382139776","115","true","948","0.29831042230580423","125","true","948","0.27664961750594147","135","true"
"949","0.25092933429429737","0","true","949","0.2353406287292475","85","true","949","0.4221116686420684","55","true","949","0.4924833269259652","15","true","949","0.6551322596299312","5","true","949","0.6740399833390548","25","true","949","0.49106749176344977","35","true","949","0.559984610108349","45","true","949","0.33328353053946613","65","true","949","0.3214739718109405","75","true","949","0.18062637697259035","95","true","949","0.60583325493781","105","true","949","0.4401372332700068","115","true","949","0.297996411334956","125","true","949","0.276358407382251","135","true"
"950","0.2507634204604486","0","true","950","0.23514123436189693","85","true","950","0.4218086439039718","55","true","950","0.49222415312788154","15","true","950","0.6549776840777378","5","true","950","0.6746348935255272","25","true","950","0.49064481831996126","35","true","950","0.5605260185891942","45","true","950","0.3334647541672294","65","true","950","0.3212234560191359","75","true","950","0.18046432200098228","95","true","950","0.6064436333356439","105","true","950","0.44041946810926064","115","true","950","0.2977473783619048","125","true","950","0.27630376293188114","135","true"
"951","0.2505000135061834","0","true","951","0.23489423726697897","85","true","951","0.42136556759735","55","true","951","0.4917071109502262","15","true","951","0.6542896823087486","5","true","951","0.673926243427286","25","true","951","0.4901294351074403","35","true","951","0.5599372307545416","45","true","951","0.3331144760641126","65","true","951","0.32088603642247715","75","true","951","0.18027475863753586","95","true","951","0.6058066127123922","105","true","951","0.43995684261754925","115","true","951","0.2974346185106843","125","true","951","0.2760135278867846","135","true"
"952","0.2503395072989381","0","true","952","0.23469240259868035","85","true","952","0.42106454483473227","55","true","952","0.49144866966917233","15","true","952","0.6541422352326643","5","true","952","0.6744958234576889","25","true","952","0.48970863302128964","35","true","952","0.5605119903130937","45","true","952","0.3332824066611121","65","true","952","0.32063545326533943","75","true","952","0.18011236643403822","95","true","952","0.606386614691311","105","true","952","0.4401926198010855","115","true","952","0.2971843943560589","125","true","952","0.2759460539946282","135","true"
"953","0.25007709691392876","0","true","953","0.23444639379092494","85","true","953","0.4206231773873164","55","true","953","0.49093352431312504","15","true","953","0.6534565515479341","5","true","953","0.6737888047748192","25","true","953","0.4891953116030283","35","true","953","0.5599244515391807","45","true","953","0.3329330540335847","65","true","953","0.32029935740237786","75","true","953","0.17992356940423315","95","true","953","0.605750989309035","105","true","953","0.4397312019606231","115","true","953","0.2968728803158534","125","true","953","0.275656802365703","135","true"
"954","0.24991127696496818","0","true","954","0.23424872187160978","85","true","954","0.4203179963292874","55","true","954","0.4906706393045285","15","true","954","0.6532852672844861","5","true","954","0.6743889478519933","25","true","954","0.4887749428111943","35","true","954","0.5604606323957261","45","true","954","0.33310453810484697","65","true","954","0.3200498862575194","75","true","954","0.17975859059754787","95","true","954","0.6063674932456788","105","true","954","0.44000309715958924","115","true","954","0.29662624352470585","125","true","954","0.27559557530875994","135","true"
"955","0.24964986349533955","0","true","955","0.23400369182781103","85","true","955","0.41987833315321077","55","true","955","0.4901573854977246","15","true","955","0.6526019144944396","5","true","955","0.6736835200822737","25","true","955","0.4882636719505131","35","true","955","0.5598743765040988","45","true","955","0.33275610239553227","65","true","955","0.3197151060417689","75","true","955","0.17957055859901488","95","true","955","0.605733217625129","105","true","955","0.4395428428738575","115","true","955","0.29631596502729507","125","true","955","0.2753072954182696","135","true"
"956","0.24948939902382392","0","true","956","0.23380360196578476","85","true","956","0.41957462182076966","55","true","956","0.4898951587862495","15","true","956","0.6524475263758458","5","true","956","0.6742298297729806","25","true","956","0.4878423271035017","35","true","956","0.5604604175612392","45","true","956","0.33292983980797386","65","true","956","0.31946552665160527","75","true","956","0.1794084047583576","95","true","956","0.606307178943007","105","true","956","0.439809363258075","115","true","956","0.2960669416633059","125","true","956","0.2752404488091555","135","true"
"957","0.24922897167619987","0","true","957","0.23355954810151985","85","true","957","0.4191366524869275","55","true","957","0.4893837859691449","15","true","957","0.6517664746781674","5","true","957","0.6735260408066205","25","true","957","0.48733309711696365","35","true","957","0.5598753858101314","45","true","957","0.33258231387915554","65","true","957","0.31913205532942196","75","true","957","0.179221130849424","95","true","957","0.6056742904472419","105","true","957","0.439350272064695","115","true","957","0.29575789475134","125","true","957","0.2749531414513171","135","true"
"958","0.24906621495735512","0","true","958","0.23336255182902602","85","true","958","0.41883292966377034","55","true","958","0.4891238924605376","15","true","958","0.65161495399826","5","true","958","0.6740883088634164","25","true","958","0.48691218174505735","35","true","958","0.560412674322758","45","true","958","0.3327408890881124","65","true","958","0.3188848459856421","75","true","958","0.17905862617828014","95","true","958","0.6062724195322251","105","true","958","0.43957156197444697","115","true","958","0.29551109815207993","125","true","958","0.27488329064482653","135","true"
"959","0.2488067709834412","0","true","959","0.23311946583753745","85","true","959","0.41839664536203724","55","true","959","0.4886143884058912","15","true","959","0.6509361884211784","5","true","959","0.6733861335416836","25","true","959","0.4864049815557396","35","true","959","0.5598289111203385","45","true","959","0.3323942839953123","65","true","959","0.3185526742710737","75","true","959","0.17887210677601112","95","true","959","0.605640885761879","105","true","959","0.43911367493072356","115","true","959","0.2952032740915049","125","true","959","0.27459695388373817","135","true"
"960","0.24864632033510395","0","true","960","0.23292111533778795","85","true","960","0.4180957238336746","55","true","960","0.48835485878488205","15","true","960","0.6507642719960892","5","true","960","0.6739427932840735","25","true","960","0.48598448837665076","35","true","960","0.5604093410683342","45","true","960","0.33255400254404416","65","true","960","0.31830411191402097","75","true","960","0.1787103034923966","95","true","960","0.606194396436562","105","true","960","0.4393689491944332","115","true","960","0.2949564871279617","125","true","960","0.2745262610897206","135","true"
"961","0.2483878522266475","0","true","961","0.23267899359627256","85","true","961","0.4176611128941386","55","true","961","0.4878472134015298","15","true","961","0.6500878018588792","5","true","961","0.6732422290498904","25","true","961","0.48547930699580183","35","true","961","0.5598267949757476","45","true","961","0.3322083123127094","65","true","961","0.31797323445880893","75","true","961","0.1785245339461467","95","true","961","0.6055642567313265","105","true","961","0.4389122247150211","115","true","961","0.2946498795529846","125","true","961","0.27424089075594754","135","true"
"962","0.2482253314608635","0","true","962","0.23248151243529852","85","true","962","0.41735600656649396","55","true","962","0.48758391459811057","15","true","962","0.6499156046545628","5","true","962","0.6738129515490017","25","true","962","0.4850592623093329","35","true","962","0.5603646757802295","45","true","962","0.33236669821351805","65","true","962","0.317728255289739","75","true","962","0.17836453983677727","95","true","962","0.6061674374749711","105","true","962","0.43916391460032494","115","true","962","0.2944018337009735","125","true","962","0.2741694261189947","135","true"
"963","0.24796783630374641","0","true","963","0.2322403490406561","85","true","963","0.41692306465096857","55","true","963","0.4870781221555814","15","true","963","0.6492414183426805","5","true","963","0.6731139754581832","25","true","963","0.4845560888007132","35","true","963","0.5597833846227811","45","true","963","0.3320219194809314","65","true","963","0.3173986616639198","75","true","963","0.17817951438051505","95","true","963","0.6055386330792503","105","true","963","0.4387083503735611","115","true","963","0.29409643760792276","125","true","963","0.273885018000614","135","true"
"964","0.24780623265680027","0","true","964","0.23204263080251883","85","true","964","0.41662076493868805","55","true","964","0.4868118941665268","15","true","964","0.6490760728408101","5","true","964","0.6736342608021701","25","true","964","0.4841378713759728","35","true","964","0.5603627094069614","45","true","964","0.3321826953140217","65","true","964","0.3171535517861906","75","true","964","0.17801696036053083","95","true","964","0.60610095800867","105","true","964","0.4389261291797659","115","true","964","0.29385295085936813","125","true","964","0.27381061497322123","135","true"
"965","0.24754970446564414","0","true","965","0.2318024210397833","85","true","965","0.4161894805029337","55","true","965","0.486307948106313","15","true","965","0.6484041514403538","5","true","965","0.6729369168468884","25","true","965","0.48363669345529375","35","true","965","0.5597826237864574","45","true","965","0.3318388208882308","65","true","965","0.3168252354799937","75","true","965","0.17783267779286982","95","true","965","0.6054735243047273","105","true","965","0.4384717543048386","115","true","965","0.29354875525806445","125","true","965","0.27352716713163405","135","true"
"966","0.2473804361131492","0","true","966","0.2316088241888781","85","true","966","0.41588716268674336","55","true","966","0.4860408877137737","15","true","966","0.6482136459368768","5","true","966","0.6734694130607091","25","true","966","0.48321888671773144","35","true","966","0.5603155228269224","45","true","966","0.3319941419154858","65","true","966","0.31658245283116493","75","true","966","0.1776719569843319","95","true","966","0.6060567734311623","105","true","966","0.4387114746308941","115","true","966","0.2933051221948813","125","true","966","0.2734512942276984","135","true"
"967","0.2471248778113794","0","true","967","0.2313695588746334","85","true","967","0.4154575271881001","55","true","967","0.4855387793586975","15","true","967","0.647544003740661","5","true","967","0.6727736801959769","25","true","967","0.4827196936529404","35","true","967","0.5597366844768946","45","true","967","0.33165117276061445","65","true","967","0.316255404842703","75","true","967","0.17748841157422413","95","true","967","0.6054306817230722","105","true","967","0.43825826029759773","115","true","967","0.2930021210355891","125","true","967","0.27316880322126486","135","true"
"968","0.24695943138799697","0","true","968","0.23117461798549882","85","true","968","0.41515658414597856","55","true","968","0.48526873535702225","15","true","968","0.6473490078981468","5","true","968","0.6732838233429925","25","true","968","0.4823022930598577","35","true","968","0.5603149954106521","45","true","968","0.3318004968584157","65","true","968","0.3160124543797974","75","true","968","0.17733261282778665","95","true","968","0.6059823059040269","105","true","968","0.43851496637095294","115","true","968","0.29275261687585086","125","true","968","0.27309175245062267","135","true"
"969","0.2467048340360506","0","true","969","0.23093629363706014","85","true","969","0.41472858766747756","55","true","969","0.48476845831026244","15","true","969","0.6466816377869116","5","true","969","0.6725897163086183","25","true","969","0.48180507420103313","35","true","969","0.5597373510854864","45","true","969","0.3314584344905205","65","true","969","0.3156866683443543","75","true","969","0.17714979570116007","95","true","969","0.6053575818773217","105","true","969","0.43806288908603447","115","true","969","0.2924508100543294","125","true","969","0.27281021456149834","135","true"
"970","0.24653882450005224","0","true","970","0.230742234256979","85","true","970","0.4144318081168504","55","true","970","0.4845011227144084","15","true","970","0.6464967009880297","5","true","970","0.6730814514490285","25","true","970","0.4813894752769907","35","true","970","0.5602662712161626","45","true","970","0.3316024177306948","65","true","970","0.31544235906777524","75","true","970","0.17699141343599534","95","true","970","0.6059370752700038","105","true","970","0.4382770534226091","115","true","970","0.29220586348192407","125","true","970","0.2727303759486886","135","true"
"971","0.24628518373410568","0","true","971","0.230504845127085","85","true","971","0.41400543794389066","55","true","971","0.48400266476922904","15","true","971","0.6458315809252848","5","true","971","0.6723889808199657","25","true","971","0.4808942186151831","35","true","971","0.5596898655873394","45","true","971","0.33126126297994307","65","true","971","0.3151178298917796","75","true","971","0.1768093235044768","95","true","971","0.605313683217257","105","true","971","0.4378261511042731","115","true","971","0.2919052401655846","125","true","971","0.27244978914215706","135","true"
"972","0.24611865856833823","0","true","972","0.230311628056634","85","true","972","0.4137086223265796","55","true","972","0.48372609614485834","15","true","972","0.6456399993095204","5","true","972","0.6729005096609649","25","true","972","0.48048041008521464","35","true","972","0.5602743540478029","45","true","972","0.3314074866995303","65","true","972","0.31487582363423194","75","true","972","0.17665272483637562","95","true","972","0.605874477914585","105","true","972","0.4380597688283519","115","true","972","0.29165907767524796","125","true","972","0.27237147285144486","135","true"
"973","0.24586597000717977","0","true","973","0.2300751684795738","85","true","973","0.4132838701475996","55","true","973","0.4832294574424509","15","true","973","0.6449771245669028","5","true","973","0.6722096467147011","25","true","973","0.47998710370935715","35","true","973","0.559699123704838","45","true","973","0.33106723260640963","65","true","973","0.31455254250113723","75","true","973","0.17647135653572224","95","true","973","0.6052524301959868","105","true","973","0.4376100154722653","115","true","973","0.2913596330369777","125","true","973","0.27209183068219284","135","true"
"974","0.24570172579565022","0","true","974","0.22988151449473895","85","true","974","0.41298844548020136","55","true","974","0.4829487387757114","15","true","974","0.6447799433657799","5","true","974","0.6727064175790934","25","true","974","0.47957507439166125","35","true","974","0.560220475335691","45","true","974","0.33120094294380475","65","true","974","0.31431039872501926","75","true","974","0.17631661143626562","95","true","974","0.6058169161856006","105","true","974","0.4378506019465391","115","true","974","0.29111107174583584","125","true","974","0.27201184145292556","135","true"
"975","0.2454499822241383","0","true","975","0.22964598015611729","85","true","975","0.4125653015811438","55","true","975","0.4824539142482772","15","true","975","0.6441193081779052","5","true","975","0.6720171692004263","25","true","975","0.4790837064875714","35","true","975","0.5596464789470273","45","true","975","0.3308615977153787","65","true","975","0.3139883593820633","75","true","975","0.17613595917044977","95","true","975","0.6051962021321318","105","true","975","0.4374019845265119","115","true","975","0.29081280220511263","125","true","975","0.2717331407956992","135","true"
"976","0.24528063884405485","0","true","976","0.22945529234840908","85","true","976","0.41226576897267275","55","true","976","0.48216825587083023","15","true","976","0.6439378845022675","5","true","976","0.6724685703645106","25","true","976","0.47867344529255434","35","true","976","0.5602208792719489","45","true","976","0.3309932851457891","65","true","976","0.31374849999814913","75","true","976","0.17597659421687978","95","true","976","0.6057468192973421","105","true","976","0.43760220924184084","115","true","976","0.29056879225279963","125","true","976","0.2716533428519291","135","true"
"977","0.2450298406448278","0","true","977","0.22922067548506717","85","true","977","0.4118442293315964","55","true","977","0.4816752412942752","15","true","977","0.6432794613074799","5","true","977","0.6717809746892912","25","true","977","0.47818400414194845","35","true","977","0.5596480562870082","45","true","977","0.3306548462039222","65","true","977","0.31342769376093216","75","true","977","0.17579665904896888","95","true","977","0.6051274462714757","105","true","977","0.43715476322012115","115","true","977","0.29027168714824664","125","true","977","0.2713755786976838","135","true"
"978","0.24486272919629387","0","true","978","0.2290286651960464","85","true","978","0.41154604517814736","55","true","978","0.48139134730319166","15","true","978","0.64308179582027","5","true","978","0.6722659553330577","25","true","978","0.4777755000712783","35","true","978","0.5601650144429863","45","true","978","0.3307858427147531","65","true","978","0.31318645136542567","75","true","978","0.17564121920017225","95","true","978","0.6057109052601044","105","true","978","0.43736844746829134","115","true","978","0.2900241541733152","125","true","978","0.27129460140268546","135","true"
"979","0.24461286926854256","0","true","979","0.22879496247645859","85","true","979","0.411126100234088","55","true","979","0.4809001316426782","15","true","979","0.6424255899061677","5","true","979","0.6715799696643505","25","true","979","0.47728797405079737","35","true","979","0.559593417489473","45","true","979","0.3304483061405543","65","true","979","0.3128668733538283","75","true","979","0.17546199346629454","95","true","979","0.6050928329077983","105","true","979","0.43692215313414","115","true","979","0.2897282111588526","125","true","979","0.27101777017676437","135","true"
"980","0.24444952059291805","0","true","980","0.2286016140678409","85","true","980","0.41082509743346535","55","true","980","0.4806079562419607","15","true","980","0.6422207107158753","5","true","980","0.6720446224293753","25","true","980","0.47687984756793333","35","true","980","0.5601659278553076","45","true","980","0.33058389677780503","65","true","980","0.31262913011154986","75","true","980","0.17530613147382895","95","true","980","0.6056370525686626","105","true","980","0.4371469806024119","115","true","980","0.28948289099437896","125","true","980","0.270930758389514","135","true"
"981","0.24420059032754848","0","true","981","0.2283688222001547","85","true","981","0.41040674193709725","55","true","981","0.4801185387712459","15","true","981","0.6415667181387715","5","true","981","0.6713602592700786","25","true","981","0.4763942265418968","35","true","981","0.5595954941202207","45","true","981","0.3302472532983979","65","true","981","0.3123107705085849","75","true","981","0.17512761199167637","95","true","981","0.6050203142259247","105","true","981","0.4367018207443647","115","true","981","0.28918810189968","125","true","981","0.27065486148687706","135","true"
"982","0.2440379934080707","0","true","982","0.22817413752704144","85","true","982","0.41010985435939074","55","true","982","0.47981901287800466","15","true","982","0.6413460807783767","5","true","982","0.6718036942818099","25","true","982","0.4759878396322521","35","true","982","0.560106551768019","45","true","982","0.33037071934662854","65","true","982","0.31207165092884703","75","true","982","0.17497033854549474","95","true","982","0.6055672870328452","105","true","982","0.43690033198240713","115","true","982","0.2889449557260311","125","true","982","0.2705698363830078","135","true"
"983","0.24378998731720883","0","true","983","0.22794225324093673","85","true","983","0.4096930760521149","55","true","983","0.4793313919299579","15","true","983","0.640694306306041","5","true","983","0.6711209669502226","25","true","983","0.475504112152951","35","true","983","0.559537337792645","45","true","983","0.3300349767456665","65","true","983","0.31175450494213075","75","true","983","0.17479252316079402","95","true","983","0.604951873123259","105","true","983","0.436456327579986","115","true","983","0.2886513124783421","125","true","983","0.2702948670370901","135","true"
"984","0.24362531254249903","0","true","984","0.2277494754963976","85","true","984","0.40940026454831907","55","true","984","0.4790360450018482","15","true","984","0.6404696966509592","5","true","984","0.6715628337280236","25","true","984","0.4750953205339304","35","true","984","0.5600946523401358","45","true","984","0.330166300278338","65","true","984","0.31151402936219674","75","true","984","0.1746348444614759","95","true","984","0.6055047080460213","105","true","984","0.4366665250668051","115","true","984","0.2884092267623336","125","true","984","0.2702064993905059","135","true"
"985","0.24337822804701983","0","true","985","0.22751849225552906","85","true","985","0.40898505129827006","55","true","985","0.47855020722801267","15","true","985","0.6398201330640921","5","true","985","0.6708817355193746","25","true","985","0.47461347943805415","35","true","985","0.5595266050253892","45","true","985","0.32983144601842085","65","true","985","0.31119809221274214","75","true","985","0.1744577300147604","95","true","985","0.6048906059080436","105","true","985","0.43622365840852234","115","true","985","0.28811672247555636","125","true","985","0.26993245628767576","135","true"
"986","0.2432128163819274","0","true","986","0.2273276084917859","85","true","986","0.40869218087456866","55","true","986","0.47824747953708263","15","true","986","0.6395950835692248","5","true","986","0.6713457753933124","25","true","986","0.47420505697827187","35","true","986","0.560062716312961","45","true","986","0.32995184586610155","65","true","986","0.31095986662713543","75","true","986","0.17429864691559993","95","true","986","0.6054606755166927","105","true","986","0.43643941044830453","115","true","986","0.28787667866847017","125","true","986","0.2698485076839227","135","true"
"987","0.24296664956372707","0","true","987","0.22709751981922338","85","true","987","0.40827852482105187","55","true","987","0.47776342338370503","15","true","987","0.6389477201243167","5","true","987","0.6706662756206471","25","true","987","0.4737250923457028","35","true","987","0.5594958512154783","45","true","987","0.3296178865079375","65","true","987","0.31064512992002297","75","true","987","0.17412223128107","95","true","987","0.6048478610677891","105","true","987","0.43599767015432855","115","true","987","0.28758530551192313","125","true","987","0.2695753816639997","135","true"
"988","0.24280213234926373","0","true","988","0.22690529747658475","85","true","988","0.4079855902692122","55","true","988","0.4774559701983845","15","true","988","0.6387149949145308","5","true","988","0.6711022181061671","25","true","988","0.47331701826728645","35","true","988","0.5600577362106522","45","true","988","0.32973917623657756","65","true","988","0.3104091451816066","75","true","988","0.17396584039517696","95","true","988","0.6053824550555013","105","true","988","0.4361863036856083","115","true","988","0.2873441140973455","125","true","988","0.26948809890716213","135","true"
"989","0.24255687767012307","0","true","989","0.22667610020640638","85","true","989","0.4075734836123746","55","true","989","0.4769736914406083","15","true","989","0.638069828253001","5","true","989","0.670424337077777","25","true","989","0.4728389202690367","35","true","989","0.559492021325591","45","true","989","0.32940610636159107","65","true","989","0.3100956005905141","75","true","989","0.1737901173240707","95","true","989","0.6047709576261522","105","true","989","0.43574571145966323","115","true","989","0.28705386751744916","125","true","989","0.2692158887062458","135","true"
"990","0.2423960564257835","0","true","990","0.22648256113306015","85","true","990","0.40728321969662545","55","true","990","0.4766677552654965","15","true","990","0.6378402932168848","5","true","990","0.6708541101945588","25","true","990","0.47243256397087613","35","true","990","0.5600279774469221","45","true","990","0.3295311061999272","65","true","990","0.3098582443589957","75","true","990","0.17363544443009976","95","true","990","0.6053213075495885","105","true","990","0.4359593679698442","115","true","990","0.2868125588162163","125","true","990","0.2691330020217626","135","true"
"991","0.24215170556245105","0","true","991","0.2262542520996599","85","true","991","0.4068726519348345","55","true","991","0.47618724341543045","15","true","991","0.6371973090503356","5","true","991","0.6701778459705723","25","true","991","0.4719563214668732","35","true","991","0.5594634331148183","45","true","991","0.3291989175848063","65","true","991","0.3095458872578274","75","true","991","0.17346040869982748","95","true","991","0.6047111046185909","105","true","991","0.4355198928005198","115","true","991","0.28652343325289353","125","true","991","0.2688616985923052","135","true"
"992","0.24198719297359886","0","true","992","0.226064720793941","85","true","992","0.406582308700436","55","true","992","0.47587666250003546","15","true","992","0.6369636433696966","5","true","992","0.6706285570397932","25","true","992","0.47155167243094687","35","true","992","0.5600202835525945","45","true","992","0.3293148202888959","65","true","992","0.30931076173203415","75","true","992","0.17330425807180164","95","true","992","0.6052428359784588","105","true","992","0.43572775003929054","115","true","992","0.2862854112858566","125","true","992","0.2687754861417103","135","true"
"993","0.24174374509334373","0","true","993","0.22583729149736761","85","true","993","0.4061732721725683","55","true","993","0.4753979133425908","15","true","993","0.6363228348753609","5","true","993","0.6699538804230529","25","true","993","0.4710772743701511","35","true","993","0.5594568828649158","45","true","993","0.3289835176527904","65","true","993","0.30899958390332993","75","true","993","0.17312990771156844","95","true","993","0.6046339397652009","105","true","993","0.4352893921418667","115","true","993","0.2859973977936173","125","true","993","0.2685050882683283","135","true"
"994","0.24158292805383585","0","true","994","0.2256453997433136","85","true","994","0.4058814973814043","55","true","994","0.47508900417860256","15","true","994","0.6360825085298394","5","true","994","0.6703715760062773","25","true","994","0.4706729601641401","35","true","994","0.5599962036415683","45","true","994","0.3290945154442161","65","true","994","0.30876548004025633","75","true","994","0.17297545719641397","95","true","994","0.6051823501889789","105","true","994","0.4354693494001049","115","true","994","0.28575925668678415","125","true","994","0.26842204537406783","135","true"
"995","0.24134037491321955","0","true","995","0.2254188481371456","85","true","995","0.40547398583784866","55","true","995","0.47461200718645535","15","true","995","0.6354438714730826","5","true","995","0.6696985121749457","25","true","995","0.4702003969511239","35","true","995","0.5594339584571892","45","true","995","0.3287640992640512","65","true","995","0.30845547453820793","75","true","995","0.17280178705866656","95","true","995","0.6045747373875843","105","true","995","0.43503213117781564","115","true","995","0.2854723498025605","125","true","995","0.2681525453285115","135","true"
"996","0.24117880896492092","0","true","996","0.225227872048097","85","true","996","0.40518349134137405","55","true","996","0.4743042547373925","15","true","996","0.6352020725310304","5","true","996","0.6701324221804361","25","true","996","0.4697977733226767","35","true","996","0.5599823551182361","45","true","996","0.3288840018701774","65","true","996","0.3082200359487506","75","true","996","0.17264905488949553","95","true","996","0.6050967383978343","105","true","996","0.4352433422119329","115","true","996","0.2852340597230027","125","true","996","0.2680649806773015","135","true"
"997","0.24093714683168954","0","true","997","0.22500219281758788","85","true","997","0.4047774958590681","55","true","997","0.4738289999731266","15","true","997","0.6345655975084543","5","true","997","0.6694609468075098","25","true","997","0.46932703407085036","35","true","997","0.5594212505539894","45","true","997","0.32855445878213113","65","true","997","0.3079111982373791","75","true","997","0.17247605984451606","95","true","997","0.6044904290407223","105","true","997","0.43480722663857424","115","true","997","0.2849482540519376","125","true","997","0.26779637849225413","135","true"
"998","0.24077483808093933","0","true","998","0.22481200174699414","85","true","998","0.40448565440065826","55","true","998","0.4735168254186308","15","true","998","0.6343248277371277","5","true","998","0.6698708428771589","25","true","998","0.4689260907328307","35","true","998","0.5599484114924087","45","true","998","0.3286608288569453","65","true","998","0.30767796378995094","75","true","998","0.17232289312123797","95","true","998","0.6050391762081213","105","true","998","0.4350109988761175","115","true","998","0.2847121050437428","125","true","998","0.26770803053316067","135","true"
"999","0.2405340632428584","0","true","999","0.22458718974524716","85","true","999","0.4040811687462576","55","true","999","0.4730433085932122","15","true","999","0.6336905029093906","5","true","999","0.6692009720342817","25","true","999","0.4684571646420979","35","true","999","0.5593884630809163","45","true","999","0.32833216802808834","65","true","999","0.307370285826161","75","true","999","0.17215057022811672","95","true","999","0.6044341370319132","105","true","999","0.4345759878772414","115","true","999","0.284427392938699","125","true","999","0.2674403225026275","135","true"
"1000","0.24037394841889898","0","true","1000","0.2243967342816888","85","true","1000","0.4037892472549824","55","true","1000","0.47273543849952365","15","true","1000","0.633437319991481","5","true","1000","0.6696217229237856","25","true","1000","0.468057891390097","35","true","1000","0.5599391632268579","45","true","1000","0.3284438525610811","65","true","1000","0.30713924722917774","75","true","1000","0.1719990989435683","95","true","1000","0.6049553655430427","105","true","1000","0.43473556842951105","115","true","1000","0.2841910989802023","125","true","1000","0.26734546354904953","135","true"
"1001","0.24013405425880027","0","true","1001","0.22417278544508032","85","true","1001","0.4033862639742888","55","true","1001","0.4722636466447337","15","true","1001","0.6328051470174376","5","true","1001","0.6689534377711671","25","true","1001","0.4675907677459951","35","true","1001","0.5593803417066714","45","true","1001","0.328116064285072","65","true","1001","0.3068327210343383","75","true","1001","0.17182744315619947","95","true","1001","0.6043516176732393","105","true","1001","0.43430170059674705","115","true","1001","0.2839074751289246","125","true","1001","0.2670786517091802","135","true"
"1002","0.2399733973743781","0","true","1002","0.22398312291793998","85","true","1002","0.40309435920400105","55","true","1002","0.47195095185855107","15","true","1002","0.632552794636679","5","true","1002","0.6693506148553106","25","true","1002","0.4671931544575038","35","true","1002","0.5598948595119115","45","true","1002","0.32822925275010334","65","true","1002","0.30659904938466237","75","true","1002","0.17167552311828985","95","true","1002","0.6048897137966962","105","true","1002","0.4344925115627643","115","true","1002","0.28367217070754336","125","true","1002","0.26698890577048023","135","true"
"1003","0.23973438004631595","0","true","1003","0.22376003215806153","85","true","1003","0.40269287079841937","55","true","1003","0.4714808811893692","15","true","1003","0.6319227619726983","5","true","1003","0.6686839309759726","25","true","1003","0.4667278226303549","35","true","1003","0.5593371953092104","45","true","1003","0.32790233118361917","65","true","1003","0.3062936718454346","75","true","1003","0.17150453156139914","95","true","1003","0.6042872340020781","105","true","1003","0.4340597500970643","115","true","1003","0.2833896287048466","125","true","1003","0.26672298056552957","135","true"
"1004","0.2395745681803298","0","true","1004","0.22357010066773833","85","true","1004","0.40240223091239424","55","true","1004","0.4711727839871832","15","true","1004","0.6316652081794232","5","true","1004","0.6690921152439661","25","true","1004","0.4663318592639458","35","true","1004","0.5598880444850421","45","true","1004","0.32801410814361753","65","true","1004","0.3060610068024485","75","true","1004","0.17135531979097007","95","true","1004","0.6047973034861203","105","true","1004","0.43424549073929564","115","true","1004","0.28315308044938997","125","true","1004","0.2666292129330972","135","true"
"1005","0.23933642248631357","0","true","1005","0.2233478639871541","85","true","1005","0.40200222869478747","55","true","1005","0.47070442137884605","15","true","1005","0.6310373103581712","5","true","1005","0.6684270137377594","25","true","1005","0.4658683087080175","35","true","1005","0.559331495733069","45","true","1005","0.32768805038204335","65","true","1005","0.3057567712092055","75","true","1005","0.17118498647109834","95","true","1005","0.6041961133236092","105","true","1005","0.4338138351819007","115","true","1005","0.2828716161547087","125","true","1005","0.26636417395403844","135","true"
"1006","0.2391758617771978","0","true","1006","0.22315977402363488","85","true","1006","0.4017141981552658","55","true","1006","0.47038885244880624","15","true","1006","0.6307877994764138","5","true","1006","0.6688022728911809","25","true","1006","0.4654726331912727","35","true","1006","0.5598370306431261","45","true","1006","0.32778277141748363","65","true","1006","0.3055227751617516","75","true","1006","0.1710353601820033","95","true","1006","0.6047294007103841","105","true","1006","0.43397058188974313","115","true","1006","0.2826371507120164","125","true","1006","0.26627537315513045","135","true"
"1007","0.2389385841365458","0","true","1007","0.2229383853589289","85","true","1007","0.40131567216503244","55","true","1007","0.4699221968412181","15","true","1007","0.6301620179293143","5","true","1007","0.6681387785728364","25","true","1007","0.465010854785329","35","true","1007","0.5592816367635197","45","true","1007","0.32745759009663294","65","true","1007","0.3052196771705197","75","true","1007","0.17086568224531481","95","true","1007","0.6041294707493619","105","true","1007","0.43354005551882074","115","true","1007","0.28235675671329413","125","true","1007","0.26601121107858766","135","true"
"1008","0.23877728065254472","0","true","1008","0.22275212463339425","85","true","1008","0.4010288929809209","55","true","1008","0.4696107130611523","15","true","1008","0.6299036671487781","5","true","1008","0.6685332281921209","25","true","1008","0.4646168133666578","35","true","1008","0.5598222628010533","45","true","1008","0.32756824995173106","65","true","1008","0.30498434280887604","75","true","1008","0.1707166689956687","95","true","1008","0.6046316834367985","105","true","1008","0.43370953700176934","115","true","1008","0.28212210196884563","125","true","1008","0.2659187008907292","135","true"
"1009","0.2385408675033838","0","true","1009","0.2225315779753414","85","true","1009","0.4006318346710388","55","true","1009","0.46914575195911157","15","true","1009","0.6292800001516011","5","true","1009","0.667871314104802","25","true","1009","0.46415679671976007","35","true","1009","0.5592679833329335","45","true","1009","0.32724392495177884","65","true","1009","0.3046823781130257","75","true","1009","0.1705476425907225","95","true","1009","0.6040330382056729","105","true","1009","0.4332801216185993","115","true","1009","0.2818427731550151","125","true","1009","0.2656554150482632","135","true"
"1010","0.2383802765056351","0","true","1010","0.222346088099297","85","true","1010","0.4003436059913599","55","true","1010","0.4688242478475727","15","true","1010","0.6290298068421509","5","true","1010","0.6682565463302819","25","true","1010","0.46376303987278555","35","true","1010","0.5597758130175179","45","true","1010","0.32733781091276254","65","true","1010","0.3044492184623317","75","true","1010","0.17039618148608793","95","true","1010","0.6045440230116957","105","true","1010","0.43345255759941576","115","true","1010","0.2816123575550376","125","true","1010","0.2655614246708802","135","true"
"1011","0.2381447228727244","0","true","1011","0.22212637852607636","85","true","1011","0.39994800954275184","55","true","1011","0.4683609827805297","15","true","1011","0.6284082358867733","5","true","1011","0.6675962137746195","25","true","1011","0.46330477599939346","35","true","1011","0.5592226748623622","45","true","1011","0.32701435457786854","65","true","1011","0.30414837931365346","75","true","1011","0.1702278058126827","95","true","1011","0.6039466474948858","105","true","1011","0.43302424479546375","115","true","1011","0.28133408447444963","125","true","1011","0.26529901219590896","135","true"
"1012","0.237983432066465","0","true","1012","0.22194161424780492","85","true","1012","0.3996583967320899","55","true","1012","0.4680434567440931","15","true","1012","0.6281526360437595","5","true","1012","0.6679767059044721","25","true","1012","0.4629126376464114","35","true","1012","0.5597646120199802","45","true","1012","0.32709432277275835","65","true","1012","0.30391621749282327","75","true","1012","0.1700768627810836","95","true","1012","0.6044441738623015","105","true","1012","0.4331548546633177","115","true","1012","0.2811035897890605","125","true","1012","0.2651970850863955","135","true"
"1013","0.2377487344017052","0","true","1013","0.2217227369161996","85","true","1013","0.3992642563013876","55","true","1013","0.46758187542580504","15","true","1013","0.6275331561265566","5","true","1013","0.6673179517566373","25","true","1013","0.4624561163075096","35","true","1013","0.5592125759134516","45","true","1013","0.3267717445451718","65","true","1013","0.3036164973572288","75","true","1013","0.16990913411956382","95","true","1013","0.6038480750715103","105","true","1013","0.43272768025043473","115","true","1013","0.28082636731392335","125","true","1013","0.2649355494995253","135","true"
"1014","0.237588151546267","0","true","1014","0.2215377030495224","85","true","1014","0.39897462143020224","55","true","1014","0.467260140809397","15","true","1014","0.6272786186513868","5","true","1014","0.6676978208144044","25","true","1014","0.4620642687355825","35","true","1014","0.5597091336351845","45","true","1014","0.32686339926915847","65","true","1014","0.3033852753577621","75","true","1014","0.16975783462342417","95","true","1014","0.6043476962603961","105","true","1014","0.4328884069579365","115","true","1014","0.28059786114078433","125","true","1014","0.2648360438611727","135","true"
"1015","0.23735430494041437","0","true","1015","0.22131965412919807","85","true","1015","0.39858192987367647","55","true","1015","0.46680023909600193","15","true","1015","0.6266612184361787","5","true","1015","0.6670406379199021","25","true","1015","0.4616094810695041","35","true","1015","0.5591582388186145","45","true","1015","0.32654168332499595","65","true","1015","0.3030866678032761","75","true","1015","0.16959075014052707","95","true","1015","0.6037528658506909","105","true","1015","0.43246233569124565","115","true","1015","0.28032168214359854","125","true","1015","0.2645753784636716","135","true"
"1016","0.23719582811036427","0","true","1016","0.2211333126755603","85","true","1016","0.39829348801221937","55","true","1016","0.46647704272094587","15","true","1016","0.6264014235931603","5","true","1016","0.6673977287990072","25","true","1016","0.4612192365756319","35","true","1016","0.5597000430911082","45","true","1016","0.32663298879257546","65","true","1016","0.3028552972945205","75","true","1016","0.1694420691502437","95","true","1016","0.604244339431145","105","true","1016","0.4326289083588987","115","true","1016","0.2800919762054586","125","true","1016","0.2644697550110708","135","true"
"1017","0.23696282631457807","0","true","1017","0.22091608938216584","85","true","1017","0.39790223704167693","55","true","1017","0.4660188137988231","15","true","1017","0.6257860980297093","5","true","1017","0.666742131815904","25","true","1017","0.46076617249255175","35","true","1017","0.5591502395124333","45","true","1017","0.326312131239734","65","true","1017","0.30255779700248264","75","true","1017","0.16927562310982108","95","true","1017","0.6036507791763011","105","true","1017","0.43220392907760313","115","true","1017","0.279816836739638","125","true","1017","0.2642099615385648","135","true"
"1018","0.23680648574744573","0","true","1018","0.22072946942517496","85","true","1018","0.3976177014381033","55","true","1018","0.46569419349009966","15","true","1018","0.625524406556611","5","true","1018","0.6670632763281862","25","true","1018","0.460376187622704","35","true","1018","0.5596499902646697","45","true","1018","0.32637358826901947","65","true","1018","0.3023250595484532","75","true","1018","0.16912650327831272","95","true","1018","0.6041536355400756","105","true","1018","0.4323362023676385","115","true","1018","0.27958918819345113","125","true","1018","0.26410338540567324","135","true"
"1019","0.2365743225261247","0","true","1019","0.22051306798456205","85","true","1019","0.39722788016218363","55","true","1019","0.4652376305553054","15","true","1019","0.6249111473344967","5","true","1019","0.6664092927239429","25","true","1019","0.4599248384191523","35","true","1019","0.5591013138036259","45","true","1019","0.3260536141628734","65","true","1019","0.3020286624312488","75","true","1019","0.16896069298098104","95","true","1019","0.603561328054252","105","true","1019","0.43191234334570944","115","true","1019","0.2793150811462026","125","true","1019","0.26384446051802063","135","true"
"1020","0.23641723050482533","0","true","1020","0.22032824656222613","85","true","1020","0.3969419024578318","55","true","1020","0.4649145763240079","15","true","1020","0.6246437704378935","5","true","1020","0.6667425314643408","25","true","1020","0.4595364415060265","35","true","1020","0.559642406665826","45","true","1020","0.32614422306503627","65","true","1020","0.3017992276793505","75","true","1020","0.16881215555377785","95","true","1020","0.6040495415308009","105","true","1020","0.4320606461877053","115","true","1020","0.27908838936475433","125","true","1020","0.2637384805544744","135","true"
"1021","0.23618590249063273","0","true","1021","0.22011266119376996","85","true","1021","0.39655350529300026","55","true","1021","0.4644596696935539","15","true","1021","0.6240325730108506","5","true","1021","0.6660901415118317","25","true","1021","0.4590867972384081","35","true","1021","0.5590948113559768","45","true","1021","0.3258250995591018","65","true","1021","0.3015039251082357","75","true","1021","0.1686469773193808","95","true","1021","0.603458495012669","105","true","1021","0.43163788625992866","115","true","1021","0.2788153087489375","125","true","1021","0.2634804194189025","135","true"
"1022","0.23602962509081918","0","true","1022","0.21992755629837862","85","true","1022","0.3962714006514628","55","true","1022","0.46413202372974594","15","true","1022","0.6237668969551814","5","true","1022","0.6664216372042526","25","true","1022","0.4586999788541259","35","true","1022","0.5595932881494042","45","true","1022","0.32590262602074727","65","true","1022","0.30127312785138155","75","true","1022","0.16849905006974453","95","true","1022","0.6039363130002133","105","true","1022","0.43179601326073147","115","true","1022","0.27858845326511344","125","true","1022","0.26337509671425374","135","true"
"1023","0.23579912741006642","0","true","1023","0.219712783294181","85","true","1023","0.3958844168617641","55","true","1023","0.46367876980032235","15","true","1023","0.6231577495948736","5","true","1023","0.6657708348241704","25","true","1023","0.4582520296560262","35","true","1023","0.5590468103289458","45","true","1023","0.3255843617375239","65","true","1023","0.30097891581246417","75","true","1023","0.16833450021616078","95","true","1023","0.603346531444549","105","true","1023","0.43137433746653153","115","true","1023","0.27831639422872173","125","true","1023","0.2631178944713687","135","true"
"1024","0.23563949414429025","0","true","1024","0.21952942133925468","85","true","1024","0.3956008579738715","55","true","1024","0.4633525994052183","15","true","1024","0.6228861609678398","5","true","1024","0.6660776580465401","25","true","1024","0.4578667804467205","35","true","1024","0.5595883504347783","45","true","1024","0.3256458916363633","65","true","1024","0.30075140746571916","75","true","1024","0.16818819467923332","95","true","1024","0.603825211024431","105","true","1024","0.4314901945874493","115","true","1024","0.27808936951366153","125","true","1024","0.26301070017857503","135","true"
"1025","0.23540982602134258","0","true","1025","0.2193154550416531","85","true","1025","0.3952152820889067","55","true","1025","0.46290098868455043","15","true","1025","0.6222790594464286","5","true","1025","0.6654284595494186","25","true","1025","0.45742051652815646","35","true","1025","0.5590429426858164","45","true","1025","0.3253284979797977","65","true","1025","0.30045827743894943","75","true","1025","0.16802426856356156","95","true","1025","0.6032366874269413","105","true","1025","0.43106963884223737","115","true","1025","0.27781832724318034","125","true","1025","0.2627543544669","135","true"
"1026","0.23525227143187388","0","true","1026","0.21913079565885332","85","true","1026","0.3949343227073365","55","true","1026","0.4625703918664683","15","true","1026","0.6220160847005148","5","true","1026","0.6657161864499295","25","true","1026","0.4570355051273666","35","true","1026","0.5595330049871942","45","true","1026","0.32540669209050327","65","true","1026","0.30022939725774933","75","true","1026","0.16787856059321957","95","true","1026","0.6037068712856724","105","true","1026","0.43120326931429115","115","true","1026","0.2775922183166171","125","true","1026","0.26264892358849173","135","true"
"1027","0.23502342680985844","0","true","1027","0.21891763340626688","85","true","1027","0.3945501453506173","55","true","1027","0.4621204206681546","15","true","1027","0.6214110106881603","5","true","1027","0.6650686026109704","25","true","1027","0.45659091806012214","35","true","1027","0.5589887121807864","45","true","1027","0.32509014861570706","65","true","1027","0.2999373453148916","75","true","1027","0.1677152546004246","95","true","1027","0.6031196077922037","105","true","1027","0.430783810881106","115","true","1027","0.2773221869758422","125","true","1027","0.2623934285266352","135","true"
"1028","0.2348679809939735","0","true","1028","0.21873268937607146","85","true","1028","0.39427037844280943","55","true","1028","0.461794050372485","15","true","1028","0.6211359642832266","5","true","1028","0.6653779839750837","25","true","1028","0.4562074611989529","35","true","1028","0.5595279433659673","45","true","1028","0.32517526695308024","65","true","1028","0.2997082692159739","75","true","1028","0.16756613421693178","95","true","1028","0.6035738575630452","105","true","1028","0.430931387308297","115","true","1028","0.2771002542314016","125","true","1028","0.26228765244906205","135","true"
"1029","0.23463995382795994","0","true","1029","0.21852032754172573","85","true","1029","0.3938875916676222","55","true","1029","0.4613457066342593","15","true","1029","0.6205329196577088","5","true","1029","0.6647319859323895","25","true","1029","0.4557645413337112","35","true","1029","0.5589847123529907","45","true","1029","0.32485956281040734","65","true","1029","0.29941729031382247","75","true","1029","0.1674034486497309","95","true","1029","0.6029878635265762","105","true","1029","0.43051300732061903","115","true","1029","0.2768312248583614","125","true","1029","0.2620330042428008","135","true"
"1030","0.23448660891502085","0","true","1030","0.21833509719492977","85","true","1030","0.3936076951744072","55","true","1030","0.461017929754225","15","true","1030","0.6202622684526342","5","true","1030","0.6650167427371335","25","true","1030","0.455380010701776","35","true","1030","0.5594759340445469","45","true","1030","0.3249039120447776","65","true","1030","0.2991903141097702","75","true","1030","0.16725693224350108","95","true","1030","0.6034532895041194","105","true","1030","0.4306213224523429","115","true","1030","0.27660804877681366","125","true","1030","0.2619235735727872","135","true"
"1031","0.23425939320870784","0","true","1031","0.21812353217826802","85","true","1031","0.39322629236900564","55","true","1031","0.46057120695407555","15","true","1031","0.6196612391227382","5","true","1031","0.6643723466685898","25","true","1031","0.45493875100148357","35","true","1031","0.5589338062014805","45","true","1031","0.3245890826726412","65","true","1031","0.2989004010147026","75","true","1031","0.1670948615727225","95","true","1031","0.6028685479445224","105","true","1031","0.4302040537290364","115","true","1031","0.2763400177217974","125","true","1031","0.2616697716604105","135","true"
"1032","0.23410122158373928","0","true","1032","0.21794300922155307","85","true","1032","0.3929488903407843","55","true","1032","0.46024359019046407","15","true","1032","0.6193820516019932","5","true","1032","0.6646407736699572","25","true","1032","0.4545557642723519","35","true","1032","0.5594612384443272","45","true","1032","0.32467084831002135","65","true","1032","0.2986720760441847","75","true","1032","0.16694899188545415","95","true","1032","0.6032990509079587","105","true","1032","0.430330699349448","115","true","1032","0.2761176805262241","125","true","1032","0.26155900419617223","135","true"
"1033","0.2338748180812405","0","true","1033","0.21773223261689006","85","true","1033","0.392568862400416","55","true","1033","0.45979848033534754","15","true","1033","0.6187830360782002","5","true","1033","0.6639979876219205","25","true","1033","0.45411615521599563","35","true","1033","0.5589201734168181","45","true","1033","0.3243568532923134","65","true","1033","0.29838322490681124","75","true","1033","0.16678753251225736","95","true","1033","0.6027155895434443","105","true","1033","0.4299145187891487","115","true","1033","0.2758506421504734","125","true","1033","0.2613060457781875","135","true"
"1034","0.23372280506723714","0","true","1034","0.21754847958054047","85","true","1034","0.39229002362209087","55","true","1034","0.4594722744063023","15","true","1034","0.6185012839331407","5","true","1034","0.664249349709814","25","true","1034","0.4537333904111444","35","true","1034","0.5594084496798227","45","true","1034","0.32442889530518915","65","true","1034","0.29815699123198247","75","true","1034","0.1666412291358038","95","true","1034","0.6031504397360065","105","true","1034","0.4300476171727517","115","true","1034","0.275629276008089","125","true","1034","0.26119552426271103","135","true"
"1035","0.23349720390404483","0","true","1035","0.2173384907006365","85","true","1035","0.3919113652981313","55","true","1035","0.45902876834992556","15","true","1035","0.6179042749718153","5","true","1035","0.6636081823838392","25","true","1035","0.45329542381808346","35","true","1035","0.5588684801337997","45","true","1035","0.32411574000084054","65","true","1035","0.29786919490839947","75","true","1035","0.16648037852852984","95","true","1035","0.6025682481918597","105","true","1035","0.4296325132951718","115","true","1035","0.27536322458337076","125","true","1035","0.2609434050307972","135","true"
"1036","0.23334442905193314","0","true","1036","0.2171544466866549","85","true","1036","0.39163239101797936","55","true","1036","0.4587027142730192","15","true","1036","0.6176175261073186","5","true","1036","0.6638565168754164","25","true","1036","0.4529141886766918","35","true","1036","0.5593950621798088","45","true","1036","0.32415690136896963","65","true","1036","0.29764503768656536","75","true","1036","0.16633370619496116","95","true","1036","0.6030024676616518","105","true","1036","0.4297310822806027","115","true","1036","0.2751437675858797","125","true","1036","0.260831678484522","135","true"
"1037","0.2331196270971625","0","true","1037","0.21694524201739993","85","true","1037","0.39125509584358825","55","true","1037","0.4582608041436617","15","true","1037","0.6170225188567334","5","true","1037","0.6632169633909507","25","true","1037","0.45247785516158906","35","true","1037","0.5588561459349342","45","true","1037","0.3238446114832577","65","true","1037","0.2973582890953452","75","true","1037","0.1661734617766616","95","true","1037","0.6024215404288371","105","true","1037","0.4293170831647254","115","true","1037","0.2748786965188413","125","true","1037","0.26058039555727297","135","true"
"1038","0.23296766306680441","0","true","1038","0.21676090825401614","85","true","1038","0.3909786685540207","55","true","1038","0.4579361352700649","15","true","1038","0.6167408002449386","5","true","1038","0.6634513536413937","25","true","1038","0.4520981407506491","35","true","1038","0.5593381682415595","45","true","1038","0.3239136386946486","65","true","1038","0.29713276687915113","75","true","1038","0.16603034200225195","95","true","1038","0.6028450391265604","105","true","1038","0.42943491515490434","115","true","1038","0.27465694978126026","125","true","1038","0.2604642406512845","135","true"
"1039","0.23274365569847097","0","true","1039","0.21655248430377189","85","true","1039","0.3906027275265649","55","true","1039","0.45749581206307444","15","true","1039","0.6161477802447031","5","true","1039","0.6628134196475077","25","true","1039","0.4516634309999273","35","true","1039","0.5588003430797887","45","true","1039","0.3236021832728268","65","true","1039","0.2968470622956135","75","true","1039","0.16587069744263438","95","true","1039","0.6022653804350926","105","true","1039","0.42902199696725535","115","true","1039","0.2743928565603167","125","true","1039","0.26021379426604285","135","true"
"1040","0.2325895204995333","0","true","1040","0.2163699012013278","85","true","1040","0.39032623641348113","55","true","1040","0.4571688799798346","15","true","1040","0.6158604990796631","5","true","1040","0.6630268772513301","25","true","1040","0.45128392808652407","35","true","1040","0.5593258647362642","45","true","1040","0.3236818618536378","65","true","1040","0.2966202668725461","75","true","1040","0.16572712554110017","95","true","1040","0.6026812746505158","105","true","1040","0.42913925303703765","115","true","1040","0.27417309018637986","125","true","1040","0.26009428502918297","135","true"
"1041","0.23236630598849728","0","true","1041","0.21616225254374494","85","true","1041","0.38995164309638564","55","true","1041","0.4567301382524067","15","true","1041","0.6152694621323698","5","true","1041","0.6623905750658682","25","true","1041","0.4508508341056349","35","true","1041","0.5587890836760567","45","true","1041","0.32337122666951723","65","true","1041","0.2963356025089448","75","true","1041","0.16556807839566726","95","true","1041","0.6021028857113118","105","true","1041","0.428727411143528","115","true","1041","0.2739099682188305","125","true","1041","0.2598446743909592","135","true"
"1042","0.23221312296542676","0","true","1042","0.21597937735634756","85","true","1042","0.38967245931710087","55","true","1042","0.4564057796985558","15","true","1042","0.6149838697744965","5","true","1042","0.6625898386847716","25","true","1042","0.4504728380021273","35","true","1042","0.5592744815800806","45","true","1042","0.3233926821728349","65","true","1042","0.2961120185716734","75","true","1042","0.1654250719426949","95","true","1042","0.6025195312554034","105","true","1042","0.4288178775690783","115","true","1042","0.2736910862371174","125","true","1042","0.2597246940933646","135","true"
"1043","0.23199069660243304","0","true","1043","0.2157725005581135","85","true","1043","0.3892992098349964","55","true","1043","0.4559686094114882","15","true","1043","0.6143948047651339","5","true","1043","0.6619551740883303","25","true","1043","0.4500413506094049","35","true","1043","0.5587387780536629","45","true","1043","0.32308291906730535","65","true","1043","0.2958283863699764","75","true","1043","0.16526661880865018","95","true","1043","0.6019424052676109","105","true","1043","0.4284071324756213","115","true","1043","0.2734289300242466","125","true","1043","0.25947591565074646","135","true"
"1044","0.2318370642283885","0","true","1044","0.21559034833948212","85","true","1044","0.3890212807688764","55","true","1044","0.45564439018086506","15","true","1044","0.6141036465118322","5","true","1044","0.6621742566774164","25","true","1044","0.44966485256877126","35","true","1044","0.5592412358336092","45","true","1044","0.32314552345141767","65","true","1044","0.2956045695517179","75","true","1044","0.1651241800272457","95","true","1044","0.6023538599771876","105","true","1044","0.4285078286384697","115","true","1044","0.27320984381003405","125","true","1044","0.25935604343521307","135","true"
"1045","0.23161542267558888","0","true","1045","0.2153842390198459","85","true","1045","0.38864936749854284","55","true","1045","0.45520878368929635","15","true","1045","0.6135165493354348","5","true","1045","0.6615412028947419","25","true","1045","0.4492349626523575","35","true","1045","0.5587065883806134","45","true","1045","0.32283658891656924","65","true","1045","0.29532196480071243","75","true","1045","0.16496631752243954","95","true","1045","0.6017779958663108","105","true","1045","0.42809816532237177","115","true","1045","0.27294864893067455","125","true","1045","0.2591080931068811","135","true"
"1046","0.23145853089400228","0","true","1046","0.21520471915027567","85","true","1046","0.388371286085128","55","true","1046","0.45488592998996313","15","true","1046","0.6132335745583604","5","true","1046","0.6617392265875748","25","true","1046","0.4488599539947594","35","true","1046","0.5591966551415345","45","true","1046","0.32289925847914824","65","true","1046","0.2950990629163486","75","true","1046","0.16482342555156942","95","true","1046","0.6021759328176863","105","true","1046","0.4281922949589117","115","true","1046","0.2727305473310709","125","true","1046","0.25898912809884866","135","true"
"1047","0.231237673517195","0","true","1047","0.2149993711358193","85","true","1047","0.3880007027968788","55","true","1047","0.45445187853004904","15","true","1047","0.6126484280177513","5","true","1047","0.6611077960278539","25","true","1047","0.44843165251194","35","true","1047","0.5586630705469338","45","true","1047","0.3225911484996834","65","true","1047","0.2948174798410467","75","true","1047","0.16466615129054693","95","true","1047","0.6016013374619443","105","true","1047","0.4277837145247906","115","true","1047","0.27247030825919005","125","true","1047","0.25874200106822004","135","true"
"1048","0.23108268684342048","0","true","1048","0.21481866143615208","85","true","1048","0.3877237741579187","55","true","1048","0.4541291563458563","15","true","1048","0.6123504866140737","5","true","1048","0.6613006121926814","25","true","1048","0.4480581246240804","35","true","1048","0.5591709639727741","45","true","1048","0.3226266357290169","65","true","1048","0.29459548015701315","75","true","1048","0.16452382825040177","95","true","1048","0.6020064913044826","105","true","1048","0.4278598800271132","115","true","1048","0.2722530674243542","125","true","1048","0.25862204906220637","135","true"
"1049","0.2308626080940458","0","true","1049","0.2146140722347843","85","true","1049","0.38735451342062543","55","true","1049","0.4536966523874317","15","true","1049","0.6117672956744412","5","true","1049","0.6606708020858313","25","true","1049","0.4476314026006289","35","true","1049","0.5586384201975619","45","true","1049","0.3223193722664178","65","true","1049","0.2943149130330541","75","true","1049","0.1643671388901633","95","true","1049","0.6014331517889545","105","true","1049","0.42745239442708743","115","true","1049","0.2719937787887119","125","true","1049","0.25837574234881383","135","true"
"1050","0.23071107063503957","0","true","1050","0.21443005860858103","85","true","1050","0.38707742620327645","55","true","1050","0.45337173492088984","15","true","1050","0.6114737689665243","5","true","1050","0.6608721274348626","25","true","1050","0.4472580514298424","35","true","1050","0.5591220861896551","45","true","1050","0.3223694556453023","65","true","1050","0.29409277126566197","75","true","1050","0.1642253711863461","95","true","1050","0.6018156278163713","105","true","1050","0.4275492799110757","115","true","1050","0.27177740475800555","125","true","1050","0.2582566555556397","135","true"
"1051","0.23049176353367545","0","true","1051","0.21422622775439037","85","true","1051","0.38670948188179044","55","true","1051","0.4529407731956798","15","true","1051","0.6108925201367081","5","true","1051","0.6602439219905328","25","true","1051","0.4468329011908406","35","true","1051","0.5585906013168512","45","true","1051","0.322063020801533","65","true","1051","0.2938132153994399","75","true","1051","0.16406926341905867","95","true","1051","0.6012435597290934","105","true","1051","0.427142864245761","115","true","1051","0.2715190612173611","125","true","1051","0.2580111644381914","135","true"
"1052","0.23033822437122242","0","true","1052","0.21404493646072473","85","true","1052","0.3864335293017625","55","true","1052","0.4526160221877542","15","true","1052","0.610597378043093","5","true","1052","0.6604342728853527","25","true","1052","0.44646101745001743","35","true","1052","0.55909024887687","45","true","1052","0.3221240591838943","65","true","1052","0.29359197568499207","75","true","1052","0.16392904388327703","95","true","1052","0.6016256880766708","105","true","1052","0.42722808811472734","115","true","1052","0.27130248475753993","125","true","1052","0.25789027330116404","135","true"
"1053","0.23011968715644895","0","true","1053","0.21384185777338058","85","true","1053","0.386066894074721","55","true","1053","0.45218659522173166","15","true","1053","0.6100180636426726","5","true","1053","0.659807674903488","25","true","1053","0.4460374301469339","35","true","1053","0.5585598027204404","45","true","1053","0.321818438634384","65","true","1053","0.2933134254234313","75","true","1053","0.16377351348111072","95","true","1053","0.6010548857160668","105","true","1053","0.426822748372683","115","true","1053","0.2710450820205783","125","true","1053","0.2576455956225102","135","true"
"1054","0.22996551542597796","0","true","1054","0.21366039832228376","85","true","1054","0.38579207371551494","55","true","1054","0.45186437343955516","15","true","1054","0.6097273006634426","5","true","1054","0.6599899009666197","25","true","1054","0.4456657158232371","35","true","1054","0.5590476214839082","45","true","1054","0.32183948899689235","65","true","1054","0.29309307885533886","75","true","1054","0.16363285997063493","95","true","1054","0.6014418662282722","105","true","1054","0.42689382746860105","115","true","1054","0.2708293654016259","125","true","1054","0.25752465330833135","135","true"
"1055","0.22974774505152154","0","true","1055","0.21345806839963008","85","true","1055","0.3854267403123752","55","true","1055","0.4514364715707677","15","true","1055","0.6091499073862991","5","true","1055","0.6593649105300983","25","true","1055","0.4452436838953742","35","true","1055","0.5585182203271999","45","true","1055","0.3215347167535241","65","true","1055","0.2928155285912713","75","true","1055","0.16347790461081424","95","true","1055","0.6008723190064652","105","true","1055","0.42648957195016485","115","true","1055","0.270572898199541","125","true","1055","0.25728078526542575","135","true"
"1056","0.2295903604270344","0","true","1056","0.21327929233444826","85","true","1056","0.38515433236320573","55","true","1056","0.4511131866968412","15","true","1056","0.6088509594776199","5","true","1056","0.6595618142038732","25","true","1056","0.44487342385256573","35","true","1056","0.5590163854333982","45","true","1056","0.3215900075730133","65","true","1056","0.2925938942335518","75","true","1056","0.1633358021292968","95","true","1056","0.601239371822984","105","true","1056","0.4265750958750295","115","true","1056","0.27036016783003924","125","true","1056","0.2571529710170248","135","true"
"1057","0.2293733563056478","0","true","1057","0.21307770510161797","85","true","1057","0.3847902923515203","55","true","1057","0.4506868037226476","15","true","1057","0.6082754859809493","5","true","1057","0.6589384098426219","25","true","1057","0.4444529385748223","35","true","1057","0.5584880145586973","45","true","1057","0.321286047263398","65","true","1057","0.2923173404582838","75","true","1057","0.16318142046376816","95","true","1057","0.6006710926435672","105","true","1057","0.426171905803314","115","true","1057","0.2701046289190468","125","true","1057","0.25690991527882345","135","true"
"1058","0.229217969217178","0","true","1058","0.212897640036407","85","true","1058","0.3845189998545313","55","true","1058","0.45036488248568834","15","true","1058","0.6079839973287552","5","true","1058","0.6590930017898338","25","true","1058","0.4440828717687146","35","true","1058","0.5589704550389752","45","true","1058","0.3213303798242602","65","true","1058","0.2920965951060869","75","true","1058","0.16304086695045622","95","true","1058","0.6010366951599266","105","true","1058","0.426254671921213","115","true","1058","0.2698905586366826","125","true","1058","0.256782900451161","135","true"
"1059","0.22900172584999198","0","true","1059","0.21269679320618395","85","true","1059","0.3841562460810837","55","true","1059","0.44994000995504146","15","true","1059","0.6074104275199544","5","true","1059","0.6584712159390886","25","true","1059","0.4436639256632724","35","true","1059","0.558443124421014","45","true","1059","0.3210272379565015","65","true","1059","0.2918210322805151","75","true","1059","0.16288705481182372","95","true","1059","0.6004696794097758","105","true","1059","0.4258525448722308","115","true","1059","0.2696359449021197","125","true","1059","0.2565406524318674","135","true"
"1060","0.22884563769836017","0","true","1060","0.2125183969723499","85","true","1060","0.38388477307068314","55","true","1060","0.4496170322565149","15","true","1060","0.6071142461254139","5","true","1060","0.6586268304049946","25","true","1060","0.44329530008857254","35","true","1060","0.5589406240218286","45","true","1060","0.3210530007477355","65","true","1060","0.2916011708103937","75","true","1060","0.16274502027470866","95","true","1060","0.6008478704054838","105","true","1060","0.42591665221680713","115","true","1060","0.2694237870134421","125","true","1060","0.25641271671021093","135","true"
"1061","0.22863015216380428","0","true","1061","0.21231828548744183","85","true","1061","0.3835232996497126","55","true","1061","0.4491936640528835","15","true","1061","0.6065425754605124","5","true","1061","0.658006654481826","25","true","1061","0.442877884551766","35","true","1061","0.5584143145830134","45","true","1061","0.3207506909541878","65","true","1061","0.2913265934367493","75","true","1061","0.16259177637614491","95","true","1061","0.6002821002826915","105","true","1061","0.4255156007552094","115","true","1061","0.26917009229874017","125","true","1061","0.25617127347413726","135","true"
"1062","0.2284735885310826","0","true","1062","0.21214049995261222","85","true","1062","0.3832516631364253","55","true","1062","0.44887082105682885","15","true","1062","0.6062538115737773","5","true","1062","0.6581801374360966","25","true","1062","0.4425094102745048","35","true","1062","0.5588792633024503","45","true","1062","0.3207951326218097","65","true","1062","0.29110761076416697","75","true","1062","0.16245028685079838","95","true","1062","0.6006440449920831","105","true","1062","0.4255923585889547","115","true","1062","0.26895877182152145","125","true","1062","0.2560415534854546","135","true"
"1063","0.228258857714794","0","true","1063","0.21194111978348384","85","true","1063","0.3828914642049061","55","true","1063","0.448448949984407","15","true","1063","0.6056840241568847","5","true","1063","0.6575615470813634","25","true","1063","0.4420935179716152","35","true","1063","0.5583540008369404","45","true","1063","0.32049363343701476","65","true","1063","0.29083401338562925","75","true","1063","0.1622976080097732","95","true","1063","0.6000795299122034","105","true","1063","0.42519236577073205","115","true","1063","0.26870599102093734","125","true","1063","0.25580091292766755","135","true"
"1064","0.22810420350373198","0","true","1064","0.21176310778982524","85","true","1064","0.3826171493027575","55","true","1064","0.4481262420654646","15","true","1064","0.6053905201523372","5","true","1064","0.6577128071653006","25","true","1064","0.44172394685798944","35","true","1064","0.5588458873397071","45","true","1064","0.3205281882369819","65","true","1064","0.29061702245988785","75","true","1064","0.16215864019869827","95","true","1064","0.6004298754114167","105","true","1064","0.42525265428756404","115","true","1064","0.2684933878147249","125","true","1064","0.25567091991432706","135","true"
"1065","0.227890222074554","0","true","1065","0.21156445571872784","85","true","1065","0.382258221395344","55","true","1065","0.44770586097534687","15","true","1065","0.6048226115968471","5","true","1065","0.6570958157889728","25","true","1065","0.4413095716733197","35","true","1065","0.5583216416667806","45","true","1065","0.3202275051335701","65","true","1065","0.2903443986114264","75","true","1065","0.16200652139926236","95","true","1065","0.5998666203688169","105","true","1065","0.42485373059686277","115","true","1065","0.2682415178449175","125","true","1065","0.2554310785260397","135","true"
"1066","0.22773758249365683","0","true","1066","0.21138613472948536","85","true","1066","0.3819837360108274","55","true","1066","0.44738447037649576","15","true","1066","0.6045331998388866","5","true","1066","0.6572327881020943","25","true","1066","0.4409414280091087","35","true","1066","0.5588011340468945","45","true","1066","0.3202367677368032","65","true","1066","0.29012939218492473","75","true","1066","0.16186710392761572","95","true","1066","0.6002137226358912","105","true","1066","0.42490031836962905","115","true","1066","0.2680307987090697","125","true","1066","0.2553000723278975","135","true"
"1067","0.22752434505686503","0","true","1067","0.21118820763704202","85","true","1067","0.38162607333665993","55","true","1067","0.44696557105966384","15","true","1067","0.6039671575169401","5","true","1067","0.6566174015963807","25","true","1067","0.4405285615034822","35","true","1067","0.5582779120112701","45","true","1067","0.319936920576001","65","true","1067","0.2898577354506692","75","true","1067","0.161715542968882","95","true","1067","0.5996517247682546","105","true","1067","0.4245024716295826","115","true","1067","0.2677798335417391","125","true","1067","0.2550610273163545","135","true"
"1068","0.22737091717182958","0","true","1068","0.21101159453452206","85","true","1068","0.38135270039936026","55","true","1068","0.4466442912353103","15","true","1068","0.6036696185894697","5","true","1068","0.6567736590287846","25","true","1068","0.4401618372008224","35","true","1068","0.5587480693038256","45","true","1068","0.319973728551947","65","true","1068","0.2896435799094416","75","true","1068","0.1615766483739583","95","true","1068","0.5999863529370945","105","true","1068","0.4245635055175232","115","true","1068","0.2675699513789542","125","true","1068","0.2549313674840347","135","true"
"1069","0.22715842098755684","0","true","1069","0.21081438743682623","85","true","1069","0.3809962960064637","55","true","1069","0.4462268666640623","15","true","1069","0.6031054413758347","5","true","1069","0.6561598518708137","25","true","1069","0.439750470997831","35","true","1069","0.5582258748465323","45","true","1069","0.3196746876841414","65","true","1069","0.28937288497494684","75","true","1069","0.1614256421605247","95","true","1069","0.5994256180278075","105","true","1069","0.42416671719460963","115","true","1069","0.26731988600383366","125","true","1069","0.25469311386956367","135","true"
"1070","0.2270083664599352","0","true","1070","0.21063647145614944","85","true","1070","0.3807265573699912","55","true","1070","0.4459068765353617","15","true","1070","0.6028124373570536","5","true","1070","0.6562757407935561","25","true","1070","0.4393838969468294","35","true","1070","0.5586804511703481","45","true","1070","0.31970565378090915","65","true","1070","0.2891573622181838","75","true","1070","0.1612882670410611","95","true","1070","0.5997611130961055","105","true","1070","0.4242252786007202","115","true","1070","0.26710976806770004","125","true","1070","0.25456328599957184","135","true"
"1071","0.2267966049240584","0","true","1071","0.2104399822103881","85","true","1071","0.38037140199931024","55","true","1071","0.4454909186281459","15","true","1071","0.6022501123222056","5","true","1071","0.6556635432741591","25","true","1071","0.4389740239086327","35","true","1071","0.5581592940330624","45","true","1071","0.3194074208949195","65","true","1071","0.288887625872831","75","true","1071","0.16113781156807502","95","true","1071","0.5992016344458292","105","true","1071","0.42382954606471207","115","true","1071","0.2668605985079354","125","true","1071","0.25432582024770656","135","true"
"1072","0.2266444665438251","0","true","1072","0.21026469643622844","85","true","1072","0.3801027485178053","55","true","1072","0.44517221081845115","15","true","1072","0.6019525779695781","5","true","1072","0.6557797910604614","25","true","1072","0.4386088567497012","35","true","1072","0.5586332610864555","45","true","1072","0.3194232187578034","65","true","1072","0.2886718142036024","75","true","1072","0.16099994287238623","95","true","1072","0.5995515581965574","105","true","1072","0.42387867862219175","115","true","1072","0.2666513002580722","125","true","1072","0.25419653772902906","135","true"
"1073","0.22643343817646588","0","true","1073","0.21006891925146473","85","true","1073","0.3797488353441388","55","true","1073","0.44475771155325705","15","true","1073","0.6013921007088988","5","true","1073","0.6551691953518389","25","true","1073","0.4382004686149249","35","true","1073","0.5581131183852577","45","true","1073","0.31912580421519837","65","true","1073","0.2884030322536921","75","true","1073","0.1608500360354473","95","true","1073","0.598993316522259","105","true","1073","0.4234840057370686","115","true","1073","0.26640302157999207","125","true","1073","0.25395985566410445","135","true"
"1074","0.2262818814302124","0","true","1074","0.20989333574250651","85","true","1074","0.37947999970781043","55","true","1074","0.44444027874141745","15","true","1074","0.6010986163975068","5","true","1074","0.6553051770074034","25","true","1074","0.43783670042307393","35","true","1074","0.558560612183467","45","true","1074","0.319159623344442","65","true","1074","0.288189176864803","75","true","1074","0.16071269153782733","95","true","1074","0.5992903161592478","105","true","1074","0.4235352425404847","115","true","1074","0.2661945383751779","125","true","1074","0.25383020678810436","135","true"
"1075","0.2260715822839018","0","true","1075","0.20969826758661197","85","true","1075","0.37912732312815633","55","true","1075","0.44402723015522655","15","true","1075","0.6005399745607062","5","true","1075","0.6546961573261697","25","true","1075","0.43742978899145396","35","true","1075","0.5580415038078318","45","true","1075","0.31886300659412187","65","true","1075","0.2879213430573078","75","true","1075","0.16056333030033865","95","true","1075","0.5987333548988767","105","true","1075","0.4231416224265995","115","true","1075","0.26594714568152067","125","true","1075","0.25359430510893327","135","true"
"1076","0.2259206429651182","0","true","1076","0.20952335428998686","85","true","1076","0.3788608225647546","55","true","1076","0.44370991141535837","15","true","1076","0.6002319455538236","5","true","1076","0.6548007781112386","25","true","1076","0.43706614767050733","35","true","1076","0.5584914190079486","45","true","1076","0.3188877758362847","65","true","1076","0.28770723011555593","75","true","1076","0.16042553323509345","95","true","1076","0.5990276822926437","105","true","1076","0.423188561934149","115","true","1076","0.26574051341988075","125","true","1076","0.25346410713882706","135","true"
"1077","0.22571106908481664","0","true","1077","0.20932899125261212","85","true","1077","0.37850937467740325","55","true","1077","0.44329830667378567","15","true","1077","0.5996751441201003","5","true","1077","0.6541933562391503","25","true","1077","0.43666070597508017","35","true","1077","0.5579733379142492","45","true","1077","0.31859196157298575","65","true","1077","0.28744034029170107","75","true","1077","0.16027671548626685","95","true","1077","0.5984719979862497","105","true","1077","0.422795993694878","115","true","1077","0.2654940008842408","125","true","1077","0.25322898273517325","135","true"
"1078","0.22556074366022827","0","true","1078","0.209154744409117","85","true","1078","0.37824268436379227","55","true","1078","0.4429822516604803","15","true","1078","0.5993718604716524","5","true","1078","0.6542874834355358","25","true","1078","0.43629593136919914","35","true","1078","0.5584374907275995","45","true","1078","0.3185979257023376","65","true","1078","0.287228169901438","75","true","1078","0.16013943946730946","95","true","1078","0.5987729835098069","105","true","1078","0.42282687191399587","115","true","1078","0.26528713302096046","125","true","1078","0.25309936467082605","135","true"
"1079","0.22535189111980214","0","true","1079","0.2089610826087382","85","true","1079","0.377892459656048","55","true","1079","0.4425720829089428","15","true","1079","0.5988168865267711","5","true","1079","0.653681661691614","25","true","1079","0.4358919536549684","35","true","1079","0.5579204189769258","45","true","1079","0.31830292762298357","65","true","1079","0.28696221789227","75","true","1079","0.15999116220854345","95","true","1079","0.5982185640806312","105","true","1079","0.42243536555111255","115","true","1079","0.26504149678668176","125","true","1079","0.25286501340724193","135","true"
"1080","0.22520353447268046","0","true","1080","0.20878651787417896","85","true","1080","0.3776256059632537","55","true","1080","0.4422572844486359","15","true","1080","0.5985115938398591","5","true","1080","0.6538034810764682","25","true","1080","0.4355285650819569","35","true","1080","0.5583730892209989","45","true","1080","0.3183295762571451","65","true","1080","0.28674871437171473","75","true","1080","0.1598534240592402","95","true","1080","0.5984944673067528","105","true","1080","0.42248222264044916","115","true","1080","0.26483647764212853","125","true","1080","0.2527359718511803","135","true"
"1081","0.22499539811919367","0","true","1081","0.20859355436412888","85","true","1081","0.3772765989337128","55","true","1081","0.4418485438899957","15","true","1081","0.5979584407956448","5","true","1081","0.6531992264728855","25","true","1081","0.4351260433027684","35","true","1081","0.5578570327614601","45","true","1081","0.31803537147317357","65","true","1081","0.2864836970756226","75","true","1081","0.15970568521999876","95","true","1081","0.5979413300911274","105","true","1081","0.4220917584790439","115","true","1081","0.2645917119511469","125","true","1081","0.25250238962211263","135","true"
"1082","0.22484647475097014","0","true","1082","0.20841965136337734","85","true","1082","0.3770095508228022","55","true","1082","0.4415349948626894","15","true","1082","0.5976514067348789","5","true","1082","0.6532554814914436","25","true","1082","0.4347640330192289","35","true","1082","0.5583138068798504","45","true","1082","0.3180478583666204","65","true","1082","0.28627212909786237","75","true","1082","0.1595694434894459","95","true","1082","0.598225982779505","105","true","1082","0.42213075798244737","115","true","1082","0.26438644128120564","125","true","1082","0.25237278280577957","135","true"
"1083","0.2246390518037829","0","true","1083","0.20822738231230412","85","true","1083","0.37666175603422025","55","true","1083","0.4411276747567275","15","true","1083","0.5971000677987767","5","true","1083","0.6526528472834258","25","true","1083","0.43436295918803036","35","true","1083","0.5577987572425075","45","true","1083","0.3177544562832564","65","true","1083","0.2860080404178828","75","true","1083","0.15942223920578405","95","true","1083","0.597674113791701","105","true","1083","0.42174133846401335","115","true","1083","0.2641425423501344","125","true","1083","0.25213996658547905","135","true"
"1084","0.22448941687832835","0","true","1084","0.20805508628493358","85","true","1084","0.3763957668533754","55","true","1084","0.44081536809549293","15","true","1084","0.596791735500619","5","true","1084","0.6527009308829059","25","true","1084","0.43400231950788426","35","true","1084","0.5582429537594474","45","true","1084","0.3177559859966994","65","true","1084","0.28579730082041127","75","true","1084","0.15928650985262782","95","true","1084","0.5979624231362726","105","true","1084","0.4217599471005348","115","true","1084","0.26393806404050735","125","true","1084","0.25201093270616837","135","true"
"1085","0.22428270470809047","0","true","1085","0.2078635070157946","85","true","1085","0.37604917774945884","55","true","1085","0.44040946075838844","15","true","1085","0.5962422035158118","5","true","1085","0.652099917134395","25","true","1085","0.4336026856961827","35","true","1085","0.557728917890424","45","true","1085","0.31746339300775217","65","true","1085","0.2855341357183667","75","true","1085","0.15913983719162172","95","true","1085","0.5974118131702171","105","true","1085","0.4213715861916025","115","true","1085","0.2636950271491256","125","true","1085","0.25177887844032476","135","true"
"1086","0.22413379087897733","0","true","1086","0.20769091556918412","85","true","1086","0.3757842415186107","55","true","1086","0.4400972468980646","15","true","1086","0.5959371308561757","5","true","1086","0.6521735984342197","25","true","1086","0.4332434089901416","35","true","1086","0.5581907987019423","45","true","1086","0.31747848155915404","65","true","1086","0.2853242198411293","75","true","1086","0.1590036425141793","95","true","1086","0.5976752210759053","105","true","1086","0.4213976746070049","115","true","1086","0.2634923783675024","125","true","1086","0.2516504141616615","135","true"
"1087","0.22392778555647827","0","true","1087","0.20750002318355068","85","true","1087","0.3754388515907443","55","true","1087","0.4396927457520186","15","true","1087","0.5953893945226681","5","true","1087","0.651574174170953","25","true","1087","0.43284520732746684","35","true","1087","0.5576777556884295","45","true","1087","0.3171866814841916","65","true","1087","0.28506197331554006","75","true","1087","0.1588574994603979","95","true","1087","0.5971258872330047","105","true","1087","0.421010360567844","115","true","1087","0.2632501978726793","125","true","1087","0.2514191178251159","135","true"
"1088","0.22377681304466088","0","true","1088","0.20733000133965984","85","true","1088","0.37517496644483184","55","true","1088","0.43938176342771595","15","true","1088","0.5950806030757244","5","true","1088","0.651618634858159","25","true","1088","0.43248728602251","35","true","1088","0.5581127681854168","45","true","1088","0.31719592118501516","65","true","1088","0.2848528729695931","75","true","1088","0.15872278723961816","95","true","1088","0.5973838735550251","105","true","1088","0.42103654858705186","115","true","1088","0.2630472900476399","125","true","1088","0.2512912198358673","135","true"
"1089","0.22357151321617955","0","true","1089","0.20713979032925647","85","true","1089","0.37483076922791","55","true","1089","0.4389786608924612","15","true","1089","0.5945346575683155","5","true","1089","0.6510208195968212","25","true","1089","0.4320905086958839","35","true","1089","0.5576007381228614","45","true","1089","0.31690491575273533","65","true","1089","0.28459154005861187","75","true","1089","0.1585771700036185","95","true","1089","0.5968358149554334","105","true","1089","0.42065027652412795","115","true","1089","0.26280596225860536","125","true","1089","0.2510606774323481","135","true"
"1090","0.22342514614520745","0","true","1090","0.20696752124390438","85","true","1090","0.37456916780583616","55","true","1090","0.4386689031781568","15","true","1090","0.594228913054093","5","true","1090","0.651050019207102","25","true","1090","0.43173393527474146","35","true","1090","0.5580473920475412","45","true","1090","0.31689821745060687","65","true","1090","0.28438107012469455","75","true","1090","0.15844296168192068","95","true","1090","0.5970951669735782","105","true","1090","0.42064583305056713","115","true","1090","0.26260383358229566","125","true","1090","0.2509333424461896","135","true"
"1091","0.2232205443630232","0","true","1091","0.20677799054679458","85","true","1091","0.3742261557474059","55","true","1091","0.43826719172836","15","true","1091","0.5936847473827981","5","true","1091","0.6504538195558135","25","true","1091","0.43133857452815283","35","true","1091","0.5575363596372412","45","true","1091","0.3166080176177766","65","true","1091","0.28412064789930563","75","true","1091","0.15829786739466617","95","true","1091","0.5965483765276318","105","true","1091","0.4202606262437443","115","true","1091","0.26236335388121296","125","true","1091","0.25070355000805206","135","true"
"1092","0.2230707714223318","0","true","1092","0.2066092515208473","85","true","1092","0.3739630911722408","55","true","1092","0.43795751514160497","15","true","1092","0.5933786456091641","5","true","1092","0.6504884475311018","25","true","1092","0.43098334152879453","35","true","1092","0.557971681794671","45","true","1092","0.3166125428186939","65","true","1092","0.28391208326915446","75","true","1092","0.15816512770477179","95","true","1092","0.596783676585144","105","true","1092","0.4202845294724763","115","true","1092","0.2621609662500112","125","true","1092","0.2505747097631786","135","true"
"1093","0.2228668676093315","0","true","1093","0.20642039480099278","85","true","1093","0.3736212601931071","55","true","1093","0.43755718834531465","15","true","1093","0.5928362519660113","5","true","1093","0.6498938511439618","25","true","1093","0.43058938966268046","35","true","1093","0.5574616528350781","45","true","1093","0.316323134644271","65","true","1093","0.28365256582558124","75","true","1093","0.15802055263374365","95","true","1093","0.5962381704822325","105","true","1093","0.4199003571420627","115","true","1093","0.2619213309974974","125","true","1093","0.250345665238715","135","true"
"1094","0.22271554309430203","0","true","1094","0.20625132247022954","85","true","1094","0.37336047063861094","55","true","1094","0.437247576132235","15","true","1094","0.5925331753820712","5","true","1094","0.649898226599731","25","true","1094","0.43023548967780995","35","true","1094","0.5578904722931048","45","true","1094","0.31632052820122525","65","true","1094","0.28344372224232023","75","true","1094","0.15788637516358656","95","true","1094","0.5964862252823611","105","true","1094","0.41991982820380674","115","true","1094","0.2617207485732118","125","true","1094","0.25021738715389547","135","true"
"1095","0.2225123354819897","0","true","1095","0.20606313695702677","85","true","1095","0.37301981327488953","55","true","1095","0.43684862761386617","15","true","1095","0.591992542922781","5","true","1095","0.6493052537652421","25","true","1095","0.42984293904854187","35","true","1095","0.5573814481395527","45","true","1095","0.3160319145806037","65","true","1095","0.2831851057074276","75","true","1095","0.15774231825194096","95","true","1095","0.5959419860257166","105","true","1095","0.4195366896744237","115","true","1095","0.2614819522697691","125","true","1095","0.2499890866181711","135","true"
"1096","0.22236171809135208","0","true","1096","0.2058937300922302","85","true","1096","0.37275890408890744","55","true","1096","0.4365402257792347","15","true","1096","0.5916890998652405","5","true","1096","0.649291873690317","25","true","1096","0.429490364725097","35","true","1096","0.557803800701312","45","true","1096","0.31602355635685736","65","true","1096","0.28297706900409797","75","true","1096","0.1576086390400538","95","true","1096","0.5961910215997819","105","true","1096","0.41952979121340017","115","true","1096","0.2612821360656989","125","true","1096","0.24986136745294152","135","true"
"1097","0.22215920286540367","0","true","1097","0.20570621303385841","85","true","1097","0.3724194151052199","55","true","1097","0.43614264816012793","15","true","1097","0.5911502209036147","5","true","1097","0.6487005331860454","25","true","1097","0.4290992077444731","35","true","1097","0.5572957826678864","45","true","1097","0.3157357389102664","65","true","1097","0.2827193485405241","75","true","1097","0.15746509747444354","95","true","1097","0.5956480425272866","105","true","1097","0.41914770579335153","115","true","1097","0.2610441741931436","125","true","1097","0.2496338070089953","135","true"
"1098","0.22200650565806637","0","true","1098","0.205539370469848","85","true","1098","0.37215708084748816","55","true","1098","0.43583430897812075","15","true","1098","0.5908498261543454","5","true","1098","0.6486856832719835","25","true","1098","0.42874795178313096","35","true","1098","0.5577048915379874","45","true","1098","0.3157298890360509","65","true","1098","0.2825131976384346","75","true","1098","0.15733191378503253","95","true","1098","0.5958693233614446","105","true","1098","0.41915030799064745","115","true","1098","0.2608447274322787","125","true","1098","0.2495066435470775","135","true"
"1099","0.22180468156201358","0","true","1099","0.2053525164966936","85","true","1099","0.3718187562285359","55","true","1099","0.43543809596995886","15","true","1099","0.5903126899487506","5","true","1099","0.6480959690144635","25","true","1099","0.4283581809178736","35","true","1099","0.5571978870911347","45","true","1099","0.31544286186419995","65","true","1099","0.28225636745876326","75","true","1099","0.15718888477250068","95","true","1099","0.5953276239765706","105","true","1099","0.4187692622561105","115","true","1099","0.26060759586188575","125","true","1099","0.24927981932567106","135","true"
"1100","0.2216538791306668","0","true","1100","0.2051834336129176","85","true","1100","0.3715549740689316","55","true","1100","0.435130956815703","15","true","1100","0.5900087673915334","5","true","1100","0.6480490470611447","25","true","1100","0.42800823607256167","35","true","1100","0.5576211981392056","45","true","1100","0.31544136766009745","65","true","1100","0.28205317380586203","75","true","1100","0.15705715437590492","95","true","1100","0.5955476808202965","105","true","1100","0.4187697248114176","115","true","1100","0.2604078816790643","125","true","1100","0.24915218581559673","135","true"
"1101","0.2214527413093141","0","true","1101","0.20499724174938502","85","true","1101","0.37121780984563857","55","true","1101","0.4347361011380118","15","true","1101","0.5894733692360058","5","true","1101","0.6474609807752454","25","true","1101","0.42761984384382073","35","true","1101","0.5571151897924368","45","true","1101","0.3151551232248342","65","true","1101","0.28179722718716343","75","true","1101","0.15691463427211552","95","true","1101","0.5950072564275376","105","true","1101","0.41838971598672486","115","true","1101","0.26017157688625214","125","true","1101","0.2489260949028784","135","true"
"1102","0.22130386269006402","0","true","1102","0.20482782649747097","85","true","1102","0.37095751633341045","55","true","1102","0.4344290756592994","15","true","1102","0.5891727770300245","5","true","1102","0.6473894014430265","25","true","1102","0.42727120292123294","35","true","1102","0.5575287543839658","45","true","1102","0.31514266756342935","65","true","1102","0.28159265989791316","75","true","1102","0.15678243262981237","95","true","1102","0.595219414215058","105","true","1102","0.4183803454657418","115","true","1102","0.2599715508259993","125","true","1102","0.2487990135155991","135","true"
"1103","0.22110340629269984","0","true","1103","0.2046422940459334","85","true","1103","0.3706215040903548","55","true","1103","0.4340355710617819","15","true","1103","0.5886391060363378","5","true","1103","0.6468029979996903","25","true","1103","0.42688418190409416","35","true","1103","0.5570237464542701","45","true","1103","0.3148572122486074","65","true","1103","0.28133759408278824","75","true","1103","0.15664041955677813","95","true","1103","0.5946802661949356","105","true","1103","0.41800137776151564","115","true","1103","0.2597360693488019","125","true","1103","0.24857365209031324","135","true"
"1104","0.22095131094458736","0","true","1104","0.20447443840150561","85","true","1104","0.37036222134082336","55","true","1104","0.43372863070864676","15","true","1104","0.5883377982068504","5","true","1104","0.6467549767341874","25","true","1104","0.426535605567698","35","true","1104","0.557432490272827","45","true","1104","0.3148491783688617","65","true","1104","0.2811338130086356","75","true","1104","0.15650781632961971","95","true","1104","0.5948807745288103","105","true","1104","0.4179977140618845","115","true","1104","0.25953774934561746","125","true","1104","0.24844711966736618","135","true"
"1105","0.22075153579906784","0","true","1105","0.20428956097076284","85","true","1105","0.37002735495624756","55","true","1105","0.4333364710063785","15","true","1105","0.5878058472138967","5","true","1105","0.646170207315802","25","true","1105","0.4261499495047977","35","true","1105","0.5569284825962694","45","true","1105","0.31456450460903457","65","true","1105","0.28087962330428784","75","true","1105","0.15636630835825477","95","true","1105","0.5943429076440645","105","true","1105","0.41761977761155733","115","true","1105","0.259303085919446","125","true","1105","0.24822248393529805","135","true"
"1106","0.22060003309882334","0","true","1106","0.20412232722729623","85","true","1106","0.3697666334181449","55","true","1106","0.4330295644467701","15","true","1106","0.5875051706030955","5","true","1106","0.6461088624015215","25","true","1106","0.4258026661991803","35","true","1106","0.5573292802326693","45","true","1106","0.31454263738180593","65","true","1106","0.28067770257068614","75","true","1106","0.1562350797353582","95","true","1106","0.5945225161275366","105","true","1106","0.4176159091093973","115","true","1106","0.2591036792309423","125","true","1106","0.24809649734162012","135","true"
"1107","0.22040093559602655","0","true","1107","0.2039381013001958","85","true","1107","0.36943290901975306","55","true","1107","0.4326387435402297","15","true","1107","0.5869749312794466","5","true","1107","0.6455257316592818","25","true","1107","0.4254183677639825","35","true","1107","0.5568262754671163","45","true","1107","0.3142587541350714","65","true","1107","0.2804243833445393","75","true","1107","0.15609407334570535","95","true","1107","0.5939859434595515","105","true","1107","0.41723899944413606","115","true","1107","0.2588698311449938","125","true","1107","0.24787258353535513","135","true"
"1108","0.22025002226061843","0","true","1108","0.20377148606633919","85","true","1108","0.3691756498705062","55","true","1108","0.4323330196141518","15","true","1108","0.5866698919035035","5","true","1108","0.645441659974829","25","true","1108","0.4250711422034902","35","true","1108","0.5572416409860079","45","true","1108","0.3142443009222973","65","true","1108","0.28022108709459365","75","true","1108","0.15596332686190553","95","true","1108","0.5941636431457157","105","true","1108","0.41721541078204","115","true","1108","0.2586711747433715","125","true","1108","0.2477471396590688","135","true"
"1109","0.2200515988171404","0","true","1109","0.20358790815096411","85","true","1109","0.3688430591949472","55","true","1109","0.4319435304072922","15","true","1109","0.5861413604693562","5","true","1109","0.6448601810018788","25","true","1109","0.4246881952285321","35","true","1109","0.5567396214896241","45","true","1109","0.3139611979484935","65","true","1109","0.2799686356647787","75","true","1109","0.15582281936022815","95","true","1109","0.5936283605843231","105","true","1109","0.41683954104259674","115","true","1109","0.2584381376490081","125","true","1109","0.24752394403775432","135","true"
"1110","0.21990255532520409","0","true","1110","0.2034209813379463","85","true","1110","0.36858557383334206","55","true","1110","0.43163898259371214","15","true","1110","0.5858310779387739","5","true","1110","0.6447719934772627","25","true","1110","0.42434105035414055","35","true","1110","0.5571324278508336","45","true","1110","0.3139394405124263","65","true","1110","0.279767183811401","75","true","1110","0.15569255239663815","95","true","1110","0.5937853876132875","105","true","1110","0.41682110682094403","115","true","1110","0.2582402274276731","125","true","1110","0.247399039789956","135","true"
"1111","0.21970480122868863","0","true","1111","0.2032380488007719","85","true","1111","0.36825411198636965","55","true","1111","0.43125081804102","15","true","1111","0.5853042514298362","5","true","1111","0.6441921625478766","25","true","1111","0.423959448690153","35","true","1111","0.5566314094804642","45","true","1111","0.3136571208716777","65","true","1111","0.279515594617326","75","true","1111","0.15555254110851166","95","true","1111","0.5932514079481676","105","true","1111","0.4164462676961051","115","true","1111","0.25800799700732446","125","true","1111","0.24717655863906576","135","true"
"1112","0.2195563371478685","0","true","1112","0.20307173628512717","85","true","1112","0.3679976184647751","55","true","1112","0.43094743986624806","15","true","1112","0.5849896879346645","5","true","1112","0.6441005193681195","25","true","1112","0.4236123588762727","35","true","1112","0.5570300035740152","45","true","1112","0.3136378497260511","65","true","1112","0.27931491180685414","75","true","1112","0.15542275106511833","95","true","1112","0.5934094386064004","105","true","1112","0.4164140024286735","115","true","1112","0.2578097855327883","125","true","1112","0.2470512125614692","135","true"
"1113","0.21935924887394762","0","true","1113","0.20288944567804895","85","true","1113","0.3676672794894925","55","true","1113","0.4305605929722927","15","true","1113","0.5844645625415454","5","true","1113","0.6435223321873582","25","true","1113","0.4232320964356297","35","true","1113","0.5565299766408249","45","true","1113","0.3133563076706417","65","true","1113","0.27906418028817653","75","true","1113","0.15528323333525737","95","true","1113","0.5928767550888004","105","true","1113","0.4160402017083605","115","true","1113","0.2575783584362598","125","true","1113","0.2468294430708395","135","true"
"1114","0.21921136100883726","0","true","1114","0.2027237441293585","85","true","1114","0.3674118473379339","55","true","1114","0.4302583780095551","15","true","1114","0.5841537147037006","5","true","1114","0.6434157269231615","25","true","1114","0.4228862815382357","35","true","1114","0.556923363531373","45","true","1114","0.31333044342466543","65","true","1114","0.27886319792213765","75","true","1114","0.15515391763075195","95","true","1114","0.5930169135506635","105","true","1114","0.4160070863907036","115","true","1114","0.25738088782407353","125","true","1114","0.24670350624891546","135","true"
"1115","0.2190149350581125","0","true","1115","0.20254209202888418","85","true","1115","0.3670826252525057","55","true","1115","0.42987284182854296","15","true","1115","0.5836302794754714","5","true","1115","0.6428391895334454","25","true","1115","0.42250735117843446","35","true","1115","0.5564243282593914","45","true","1115","0.313049681378586","65","true","1115","0.2786133205046447","75","true","1115","0.1550148908228391","95","true","1115","0.5924855363879837","105","true","1115","0.41563432018426033","115","true","1115","0.2571502597883889","125","true","1115","0.2464824457594451","135","true"
"1116","0.21886892035620056","0","true","1116","0.20237605959268906","85","true","1116","0.3668269562125069","55","true","1116","0.42957178369755933","15","true","1116","0.5833183410706624","5","true","1116","0.6427301418854078","25","true","1116","0.42216159939020664","35","true","1116","0.5567910188995256","45","true","1116","0.31302304155681693","65","true","1116","0.2784141675831044","75","true","1116","0.15488604689444957","95","true","1116","0.5926010583700873","105","true","1116","0.41560884047082597","115","true","1116","0.2569535260068851","125","true","1116","0.24635653467657403","135","true"
"1117","0.21867315209112348","0","true","1117","0.20219504343920722","85","true","1117","0.3664988462337837","55","true","1117","0.4291875513328925","15","true","1117","0.5827965894239087","5","true","1117","0.6421552490930237","25","true","1117","0.4217839950973711","35","true","1117","0.5562929947323526","45","true","1117","0.3127430567253708","65","true","1117","0.2781651388106687","75","true","1117","0.15474750839096615","95","true","1117","0.5920710037561605","105","true","1117","0.4152370973219254","115","true","1117","0.2567236927993655","125","true","1117","0.24613617999439463","135","true"
"1118","0.21852640600281675","0","true","1118","0.20202962090066776","85","true","1118","0.3662453713314315","55","true","1118","0.42888764369945814","15","true","1118","0.5824883168470674","5","true","1118","0.6420331794609614","25","true","1118","0.42143950770562005","35","true","1118","0.5566747385026862","45","true","1118","0.31271452347576295","65","true","1118","0.2779656783132104","75","true","1118","0.15461913369429123","95","true","1118","0.5921861982824379","105","true","1118","0.4151953481046783","115","true","1118","0.2565276918458796","125","true","1118","0.24601080339582276","135","true"
"1119","0.21833129314031424","0","true","1119","0.20184923731057788","85","true","1119","0.36591836653559984","55","true","1119","0.4285047083032979","15","true","1119","0.5819682379927397","5","true","1119","0.6414599355507283","25","true","1119","0.4210632224308829","35","true","1119","0.556177707486166","45","true","1119","0.31243531407980246","65","true","1119","0.2777174946718593","75","true","1119","0.1544810808963499","95","true","1119","0.5916574606054","105","true","1119","0.41482463797244196","115","true","1119","0.2562986492638743","125","true","1119","0.24579115089279077","135","true"
"1120","0.21818384153771664","0","true","1120","0.2016853368409686","85","true","1120","0.36566586168632786","55","true","1120","0.4282059448788702","15","true","1120","0.5816525615168802","5","true","1120","0.6413123966748835","25","true","1120","0.42071999261937276","35","true","1120","0.5565526212822787","45","true","1120","0.31240698956075275","65","true","1120","0.277518789361853","75","true","1120","0.154353172905195","95","true","1120","0.5917766090068408","105","true","1120","0.414786646462597","115","true","1120","0.25610337716448517","125","true","1120","0.2456663057681696","135","true"
"1121","0.2179893817859005","0","true","1121","0.20150558163879304","85","true","1121","0.3653399562837554","55","true","1121","0.42782429965170543","15","true","1121","0.5811341545993072","5","true","1121","0.6407408169987027","25","true","1121","0.42034501936391877","35","true","1121","0.5560565850779273","45","true","1121","0.3121285519586487","65","true","1121","0.27727144641233264","75","true","1121","0.154215603232374","95","true","1121","0.5912491788740362","105","true","1121","0.4144169613944485","115","true","1121","0.255875121035105","125","true","1121","0.24544735184146","135","true"
"1122","0.217845060442389","0","true","1122","0.20134042872969732","85","true","1122","0.3650884161895594","55","true","1122","0.42752667419299495","15","true","1122","0.5808162914420165","5","true","1122","0.6406013274762259","25","true","1122","0.4200030403651334","35","true","1122","0.5564214456742015","45","true","1122","0.3120982855981252","65","true","1122","0.2770734921787997","75","true","1122","0.15408815943858892","95","true","1122","0.5913521647743842","105","true","1122","0.41439130363109433","115","true","1122","0.255680573844378","125","true","1122","0.245321966310523","135","true"
"1123","0.21765124811103456","0","true","1123","0.2011613002343862","85","true","1123","0.3647636044313836","55","true","1123","0.4271463123832147","15","true","1123","0.5802995509692033","5","true","1123","0.6400313974695745","25","true","1123","0.4196293721797552","35","true","1123","0.5559264088008259","45","true","1123","0.3118206180842478","65","true","1123","0.27682698551316015","75","true","1123","0.15395107032876812","95","true","1123","0.5908260507487842","105","true","1123","0.414022628094056","115","true","1123","0.2554531000242317","125","true","1123","0.24510370833337838","135","true"
"1124","0.21750619302762556","0","true","1124","0.20099767883223435","85","true","1124","0.36451302383233497","55","true","1124","0.4268498186917806","15","true","1124","0.5799800492114057","5","true","1124","0.6398829450628187","25","true","1124","0.41928863727446475","35","true","1124","0.5562652920363912","45","true","1124","0.3117931325944555","65","true","1124","0.27662977827461943","75","true","1124","0.1538240882420863","95","true","1124","0.5909307147019787","105","true","1124","0.4139702992861116","115","true","1124","0.2552592738249645","125","true","1124","0.244978851170948","135","true"
"1125","0.217313025893498","0","true","1125","0.200819172900767","85","true","1125","0.3641893000101038","55","true","1125","0.4264707335952515","15","true","1125","0.579464969238749","5","true","1125","0.6393146653602763","25","true","1125","0.4189162672591233","35","true","1125","0.555771273126945","45","true","1125","0.31151622927954037","65","true","1125","0.27638410351593856","75","true","1125","0.15368747715128514","95","true","1125","0.590405909449135","105","true","1125","0.4136026524839037","115","true","1125","0.25503257819989794","125","true","1125","0.24476128558376245","135","true"
"1126","0.2171672628240525","0","true","1126","0.200656128783543","85","true","1126","0.36393488207530356","55","true","1126","0.42617315725520366","15","true","1126","0.5791500192061234","5","true","1126","0.6391414344549375","25","true","1126","0.4185767697759546","35","true","1126","0.5560999922624226","45","true","1126","0.31148327630779327","65","true","1126","0.2761897727617135","75","true","1126","0.1535609542991649","95","true","1126","0.5905072034913017","105","true","1126","0.41355950147320003","115","true","1126","0.25483946910286925","125","true","1126","0.24463709465958508","135","true"
"1127","0.21697473865488223","0","true","1127","0.2004782421445505","85","true","1127","0.3636122447684992","55","true","1127","0.4257953441725306","15","true","1127","0.5786365883380329","5","true","1127","0.6385748197080804","25","true","1127","0.4182056910793447","35","true","1127","0.5556069958153814","45","true","1127","0.311207138651492","65","true","1127","0.27594492367238577","75","true","1127","0.15342481870138192","95","true","1127","0.5899837041974264","105","true","1127","0.41319287070948263","115","true","1127","0.25461354758770716","125","true","1127","0.24442021780261736","135","true"
"1128","0.21682845894670227","0","true","1128","0.20031671740472237","85","true","1128","0.3633599894388049","55","true","1128","0.4254978188328601","15","true","1128","0.5783196843608351","5","true","1128","0.638422947846673","25","true","1128","0.4178674243943568","35","true","1128","0.555931872283036","45","true","1128","0.3111776217604961","65","true","1128","0.27574922258997975","75","true","1128","0.153299689294313","95","true","1128","0.5900633681364683","105","true","1128","0.4131505300176982","115","true","1128","0.2544201509312269","125","true","1128","0.24429439717418153","135","true"
"1129","0.21663657535471406","0","true","1129","0.20013944597339076","85","true","1129","0.3630384319260272","55","true","1129","0.42512127209053013","15","true","1129","0.5778078970295424","5","true","1129","0.6378579717866316","25","true","1129","0.41749763021347686","35","true","1129","0.5554398971748209","45","true","1129","0.3109022433341594","65","true","1129","0.2755051967292807","75","true","1129","0.15316402585245964","95","true","1129","0.589541188164666","105","true","1129","0.4127849100796294","115","true","1129","0.25419500035518156","125","true","1129","0.24407820744216896","135","true"
"1130","0.21648984581504657","0","true","1130","0.19997759608553942","85","true","1130","0.36278713717170774","55","true","1130","0.4248237547203716","15","true","1130","0.5774865113166853","5","true","1130","0.6376909348907727","25","true","1130","0.4171605877497408","35","true","1130","0.5557699792462814","45","true","1130","0.3108703547583615","65","true","1130","0.27531022424939655","75","true","1130","0.15303841329451026","95","true","1130","0.5896220581313759","105","true","1130","0.4127169439543833","115","true","1130","0.2540033147897469","125","true","1130","0.2439518603951567","135","true"
"1131","0.2162986003682135","0","true","1131","0.19980093743175362","85","true","1131","0.3624666538349836","55","true","1131","0.42444846871796843","15","true","1131","0.5769763642218825","5","true","1131","0.6371276036762048","25","true","1131","0.41679207132946716","35","true","1131","0.5552790163670884","45","true","1131","0.31059573430362797","65","true","1131","0.27506701733751543","75","true","1131","0.1529032203499038","95","true","1131","0.589101190588857","105","true","1131","0.41235235301449424","115","true","1131","0.25377893023604575","125","true","1131","0.2437363552181292","135","true"
"1132","0.21615242814016636","0","true","1132","0.1996396720172627","85","true","1132","0.36221755279769546","55","true","1132","0.42415207035761826","15","true","1132","0.5766500386739997","5","true","1132","0.6369506491098764","25","true","1132","0.41645624655665037","35","true","1132","0.5555825604349438","45","true","1132","0.31056430819521463","65","true","1132","0.2748706774039286","75","true","1132","0.1527780597165956","95","true","1132","0.5891646457044656","105","true","1132","0.4122916283412922","115","true","1132","0.2535879502674778","125","true","1132","0.24361053292514875","135","true"
"1133","0.21596181753334082","0","true","1133","0.19946362292377307","85","true","1133","0.3618981369663042","55","true","1133","0.42377803854954277","15","true","1133","0.5761415289397191","5","true","1133","0.6363889642341182","25","true","1133","0.4160890011893164","35","true","1133","0.5550926287238018","45","true","1133","0.3102904419622382","65","true","1133","0.2746282870358476","75","true","1133","0.15264333479621062","95","true","1133","0.5886451001615163","105","true","1133","0.4119280554767937","115","true","1133","0.25336432773637774","125","true","1133","0.24339570882204015","135","true"
"1134","0.21581395999003","0","true","1134","0.199303845996861","85","true","1134","0.36164997576949465","55","true","1134","0.4234816689077705","15","true","1134","0.5758166633141143","5","true","1134","0.6362099106229698","25","true","1134","0.4157543876232712","35","true","1134","0.5553997354000736","45","true","1134","0.3102601261985113","65","true","1134","0.2744326796222333","75","true","1134","0.15251862368433003","95","true","1134","0.588701696420355","105","true","1134","0.41186698911107555","115","true","1134","0.2531740495849348","125","true","1134","0.24326941748641515","135","true"
"1135","0.215623982912574","0","true","1135","0.1991284024704553","85","true","1135","0.3613316219175849","55","true","1135","0.4231088857485207","15","true","1135","0.5753097824485209","5","true","1135","0.6356498666875623","25","true","1135","0.4153884066482507","35","true","1135","0.5549108271822918","45","true","1135","0.309987009890238","65","true","1135","0.2741911015591855","75","true","1135","0.15238436433249522","95","true","1135","0.5881834730960412","105","true","1135","0.41150443014178767","115","true","1135","0.25295118510466635","125","true","1135","0.24305527187243062","135","true"
"1136","0.21547793696324286","0","true","1136","0.19896829589204112","85","true","1136","0.36108206525662395","55","true","1136","0.42281362595027044","15","true","1136","0.5749829869235863","5","true","1136","0.6354523705722019","25","true","1136","0.4150549978506076","35","true","1136","0.5552253021844356","45","true","1136","0.3099577036525109","65","true","1136","0.2739972699285908","75","true","1136","0.15225920624733333","95","true","1136","0.5882483567705078","105","true","1136","0.41143148849981964","115","true","1136","0.25276160501736994","125","true","1136","0.24292950210199546","135","true"
"1137","0.21528858903972506","0","true","1137","0.19879345556173178","85","true","1137","0.36076476994444767","55","true","1137","0.42244208497843366","15","true","1137","0.5744777294658326","5","true","1137","0.6348939765734566","25","true","1137","0.41469027465390235","35","true","1137","0.5547374064883157","45","true","1137","0.30968533308691115","65","true","1137","0.2737564990411316","75","true","1137","0.1521254108112636","95","true","1137","0.5877314425729941","105","true","1137","0.41106994940623454","115","true","1137","0.2525394946438924","125","true","1137","0.24271603153775823","135","true"
"1138","0.2151443690074423","0","true","1138","0.19863300376995177","85","true","1138","0.3605127038280322","55","true","1138","0.4221468633223536","15","true","1138","0.5741523825582611","5","true","1138","0.6346979521246926","25","true","1138","0.4143580642316671","35","true","1138","0.5550396033396823","45","true","1138","0.3096530332674413","65","true","1138","0.27356547945114235","75","true","1138","0.15200069984611184","95","true","1138","0.5877595580919666","105","true","1138","0.41100472386470954","115","true","1138","0.2523506088942917","125","true","1138","0.2425907804502691","135","true"
"1139","0.21495564587673402","0","true","1139","0.19845876429296058","85","true","1139","0.36019646461414795","55","true","1139","0.42177655905628136","15","true","1139","0.5736487401174205","5","true","1139","0.6341411995351095","25","true","1139","0.413994592245499","35","true","1139","0.5545527264946475","45","true","1139","0.30938140779966283","65","true","1139","0.27332550973232556","75","true","1139","0.15186736589887842","95","true","1139","0.5872439795322367","105","true","1139","0.4106441934051791","115","true","1139","0.252129248711051","125","true","1139","0.24237798152004958","135","true"
"1140","0.21481069766695868","0","true","1140","0.198299805886756","85","true","1140","0.35994541877193087","55","true","1140","0.42148133109987507","15","true","1140","0.573315583709595","5","true","1140","0.6339518480942821","25","true","1140","0.41366357385065455","35","true","1140","0.554834839206306","45","true","1140","0.3093521853314129","65","true","1140","0.2731341563688269","75","true","1140","0.15174309968994285","95","true","1140","0.5872826354492517","105","true","1140","0.41056335005447264","115","true","1140","0.25194105359898933","125","true","1140","0.24225229984502733","135","true"
"1141","0.21462259723117327","0","true","1141","0.19812616332468355","85","true","1141","0.3596302301390308","55","true","1141","0.4211122581304356","15","true","1141","0.5728135560531067","5","true","1141","0.6333967238840419","25","true","1141","0.41330134655306205","35","true","1141","0.5543489943383495","45","true","1141","0.30908129900450276","65","true","1141","0.2728949846031799","75","true","1141","0.15161022482156286","95","true","1141","0.586768377449734","105","true","1141","0.41020383748875067","115","true","1141","0.25172043971667846","125","true","1141","0.24204016998526812","135","true"
"1142","0.21447946457591385","0","true","1142","0.19796685685171733","85","true","1142","0.3593801210823122","55","true","1142","0.4208192330740689","15","true","1142","0.5724849818367173","5","true","1142","0.6331939983834787","25","true","1142","0.41297151388217396","35","true","1142","0.5546107000716283","45","true","1142","0.3090451579636991","65","true","1142","0.27270225899198564","75","true","1142","0.1514864010216345","95","true","1142","0.5867962737712575","105","true","1142","0.4101157579966924","115","true","1142","0.2515319116350515","125","true","1142","0.24191500377383715","135","true"
"1143","0.21429198252645937","0","true","1143","0.19779380889992387","85","true","1143","0.35906597761982767","55","true","1143","0.42045138409410904","15","true","1143","0.5719845579015452","5","true","1143","0.6326405071261505","25","true","1143","0.41261052479661264","35","true","1143","0.5541259005086285","45","true","1143","0.3087750135948497","65","true","1143","0.27246388289146817","75","true","1143","0.15135398283892326","95","true","1143","0.5862833399655134","105","true","1143","0.40975726520124073","115","true","1143","0.251312041082923","125","true","1143","0.24170353960969918","135","true"
"1144","0.21414904633022336","0","true","1144","0.1976350709574124","85","true","1144","0.35881798224056416","55","true","1144","0.4201572873217586","15","true","1144","0.5716511486845931","5","true","1144","0.632435554631325","25","true","1144","0.41228187159043916","35","true","1144","0.5543760321162438","45","true","1144","0.308741148282383","65","true","1144","0.272270833934009","75","true","1144","0.15123151406308957","95","true","1144","0.5862917047355835","105","true","1144","0.40967937302870433","115","true","1144","0.251123221394595","125","true","1144","0.2415788860295332","135","true"
"1145","0.213962179797649","0","true","1145","0.1974626145255124","85","true","1145","0.35850487754401916","55","true","1145","0.41979065792618986","15","true","1145","0.5711523256927217","5","true","1145","0.6318836911456083","25","true","1145","0.41192211428538644","35","true","1145","0.5538922833971197","45","true","1145","0.3084717406486288","65","true","1145","0.27203325030928477","75","true","1145","0.15109954939113227","95","true","1145","0.5857801063893918","105","true","1145","0.4093218866648049","115","true","1145","0.25090409118395396","125","true","1145","0.24136808420926312","135","true"
"1146","0.2138185142564912","0","true","1146","0.19730441717626554","85","true","1146","0.358256617969382","55","true","1146","0.4194987512825397","15","true","1146","0.5708233482807066","5","true","1146","0.6316666546872073","25","true","1146","0.41159348528570283","35","true","1146","0.5541363542026523","45","true","1146","0.308431644000137","65","true","1146","0.27184195147866647","75","true","1146","0.15097660263621707","95","true","1146","0.5857962350499071","105","true","1146","0.40922716737875664","115","true","1146","0.2507169322922653","125","true","1146","0.2412439404482434","135","true"
"1147","0.21363226119529216","0","true","1147","0.19713254921705275","85","true","1147","0.35794454774467","55","true","1147","0.41913333425180577","15","true","1147","0.570326115398929","5","true","1147","0.6311164224096052","25","true","1147","0.4112349543751752","35","true","1147","0.5536536570300019","45","true","1147","0.30816297532069437","65","true","1147","0.27160515535368507","75","true","1147","0.15084508991615067","95","true","1147","0.5852859595838357","105","true","1147","0.4088706977207612","115","true","1147","0.25049853775194103","125","true","1147","0.24103379764297492","135","true"
"1148","0.21348809477362787","0","true","1148","0.19697491449618446","85","true","1148","0.35769839171387663","55","true","1148","0.418840368918794","15","true","1148","0.5699927602056268","5","true","1148","0.6309078862635369","25","true","1148","0.4109074954520012","35","true","1148","0.5538993031453352","45","true","1148","0.3081260925926307","65","true","1148","0.2714135258247443","75","true","1148","0.1507225786294555","95","true","1148","0.5853000662026123","105","true","1148","0.40877340711538346","115","true","1148","0.2503120575993433","125","true","1148","0.24091016090901207","135","true"
"1149","0.21330245295208558","0","true","1149","0.19680363196183995","85","true","1149","0.35738734963412544","55","true","1149","0.4184761599023429","15","true","1149","0.5694971143271872","5","true","1149","0.6303592707102642","25","true","1149","0.41055018458639075","35","true","1149","0.5534176515773828","45","true","1149","0.30785815685994145","65","true","1149","0.2711775140631576","75","true","1149","0.1505915155176038","95","true","1149","0.5847911096233057","105","true","1149","0.40841795197876135","115","true","1149","0.25009439494056124","125","true","1149","0.24070067381256946","135","true"
"1150","0.21316008529222247","0","true","1150","0.19664564609293314","85","true","1150","0.35713974590323727","55","true","1150","0.4181853720349454","15","true","1150","0.5691702947358127","5","true","1150","0.6301461910662537","25","true","1150","0.4102238895968703","35","true","1150","0.5536401473906724","45","true","1150","0.30781662596961445","65","true","1150","0.27098865460350013","75","true","1150","0.15046943741680954","95","true","1150","0.5847705932468464","105","true","1150","0.40833800875726994","115","true","1150","0.24990858994271287","125","true","1150","0.2405766297497684","135","true"
"1151","0.21297505049596185","0","true","1151","0.19647494674736635","85","true","1151","0.35682972876269625","55","true","1151","0.4178223638994984","15","true","1151","0.5686762232994101","5","true","1151","0.6295991891642865","25","true","1151","0.4098677924704841","35","true","1151","0.5531595569849512","45","true","1151","0.3075494240373492","65","true","1151","0.27075342139637903","75","true","1151","0.15033882158571857","95","true","1151","0.584262979884653","105","true","1151","0.4079835486802237","115","true","1151","0.24969165540283206","125","true","1151","0.24036779586977727","135","true"
"1152","0.21283071724319477","0","true","1152","0.19631932219945397","85","true","1152","0.3565842985601252","55","true","1152","0.4175315519330819","15","true","1152","0.5683401046084872","5","true","1152","0.6293750632251591","25","true","1152","0.40954149729206624","35","true","1152","0.5533861968067119","45","true","1152","0.30751028912454137","65","true","1152","0.27056221477585535","75","true","1152","0.15021717440438093","95","true","1152","0.5842836792300957","105","true","1152","0.4078817188562128","115","true","1152","0.24950652200041595","125","true","1152","0.24024328875702722","135","true"
"1153","0.21264628854541037","0","true","1153","0.1961492014696451","85","true","1153","0.3562753000345098","55","true","1153","0.4171697394963981","15","true","1153","0.5678476088505942","5","true","1153","0.62882967755512","25","true","1153","0.4091866086462325","35","true","1153","0.5529066593744704","45","true","1153","0.3072438157370851","65","true","1153","0.2703277587838485","75","true","1153","0.15008700354267868","95","true","1153","0.5837773675496537","105","true","1153","0.4075282684932525","115","true","1153","0.2492903118427033","125","true","1153","0.2400351056645168","135","true"
"1154","0.21250154880199415","0","true","1154","0.19599323701377472","85","true","1154","0.35602842349094493","55","true","1154","0.41687897851477995","15","true","1154","0.5675163674669927","5","true","1154","0.6286039369139863","25","true","1154","0.40886146825065545","35","true","1154","0.5531276840647485","45","true","1154","0.30719961234774956","65","true","1154","0.2701382826748771","75","true","1154","0.1499657850300906","95","true","1154","0.5837687534517025","105","true","1154","0.4074312642001059","115","true","1154","0.24910584650120926","125","true","1154","0.23991110219196654","135","true"
"1155","0.21231772393278828","0","true","1155","0.19582369269109845","85","true","1155","0.3557204404256413","55","true","1155","0.41651835656104746","15","true","1155","0.567025436353267","5","true","1155","0.6280601618820537","25","true","1155","0.40850778185943515","35","true","1155","0.5526491999089832","45","true","1155","0.3069338687384522","65","true","1155","0.2699045990393452","75","true","1155","0.1498360568423483","95","true","1155","0.5832637631805505","105","true","1155","0.4070788150096214","115","true","1155","0.24889035701461654","125","true","1155","0.23970356663643716","135","true"
"1156","0.21217351836750467","0","true","1156","0.1956682791753234","85","true","1156","0.3554756457624773","55","true","1156","0.41622759434422385","15","true","1156","0.5666864058918974","5","true","1156","0.6278456406074605","25","true","1156","0.40818379021716655","35","true","1156","0.5528416418629379","45","true","1156","0.3068912361243384","65","true","1156","0.2697147871023471","75","true","1156","0.14971526476340366","95","true","1156","0.5832265062642294","105","true","1156","0.40699317165655874","115","true","1156","0.24870655622412602","125","true","1156","0.23957902721734628","135","true"
"1157","0.211990294258379","0","true","1157","0.19549930829520654","85","true","1157","0.35516867197511764","55","true","1157","0.4158681577342548","15","true","1157","0.5661970393928544","5","true","1157","0.6273034595706666","25","true","1157","0.40783129989746264","35","true","1157","0.5523642311186694","45","true","1157","0.3066262177857163","65","true","1157","0.2694818727784245","75","true","1157","0.14958597696999829","95","true","1157","0.5827228564315314","105","true","1157","0.40664170950486916","115","true","1157","0.2484917837230689","125","true","1157","0.23937213686569053","135","true"
"1158","0.21184662004840601","0","true","1158","0.19534351319247478","85","true","1158","0.35492242559284104","55","true","1158","0.415577393762727","15","true","1158","0.5658598680431155","5","true","1158","0.6270776844686372","25","true","1158","0.40750845102072164","35","true","1158","0.5525441282208775","45","true","1158","0.3065754534849926","65","true","1158","0.26929481052148446","75","true","1158","0.14946560910505732","95","true","1158","0.582691811123985","105","true","1158","0.40654552216446216","115","true","1158","0.24830864399804217","125","true","1158","0.23924809831684032","135","true"
"1159","0.21166399365181254","0","true","1159","0.19517511361213644","85","true","1159","0.35461645798457136","55","true","1159","0.4152191373887936","15","true","1159","0.5653720578120438","5","true","1159","0.6265371002578883","25","true","1159","0.4071571506319107","35","true","1159","0.5520677970758595","45","true","1159","0.30631116430095384","65","true","1159","0.26906265982275906","75","true","1159","0.14933675944203573","95","true","1159","0.5821894905971541","105","true","1159","0.40619505188673416","115","true","1159","0.2480945848221818","125","true","1159","0.23904184995622238","135","true"
"1160","0.21151961954207987","0","true","1160","0.19501984996062285","85","true","1160","0.35437228609329874","55","true","1160","0.4149294333210458","15","true","1160","0.5650329829555131","5","true","1160","0.6263073948557789","25","true","1160","0.40683543857430754","35","true","1160","0.5522420556408032","45","true","1160","0.30626122697947766","65","true","1160","0.268875252581673","75","true","1160","0.14921681358679142","95","true","1160","0.5821582805443817","105","true","1160","0.4060915486679827","115","true","1160","0.24791119664157055","125","true","1160","0.23891945912219062","135","true"
"1161","0.21133758888842918","0","true","1161","0.19485201876444333","85","true","1161","0.3540673185493286","55","true","1161","0.4145723511925424","15","true","1161","0.5645467239340367","5","true","1161","0.6257684039824091","25","true","1161","0.4064853220178753","35","true","1161","0.5517668043020417","45","true","1161","0.30599766310083787","65","true","1161","0.2686438625192103","75","true","1161","0.14908839980573568","95","true","1161","0.5816572837452901","105","true","1161","0.40574207229219267","115","true","1161","0.24769784793533856","125","true","1161","0.2387138485721715","135","true"
"1162","0.21119497005438898","0","true","1162","0.19469731606922805","85","true","1162","0.35382403873304974","55","true","1162","0.41428155684956736","15","true","1162","0.5642039016180056","5","true","1162","0.6255411923263408","25","true","1162","0.4061647408740548","35","true","1162","0.5519150679358914","45","true","1162","0.3059445786874925","65","true","1162","0.2684561429988183","75","true","1162","0.14896887377108192","95","true","1162","0.5816029465148194","105","true","1162","0.40565768303335886","115","true","1162","0.24751511625795009","125","true","1162","0.23859080266518623","135","true"
"1163","0.21101353107667903","0","true","1163","0.1945300503337734","85","true","1163","0.35352006619118287","55","true","1163","0.4139256448591468","15","true","1163","0.5637191903623201","5","true","1163","0.6250037858037236","25","true","1163","0.4058158020932352","35","true","1163","0.5514409140974585","45","true","1163","0.30568173970236573","65","true","1163","0.2682255105735616","75","true","1163","0.14884089363897618","95","true","1163","0.5811032876260609","105","true","1163","0.40530917986924087","115","true","1163","0.2473024744054948","125","true","1163","0.2383858277488072","135","true"
"1164","0.21087268179562285","0","true","1164","0.1943749897121477","85","true","1164","0.3532765031428784","55","true","1164","0.4136359048466605","15","true","1164","0.5633772938202924","5","true","1164","0.6247706924402872","25","true","1164","0.40549634599852397","35","true","1164","0.5515783085588567","45","true","1164","0.30562900327298026","65","true","1164","0.2680384685140639","75","true","1164","0.14872178525087698","95","true","1164","0.5810577648993501","105","true","1164","0.4051987602678691","115","true","1164","0.24711938834910424","125","true","1164","0.23826327464236902","135","true"
"1165","0.21069183043902284","0","true","1165","0.1942082873195987","85","true","1165","0.352973521579291","55","true","1165","0.41328115707234947","15","true","1165","0.5628941228993488","5","true","1165","0.6242348685188118","25","true","1165","0.40514857897794204","35","true","1165","0.5511052568362504","45","true","1165","0.3053668857744614","65","true","1165","0.26780858989612727","75","true","1165","0.1485942365499757","95","true","1165","0.5805594306241363","105","true","1165","0.4048512484666102","115","true","1165","0.24690745062324737","125","true","1165","0.23805893221128635","135","true"
"1166","0.21055025379331643","0","true","1166","0.19405376815834782","85","true","1166","0.3527308662650702","55","true","1166","0.4129914286778981","15","true","1166","0.5625534466945629","5","true","1166","0.6240027985156239","25","true","1166","0.4048302421079992","35","true","1166","0.5512623927934474","45","true","1166","0.30531078789167265","65","true","1166","0.2676212026273179","75","true","1166","0.148475543649336","95","true","1166","0.5805083778766702","105","true","1166","0.4047450773925105","115","true","1166","0.24672501683411904","125","true","1166","0.2379370875727826","135","true"
"1167","0.21036998816506874","0","true","1167","0.1938876262335547","85","true","1167","0.35242887066039125","55","true","1167","0.41263784012594784","15","true","1167","0.5620718084696531","5","true","1167","0.623468549544292","25","true","1167","0.40448364087331773","35","true","1167","0.5507904215667406","45","true","1167","0.3050493916691626","65","true","1167","0.2673920748853425","75","true","1167","0.14834842417703345","95","true","1167","0.5800113672791731","105","true","1167","0.4043985490728251","115","true","1167","0.24651377966217203","125","true","1167","0.23773337431287436","135","true"
"1168","0.21022892905192467","0","true","1168","0.19373454253637384","85","true","1168","0.35218709640822976","55","true","1168","0.41234807718558436","15","true","1168","0.5617300786141681","5","true","1168","0.6232293349353709","25","true","1168","0.4041664174437894","35","true","1168","0.5509030898368301","45","true","1168","0.30499560622463523","65","true","1168","0.26720439490783354","75","true","1168","0.14823014461957099","95","true","1168","0.5799398015223787","105","true","1168","0.4042991039088034","115","true","1168","0.24633199475117828","125","true","1168","0.2376108749389372","135","true"
"1169","0.21004924620658114","0","true","1169","0.19356895745728292","85","true","1169","0.351886081795915","55","true","1169","0.4119956429315796","15","true","1169","0.5612499674358654","5","true","1169","0.622696660290127","25","true","1169","0.4038209760613588","35","true","1169","0.5504322324950892","45","true","1169","0.304734926219315","65","true","1169","0.26697601508312596","75","true","1169","0.14810345218827223","95","true","1169","0.5794441264783424","105","true","1169","0.4039535491191377","115","true","1169","0.2461214545847243","125","true","1169","0.23740778872104068","135","true"
"1170","0.20990748395726055","0","true","1170","0.19341728659036306","85","true","1170","0.3516440193798494","55","true","1170","0.4117069474315816","15","true","1170","0.5609116541818725","5","true","1170","0.6224557989350044","25","true","1170","0.40350486032753585","35","true","1170","0.5505335465866489","45","true","1170","0.3046776891245696","65","true","1170","0.2667900304803568","75","true","1170","0.14798647847548066","95","true","1170","0.5793825907595915","105","true","1170","0.4038443566982515","115","true","1170","0.24593935929835029","125","true","1170","0.2372838016906879","135","true"
"1171","0.20972838200849156","0","true","1171","0.19325225477586616","85","true","1171","0.3513439818206516","55","true","1171","0.4113556616402577","15","true","1171","0.5604330606202839","5","true","1171","0.6219246933045137","25","true","1171","0.4031605729040482","35","true","1171","0.5500638080656706","45","true","1171","0.30441772522599914","65","true","1171","0.26656239393557835","75","true","1171","0.1478602101491364","95","true","1171","0.5788882370132096","105","true","1171","0.4034997796020926","115","true","1171","0.24572951342864177","125","true","1171","0.23708134110904058","135","true"
"1172","0.2095871350095518","0","true","1172","0.1931002187651492","85","true","1172","0.35110279427654456","55","true","1172","0.41106692710733966","15","true","1172","0.5600887653319083","5","true","1172","0.6216791101249123","25","true","1172","0.40284555916052783","35","true","1172","0.5501748732792583","45","true","1172","0.30436466169811394","65","true","1172","0.26637707906030544","75","true","1172","0.14774275014176577","95","true","1172","0.5788215219172947","105","true","1172","0.403391090585042","115","true","1172","0.2455490170137073","125","true","1172","0.23695898157618975","135","true"
"1173","0.209408611044467","0","true","1173","0.1929357381699489","85","true","1173","0.3508037288640432","55","true","1173","0.4107167849207065","15","true","1173","0.5596116880190191","5","true","1173","0.6211495708488263","25","true","1173","0.40250241984267393","35","true","1173","0.5497062405081516","45","true","1173","0.3041054073014375","65","true","1173","0.2661501820594023","75","true","1173","0.14761690452835713","95","true","1173","0.5783284882529699","105","true","1173","0.4030474865896544","115","true","1173","0.2453398611218728","125","true","1173","0.2367571425799579","135","true"
"1174","0.20926909042647143","0","true","1174","0.19278424629425456","85","true","1174","0.3505645723032088","55","true","1174","0.4104301606036965","15","true","1174","0.559270163195111","5","true","1174","0.6209048580547503","25","true","1174","0.4021873440903634","35","true","1174","0.5498047193248337","45","true","1174","0.3040480833490791","65","true","1174","0.265963507013227","75","true","1174","0.1474998515215274","95","true","1174","0.5782391450041804","105","true","1174","0.4029408672593704","115","true","1174","0.24515899576630878","125","true","1174","0.2366341313745094","135","true"
"1175","0.2090911405196462","0","true","1175","0.19262031411203157","85","true","1175","0.35026647317710063","55","true","1175","0.41008115536508793","15","true","1175","0.5587945933284485","5","true","1175","0.6203768777332751","25","true","1175","0.40184534804947025","35","true","1175","0.5493371983049996","45","true","1175","0.303789539060517","65","true","1175","0.2657373475684879","75","true","1175","0.14737442647771656","95","true","1175","0.5777474450509454","105","true","1175","0.40259823046748316","115","true","1175","0.2449505272324939","125","true","1175","0.23643291187504126","135","true"
"1176","0.20895212670858418","0","true","1176","0.19246934764654053","85","true","1176","0.3500270865361339","55","true","1176","0.4097944849310712","15","true","1176","0.5584528601882848","5","true","1176","0.6201341362379217","25","true","1176","0.4015313659448215","35","true","1176","0.549432001381489","45","true","1176","0.30373601828424185","65","true","1176","0.2655513404786281","75","true","1176","0.14725777838513007","95","true","1176","0.577676258503353","105","true","1176","0.40247907471701344","115","true","1176","0.24477029999468733","125","true","1176","0.23631038516671748","135","true"
"1177","0.20877474799321186","0","true","1177","0.19230596110354686","85","true","1177","0.3497299497903477","55","true","1177","0.4094466118538801","15","true","1177","0.5579787915463592","5","true","1177","0.6196077065806739","25","true","1177","0.4011905073998768","35","true","1177","0.5489655905144418","45","true","1177","0.30347817786125014","65","true","1177","0.26532591489248325","75","true","1177","0.14713277178208667","95","true","1177","0.5771858711871363","105","true","1177","0.402137411665471","115","true","1177","0.2445625153597173","125","true","1177","0.23610978212328224","135","true"
"1178","0.20863623835530384","0","true","1178","0.19215371357311561","85","true","1178","0.349490267576326","55","true","1178","0.40916096591891277","15","true","1178","0.5576398287639313","5","true","1178","0.6193651317980011","25","true","1178","0.40087761334006167","35","true","1178","0.5490634586652252","45","true","1178","0.3034194959292026","65","true","1178","0.2651415849111211","75","true","1178","0.14701652653163824","95","true","1178","0.5771085099272156","105","true","1178","0.40202742164491934","115","true","1178","0.2443829229534191","125","true","1178","0.2359888693386781","135","true"
"1179","0.2084594279838163","0","true","1179","0.19199087144296892","85","true","1179","0.3491940893834647","55","true","1179","0.4088142193376256","15","true","1179","0.5571672526378602","5","true","1179","0.6188402460930876","25","true","1179","0.4005378865490955","35","true","1179","0.5485981506494072","45","true","1179","0.3031623607631609","65","true","1179","0.2649168886527219","75","true","1179","0.1468919362549165","95","true","1179","0.5766194349188027","105","true","1179","0.40168672044013554","115","true","1179","0.2441758187814247","125","true","1179","0.23578887877144195","135","true"
"1180","0.20832141990330474","0","true","1180","0.19183914853973616","85","true","1180","0.3489552668009713","55","true","1180","0.40852959261043653","15","true","1180","0.5568279881157937","5","true","1180","0.6185966943925979","25","true","1180","0.4002260749693569","35","true","1180","0.5486841407281777","45","true","1180","0.30310624563285504","65","true","1180","0.2647332171694144","75","true","1180","0.14677525997717183","95","true","1180","0.5765158926729484","105","true","1180","0.4015718039796885","115","true","1180","0.2439977467094139","125","true","1180","0.23566731238482597","135","true"
"1181","0.20814517504721056","0","true","1181","0.19167684807565855","85","true","1181","0.34866004237897386","55","true","1181","0.40818396689756814","15","true","1181","0.556356898447337","5","true","1181","0.6180733469354129","25","true","1181","0.39988747422911214","35","true","1181","0.5482199409475278","45","true","1181","0.30284981056886784","65","true","1181","0.264509246596513","75","true","1181","0.14665108463032142","95","true","1181","0.5760281465708562","105","true","1181","0.4012320647208224","115","true","1181","0.24379131883571728","125","true","1181","0.2354679322559048","135","true"
"1182","0.20800646031957315","0","true","1182","0.19152651744397173","85","true","1182","0.3484243775246274","55","true","1182","0.4079003541229526","15","true","1182","0.5560180572627572","5","true","1182","0.6178269036833031","25","true","1182","0.39957673960244156","35","true","1182","0.5482890430835546","45","true","1182","0.30278887779304386","65","true","1182","0.26432319695659934","75","true","1182","0.1465356396065455","95","true","1182","0.5759409143025188","105","true","1182","0.4011157557973614","115","true","1182","0.24361298557240235","125","true","1182","0.2353468426903275","135","true"
"1183","0.2078307791875465","0","true","1183","0.19136475518261703","85","true","1183","0.3481301001787451","55","true","1183","0.4075558436887271","15","true","1183","0.5555484474170961","5","true","1183","0.617305090420057","25","true","1183","0.3992392592480476","35","true","1183","0.5478259611214908","45","true","1183","0.3025331439435565","65","true","1183","0.26409995101322387","75","true","1183","0.14641187639741834","95","true","1183","0.575454477719493","105","true","1183","0.40077697559820824","115","true","1183","0.24340723136161485","125","true","1183","0.23514807001913635","135","true"
"1184","0.2076925638905546","0","true","1184","0.19121403806775217","85","true","1184","0.34789422632501027","55","true","1184","0.40727430560328004","15","true","1184","0.555211637780844","5","true","1184","0.6170481704844487","25","true","1184","0.3989284660668666","35","true","1184","0.5478910900067757","45","true","1184","0.30247643558977233","65","true","1184","0.263914560778258","75","true","1184","0.1462968280810521","95","true","1184","0.5753695852398816","105","true","1184","0.4006585254451344","115","true","1184","0.2432295232071613","125","true","1184","0.23502745475007206","135","true"
"1185","0.20751744368491334","0","true","1185","0.19105281206600871","85","true","1185","0.34760089223873286","55","true","1185","0.4069309039965319","15","true","1185","0.5547434998063239","5","true","1185","0.6165278937808362","25","true","1185","0.39859210142431445","35","true","1185","0.5474291245008678","45","true","1185","0.30222139643666124","65","true","1185","0.2636920358534871","75","true","1185","0.14617347493764482","95","true","1185","0.5748844506823437","105","true","1185","0.40032070206786197","115","true","1185","0.24302443929214682","125","true","1185","0.23482928657574653","135","true"
"1186","0.20737872973908444","0","true","1186","0.1909026116970127","85","true","1186","0.34736471580093703","55","true","1186","0.40664930260692017","15","true","1186","0.5544045691385749","5","true","1186","0.6162672293797851","25","true","1186","0.39828237710933906","35","true","1186","0.5474608321246868","45","true","1186","0.30215908496492416","65","true","1186","0.2635083047260351","75","true","1186","0.14605882131217368","95","true","1186","0.5747785757379343","105","true","1186","0.4002041048999312","115","true","1186","0.24284735304871127","125","true","1186","0.2347082115181423","135","true"
"1187","0.20720416851876533","0","true","1187","0.1907419192629243","85","true","1187","0.34707232125901705","55","true","1187","0.4063070052141534","15","true","1187","0.5539378986258321","5","true","1187","0.6157484859207112","25","true","1187","0.39794712258315273","35","true","1187","0.5470000065084202","45","true","1187","0.3019047423008123","65","true","1187","0.2632864963887236","75","true","1187","0.145935876176389","95","true","1187","0.5742947553879866","105","true","1187","0.39986723275775954","115","true","1187","0.24264293608486556","125","true","1187","0.23451064568353108","135","true"
"1188","0.2070671509023774","0","true","1188","0.19059047023064737","85","true","1188","0.3468381305628387","55","true","1188","0.4060264022278735","15","true","1188","0.5536036328171287","5","true","1188","0.6154814644932575","25","true","1188","0.39763846170591594","35","true","1188","0.5470184093141797","45","true","1188","0.3018419912434112","65","true","1188","0.26310241398854695","75","true","1188","0.14582161523890122","95","true","1188","0.5742130133542207","105","true","1188","0.39974883549818935","115","true","1188","0.24246646857624427","125","true","1188","0.2343900422752182","135","true"
"1189","0.20689314489321575","0","true","1189","0.19043031017163004","85","true","1189","0.3465466699489203","55","true","1189","0.40568520357053917","15","true","1189","0.5531384196803075","5","true","1189","0.6149642531785572","25","true","1189","0.39730431173809583","35","true","1189","0.5465587299786215","45","true","1189","0.30158834251127387","65","true","1189","0.26288131952301036","75","true","1189","0.14569907606643157","95","true","1189","0.5737304814102255","105","true","1189","0.39941291210701435","115","true","1189","0.24226271524130624","125","true","1189","0.2341930758531382","135","true"
"1190","0.206755421001606","0","true","1190","0.19027936589891914","85","true","1190","0.34631102680309805","55","true","1190","0.4054056020341124","15","true","1190","0.552804539154333","5","true","1190","0.6146954580572083","25","true","1190","0.3969967089067024","35","true","1190","0.546581235728024","45","true","1190","0.30152198808103625","65","true","1190","0.26269988856760146","75","true","1190","0.14558520582750376","95","true","1190","0.5736342187837777","105","true","1190","0.399295368011361","115","true","1190","0.2420868633127528","125","true","1190","0.234071884567399","135","true"
"1191","0.20658196846720867","0","true","1191","0.19011973555839992","85","true","1191","0.3460204974181961","55","true","1191","0.4050654966632784","15","true","1191","0.5523407769570559","5","true","1191","0.6141797739481","25","true","1191","0.39666365797641157","35","true","1191","0.546122694422883","45","true","1191","0.3012690333930488","65","true","1191","0.2624795027550447","75","true","1191","0.14546307058771557","95","true","1191","0.5731529820230531","105","true","1191","0.39896038867578104","115","true","1191","0.24188377030661795","125","true","1191","0.23387551553672167","135","true"
"1192","0.20644593179844614","0","true","1192","0.18996844164201226","85","true","1192","0.3457879736009998","55","true","1192","0.40478582450830475","15","true","1192","0.5520060741244018","5","true","1192","0.6139093287762056","25","true","1192","0.39635599160800106","35","true","1192","0.5461218599184511","45","true","1192","0.30120573780507753","65","true","1192","0.26229671400384913","75","true","1192","0.14534958907129958","95","true","1192","0.5730411224252665","105","true","1192","0.3988360156113653","115","true","1192","0.24170853082466282","125","true","1192","0.2337547936079715","135","true"
"1193","0.20627302900799518","0","true","1193","0.1898093390945734","85","true","1193","0.34549836893299224","55","true","1193","0.404446807904864","15","true","1193","0.5515437574794065","5","true","1193","0.6133951668593076","25","true","1193","0.3960240351661183","35","true","1193","0.545664471426057","45","true","1193","0.30095347169301295","65","true","1193","0.2620770350138961","75","true","1193","0.14522785574711924","95","true","1193","0.572561188486887","105","true","1193","0.3985019820974529","115","true","1193","0.24150609486919827","125","true","1193","0.23355901907396145","135","true"
"1194","0.20613742405307617","0","true","1194","0.18965855813575613","85","true","1194","0.3452655330264166","55","true","1194","0.40416812155162113","15","true","1194","0.551212613860985","5","true","1194","0.6131229778267863","25","true","1194","0.39571741896971374","35","true","1194","0.5456713050717494","45","true","1194","0.30088128317117446","65","true","1194","0.26189588535076147","75","true","1194","0.14511476099042997","95","true","1194","0.5724626086807055","105","true","1194","0.39837869666276365","115","true","1194","0.2413314647214702","125","true","1194","0.23343786303017094","135","true"
"1195","0.20596506834734618","0","true","1195","0.18949998074601052","85","true","1195","0.34497684947037444","55","true","1195","0.4038301883396215","15","true","1195","0.5507517337490611","5","true","1195","0.6126103331964963","25","true","1195","0.3953865515625484","35","true","1195","0.5452150581611543","45","true","1195","0.30062971019193435","65","true","1195","0.2616769088579933","75","true","1195","0.1449934275782306","95","true","1195","0.5719839610145845","105","true","1195","0.39804560410702555","115","true","1195","0.24112968256033185","125","true","1195","0.23324268087044672","135","true"
"1196","0.20582899010820394","0","true","1196","0.18934971016335547","85","true","1196","0.3447426397778652","55","true","1196","0.40355353803498206","15","true","1196","0.5504193318595384","5","true","1196","0.6123363507666528","25","true","1196","0.395080980241663","35","true","1196","0.5452132702859908","45","true","1196","0.30056007723259437","65","true","1196","0.26149739352196405","75","true","1196","0.1448807176316351","95","true","1196","0.5718647346686496","105","true","1196","0.3979152977199154","115","true","1196","0.240955658655381","125","true","1196","0.23312199153533714","135","true"
"1197","0.20565717959893165","0","true","1197","0.18919165531346954","85","true","1197","0.34445487463614743","55","true","1197","0.40321668199321664","15","true","1197","0.5499598833354487","5","true","1197","0.6118252185873819","25","true","1197","0.39475119645181184","35","true","1197","0.5447581673892579","45","true","1197","0.3003091923601131","65","true","1197","0.2612791152302095","75","true","1197","0.14475978214112456","95","true","1197","0.5713873851405455","105","true","1197","0.39758314805570844","115","true","1197","0.24075452705383227","125","true","1197","0.23292739888797878","135","true"
"1198","0.2055215851339568","0","true","1198","0.18904189254282272","85","true","1198","0.3442214909605016","55","true","1198","0.40293893809211734","15","true","1198","0.5496238712694813","5","true","1198","0.6115470403509422","25","true","1198","0.39444666474539886","35","true","1198","0.5447236695095965","45","true","1198","0.3002302595536834","65","true","1198","0.2611002311071076","75","true","1198","0.1446474550680322","95","true","1198","0.5712533569070793","105","true","1198","0.3974516165458514","115","true","1198","0.2405795113764549","125","true","1198","0.23280717382363875","135","true"
"1199","0.20535031714634516","0","true","1199","0.18888435763237038","85","true","1199","0.3439346397180345","55","true","1199","0.40260315564370724","15","true","1199","0.5491658513767568","5","true","1199","0.6110374178173165","25","true","1199","0.3941179591914444","35","true","1199","0.5442697331183386","45","true","1199","0.29998006767072194","65","true","1199","0.260882647581185","75","true","1199","0.1445269155221422","95","true","1199","0.5707773124429901","105","true","1199","0.39712040686539657","115","true","1199","0.24037902845030784","125","true","1199","0.23261316784545238","135","true"
"1200","0.20521520398976542","0","true","1200","0.18873510012668807","85","true","1200","0.3437032133942371","55","true","1200","0.4023253333548021","15","true","1200","0.5488309272886066","5","true","1200","0.6107550094675893","25","true","1200","0.3938144618736019","35","true","1200","0.5442552562543953","45","true","1200","0.2999088807959036","65","true","1200","0.2607033974063197","75","true","1200","0.14441496939889595","95","true","1200","0.5706708758723762","105","true","1200","0.3969868125891335","115","true","1200","0.24020461687780828","125","true","1200","0.23249340463054716","135","true"
"1201","0.20504447586664584","0","true","1201","0.18857808257250613","85","true","1201","0.34341727062103056","55","true","1201","0.40199062009909925","15","true","1201","0.5483743291793814","5","true","1201","0.6102468938191138","25","true","1201","0.39348682920981354","35","true","1201","0.5438024648598409","45","true","1201","0.29965937257560754","65","true","1201","0.26048650606072377","75","true","1201","0.14429482383367223","95","true","1201","0.5701961080887886","105","true","1201","0.39665654069846035","115","true","1201","0.24000477942616286","125","true","1201","0.2322999824969111","135","true"
"1202","0.20490865600594751","0","true","1202","0.18843018365214076","85","true","1202","0.3431866591116509","55","true","1202","0.4017127332482011","15","true","1202","0.5480429687271466","5","true","1202","0.6099574658718556","25","true","1202","0.3931832344258684","35","true","1202","0.5437821314346347","45","true","1202","0.2995792841342391","65","true","1202","0.2603069121059022","75","true","1202","0.14418325674944094","95","true","1202","0.5700637164239252","105","true","1202","0.3965278723186591","115","true","1202","0.2398309689111605","125","true","1202","0.23217858020401905","135","true"
"1203","0.20473846609232133","0","true","1203","0.18827368017734664","85","true","1203","0.34290162035823596","55","true","1203","0.4013790847986594","15","true","1203","0.547587783537174","5","true","1203","0.6094508566809321","25","true","1203","0.3928566702776742","35","true","1203","0.5433304851460677","45","true","1203","0.2993304641308054","65","true","1203","0.2600907103516614","75","true","1203","0.14406350321393474","95","true","1203","0.5695902415763969","105","true","1203","0.39619853023201573","115","true","1203","0.23963177375425754","125","true","1203","0.2319857408516901","135","true"
"1204","0.2046031256087979","0","true","1204","0.18812627934846332","85","true","1204","0.34267068776668286","55","true","1204","0.401102174734617","15","true","1204","0.5472551470719281","5","true","1204","0.6091620245224136","25","true","1204","0.39255410233895727","35","true","1204","0.5432754796988502","45","true","1204","0.2992583416955321","65","true","1204","0.25991273369782053","75","true","1204","0.1439523132706065","95","true","1204","0.5694611018472137","105","true","1204","0.39606498582543126","115","true","1204","0.2394585612697132","125","true","1204","0.23186281917465637","135","true"
"1205","0.20443347127578895","0","true","1205","0.18797028740870508","85","true","1205","0.3423865495512876","55","true","1205","0.4007695858666778","15","true","1205","0.5468013700013875","5","true","1205","0.6086569150493436","25","true","1205","0.39222860142491167","35","true","1205","0.542825002518337","45","true","1205","0.2990102004503451","65","true","1205","0.25969721733488704","75","true","1205","0.14383294982676686","95","true","1205","0.5689889118788495","105","true","1205","0.39573657373104865","115","true","1205","0.2392600052487599","125","true","1205","0.2316705614473142","135","true"
"1206","0.2042974684945964","0","true","1206","0.18782338218415184","85","true","1206","0.3421586831040746","55","true","1206","0.40049159301202975","15","true","1206","0.5464675246494001","5","true","1206","0.6083672213734573","25","true","1206","0.39192593149592","35","true","1206","0.542776403071797","45","true","1206","0.29893091526157883","65","true","1206","0.25951788601432874","75","true","1206","0.14372213513884363","95","true","1206","0.5688778098263189","105","true","1206","0.39560648753365685","115","true","1206","0.23908738778780678","125","true","1206","0.23154810457786826","135","true"
"1207","0.20412834807365718","0","true","1207","0.1876678992518802","85","true","1207","0.34187543916110763","55","true","1207","0.40016006023635753","15","true","1207","0.5460151508707168","5","true","1207","0.6078636061239759","25","true","1207","0.3916014894996485","35","true","1207","0.5423270848573335","45","true","1207","0.2986834558946404","65","true","1207","0.2593030533272308","75","true","1207","0.1436031598614108","95","true","1207","0.5684068844870587","105","true","1207","0.3952789987194733","115","true","1207","0.2388894677648036","125","true","1207","0.23135642568335016","135","true"
"1208","0.20399400233250764","0","true","1208","0.1875206355579646","85","true","1208","0.3416461358309046","55","true","1208","0.3998840762065615","15","true","1208","0.5456849157111181","5","true","1208","0.6075716806835998","25","true","1208","0.39129871203442823","35","true","1208","0.5422826886855378","45","true","1208","0.29861027420024844","65","true","1208","0.2591253295266378","75","true","1208","0.1434927185559038","95","true","1208","0.568268308278413","105","true","1208","0.3951440625967652","115","true","1208","0.2387174423405799","125","true","1208","0.23123443122044088","135","true"
"1209","0.20382541224793532","0","true","1209","0.18736565982609854","85","true","1209","0.34136378365253195","55","true","1209","0.3995535934989528","15","true","1209","0.5452339364419354","5","true","1209","0.6070695553276629","25","true","1209","0.3909753246691105","35","true","1209","0.5418345211742274","45","true","1209","0.2983634888496697","65","true","1209","0.25891117636173977","75","true","1209","0.14337412953230386","95","true","1209","0.5677986650484309","105","true","1209","0.39481749725577614","115","true","1209","0.23852015519814967","125","true","1209","0.2310433283847215","135","true"
"1210","0.20369036080460623","0","true","1210","0.18721973911721898","85","true","1210","0.34113528152973516","55","true","1210","0.39927856606271334","15","true","1210","0.5449024331765802","5","true","1210","0.6067795915080917","25","true","1210","0.3906735643135194","35","true","1210","0.5417650177826349","45","true","1210","0.29828499957531773","65","true","1210","0.25873310199925703","75","true","1210","0.14326405974863013","95","true","1210","0.5676620995467334","105","true","1210","0.3946829756209825","115","true","1210","0.23834775004887412","125","true","1210","0.23092179394346743","135","true"
"1211","0.20352229945080705","0","true","1211","0.1870652673852741","85","true","1211","0.34085381677599774","55","true","1211","0.3989491283019355","15","true","1211","0.5444528437102628","5","true","1211","0.6062789482807748","25","true","1211","0.3903512263891683","35","true","1211","0.5413180169428802","45","true","1211","0.2980388898396945","65","true","1211","0.258519625842492","75","true","1211","0.14314585507887054","95","true","1211","0.5671937314778005","105","true","1211","0.3943573296014932","115","true","1211","0.23815109348942787","125","true","1211","0.23073126441051078","135","true"
"1212","0.20338785521994418","0","true","1212","0.1869189861205772","85","true","1212","0.34062498752527154","55","true","1212","0.39867401130441243","15","true","1212","0.5441224658813176","5","true","1212","0.6059869214450042","25","true","1212","0.39004936820619834","35","true","1212","0.5412712026495421","45","true","1212","0.29796486044262277","65","true","1212","0.2583431521092815","75","true","1212","0.1430361549687506","95","true","1212","0.5670706267121471","105","true","1212","0.3942196595002472","115","true","1212","0.23797927685788295","125","true","1212","0.2306101876220652","135","true"
"1213","0.20322031991910403","0","true","1213","0.18676501660976946","85","true","1213","0.3403444068106708","55","true","1213","0.39834561426050435","15","true","1213","0.5436742595667531","5","true","1213","0.6054877559413427","25","true","1213","0.38972807548115207","35","true","1213","0.5408253449867335","45","true","1213","0.2977194198656519","65","true","1213","0.2581303488538373","75","true","1213","0.1429183327653167","95","true","1213","0.5666035174644436","105","true","1213","0.3938949316093903","115","true","1213","0.23778324779951568","125","true","1213","0.230420228653678","135","true"
"1214","0.20308517168441062","0","true","1214","0.18662007065484204","85","true","1214","0.3401186153942616","55","true","1214","0.3980714574382857","15","true","1214","0.543343953383851","5","true","1214","0.6051914111370648","25","true","1214","0.38942722706548577","35","true","1214","0.5407758607242867","45","true","1214","0.2976374801862789","65","true","1214","0.25795252342960023","75","true","1214","0.14280815011397902","95","true","1214","0.5664469813960284","105","true","1214","0.3937591653731708","115","true","1214","0.23761201674735594","125","true","1214","0.2302996071650956","135","true"
"1215","0.20291816085243333","0","true","1215","0.1864666002020009","85","true","1215","0.3398389125855492","55","true","1215","0.39774409604236605","15","true","1215","0.5428971244748182","5","true","1215","0.6046937208318534","25","true","1215","0.38910697441164904","35","true","1215","0.5403311437335595","45","true","1215","0.297392712521652","65","true","1215","0.2577403914202009","75","true","1215","0.14269070920105634","95","true","1215","0.5659811532863278","105","true","1215","0.3934353502700678","115","true","1215","0.2374166121283203","125","true","1215","0.2301102160407822","135","true"
"1216","0.2027846549252038","0","true","1216","0.18632129165073216","85","true","1216","0.33961166578552127","55","true","1216","0.3974708840285801","15","true","1216","0.5425617422143096","5","true","1216","0.6043959834993515","25","true","1216","0.38880713076007545","35","true","1216","0.5402451835671612","45","true","1216","0.2973157692030609","65","true","1216","0.2575641570175509","75","true","1216","0.14258089465889445","95","true","1216","0.5658394977453963","105","true","1216","0.39329479673663686","115","true","1216","0.2372449894303524","125","true","1216","0.22999004751488675","135","true"
"1217","0.2026181650607332","0","true","1217","0.1861683185048777","85","true","1217","0.3393328384737105","55","true","1217","0.3971445532535156","15","true","1217","0.5421162892239859","5","true","1217","0.6038997634800581","25","true","1217","0.38848791308293257","35","true","1217","0.5398016325133295","45","true","1217","0.29707166758630965","65","true","1217","0.25735269219241336","75","true","1217","0.14246383316902672","95","true","1217","0.5653749332973295","105","true","1217","0.3929718946046692","115","true","1217","0.2370502070088168","125","true","1217","0.2298012215317054","135","true"
"1218","0.2024839542729612","0","true","1218","0.18602346426690725","85","true","1218","0.3391052574792236","55","true","1218","0.39687228132735597","15","true","1218","0.5417809493944193","5","true","1218","0.6036001966598007","25","true","1218","0.3881890692251505","35","true","1218","0.5397275110881097","45","true","1218","0.2969891192707185","65","true","1218","0.2571770649825714","75","true","1218","0.1423543849149012","95","true","1218","0.5652356653445773","105","true","1218","0.39283527411925545","115","true","1218","0.2368791664687779","125","true","1218","0.22968150364695916","135","true"
"1219","0.20231798381863908","0","true","1219","0.18587098601750815","85","true","1219","0.33882730235014225","55","true","1219","0.396546976178727","15","true","1219","0.541336866649014","5","true","1219","0.6031054424002434","25","true","1219","0.3878708814634905","35","true","1219","0.539285111488857","45","true","1219","0.29674568556639824","65","true","1219","0.2569662641096349","75","true","1219","0.1422377009928398","95","true","1219","0.5647723574221636","105","true","1219","0.3925132779929282","115","true","1219","0.236685003217574","125","true","1219","0.2294932401193797","135","true"
"1220","0.20218423871704042","0","true","1220","0.18572661256656742","85","true","1220","0.3385994680575632","55","true","1220","0.39627563965054197","15","true","1220","0.5410015671665893","5","true","1220","0.6028041346168217","25","true","1220","0.3875730324618387","35","true","1220","0.5392202015311431","45","true","1220","0.2966695242299772","65","true","1220","0.25679036721048515","75","true","1220","0.14212861721757133","95","true","1220","0.5646135506036013","105","true","1220","0.39237394009128335","115","true","1220","0.23651454194442395","125","true","1220","0.2293739705697537","135","true"
"1221","0.20201878516653546","0","true","1221","0.18557462679523637","85","true","1221","0.33832238174982376","55","true","1221","0.39595135516637625","15","true","1221","0.5405588490265185","5","true","1221","0.6023108415443038","25","true","1221","0.3872558695874837","35","true","1221","0.5387789411370916","45","true","1221","0.29642675047856154","65","true","1221","0.25658022779378264","75","true","1221","0.14201230902017561","95","true","1221","0.5641515100548259","105","true","1221","0.3920528484872806","115","true","1221","0.23632099485608973","125","true","1221","0.2291862668295166","135","true"
"1222","0.20188550342458952","0","true","1222","0.18543073176303984","85","true","1222","0.33809422202871425","55","true","1222","0.39568094937741344","15","true","1222","0.5402247340220883","5","true","1222","0.6020107673236323","25","true","1222","0.38695901053667353","35","true","1222","0.5386869043680224","45","true","1222","0.2963427892973518","65","true","1222","0.256404934189902","75","true","1222","0.14190358792644694","95","true","1222","0.5640018425432551","105","true","1222","0.39191339512318935","115","true","1222","0.2361511099777948","125","true","1222","0.22906643524278344","135","true"
"1223","0.20172056428780472","0","true","1223","0.18527923606715502","85","true","1223","0.33781800125908296","55","true","1223","0.3953576806279221","15","true","1223","0.5397833739452729","5","true","1223","0.6015189284614398","25","true","1223","0.3866428675542089","35","true","1223","0.5382468006879831","45","true","1223","0.2961006791753768","65","true","1223","0.25619545303451813","75","true","1223","0.14178765362258547","95","true","1223","0.5635410567241839","105","true","1223","0.3915932044408991","115","true","1223","0.23595817606441424","125","true","1223","0.22887928946235633","135","true"
"1224","0.20158890786586703","0","true","1224","0.18513497662085845","85","true","1224","0.3375895475414116","55","true","1224","0.39508820095007474","15","true","1224","0.5394492944569326","5","true","1224","0.601214699454341","25","true","1224","0.3863469935810599","35","true","1224","0.5381421168170376","45","true","1224","0.29601915731700573","65","true","1224","0.25602075972612076","75","true","1224","0.14167929342484462","95","true","1224","0.5633802432319197","105","true","1224","0.3914490510122338","115","true","1224","0.2357879188175913","125","true","1224","0.2287599041127992","135","true"
"1225","0.2014244797191575","0","true","1225","0.18498396929898173","85","true","1225","0.33731418901976284","55","true","1225","0.39476594303739115","15","true","1225","0.5390092868758094","5","true","1225","0.6007243122606588","25","true","1225","0.38603186552756796","35","true","1225","0.5377031754493239","45","true","1225","0.29577770612832954","65","true","1225","0.25581193365782867","75","true","1225","0.14156373119529742","95","true","1225","0.5629207161167223","105","true","1225","0.3911297614110819","115","true","1225","0.2355955958821773","125","true","1225","0.22857331365267455","135","true"
"1226","0.2012923009703295","0","true","1226","0.18484018563561977","85","true","1226","0.33708762677935517","55","true","1226","0.39449738487294733","15","true","1226","0.5386763828121196","5","true","1226","0.6004153595347729","25","true","1226","0.3857358693178862","35","true","1226","0.5376056978744105","45","true","1226","0.29569301637905787","65","true","1226","0.2556368672777151","75","true","1226","0.1414557301196615","95","true","1226","0.5627543884588433","105","true","1226","0.39098940877419375","115","true","1226","0.2354259116546501","125","true","1226","0.22845437226930226","135","true"
"1227","0.2011283821584644","0","true","1227","0.18468966431181227","85","true","1227","0.3368131254546163","55","true","1227","0.3941761329308684","15","true","1227","0.5382377212625984","5","true","1227","0.5999264219455751","25","true","1227","0.38542175216046126","35","true","1227","0.537167908218161","45","true","1227","0.29545222402044297","65","true","1227","0.2554286939330264","75","true","1227","0.14134053815702335","95","true","1227","0.5622961194128671","105","true","1227","0.3906710134901757","115","true","1227","0.23523419674287924","125","true","1227","0.22826833450686798","135","true"
"1228","0.20099665943490763","0","true","1228","0.18454635410029238","85","true","1228","0.3365873396080621","55","true","1228","0.39390746391901116","15","true","1228","0.537907122323111","5","true","1228","0.5996168928346607","25","true","1228","0.3851267340677742","35","true","1228","0.5370587523276718","45","true","1228","0.29536970142590596","65","true","1228","0.25525422427584615","75","true","1228","0.14123289444118364","95","true","1228","0.5621451853357144","105","true","1228","0.39052375332899986","115","true","1228","0.23506508270867535","125","true","1228","0.22814889123528762","135","true"
"1229","0.20083324751666787","0","true","1229","0.18439631641403198","85","true","1229","0.3363136913644783","55","true","1229","0.39358721394834534","15","true","1229","0.5374697994594336","5","true","1229","0.599129399425852","25","true","1229","0.38481362290186544","35","true","1229","0.536622119195698","45","true","1229","0.295129563457267","65","true","1229","0.25504670051627226","75","true","1229","0.14111807094976805","95","true","1229","0.5616881567297505","105","true","1229","0.3902062543425535","115","true","1229","0.23487397288533496","125","true","1229","0.22796340433184428","135","true"
"1230","0.2007008199575639","0","true","1230","0.1842543137219157","85","true","1230","0.33608535574131837","55","true","1230","0.393319491050117","15","true","1230","0.5371381107926044","5","true","1230","0.5988171292905702","25","true","1230","0.3845195781361028","35","true","1230","0.5365121787329554","45","true","1230","0.29504396894503254","65","true","1230","0.254874761697259","75","true","1230","0.14101078284289578","95","true","1230","0.5615206349776667","105","true","1230","0.390057394461288","115","true","1230","0.2347054262369361","125","true","1230","0.22784258143281821","135","true"
"1231","0.20053791344785807","0","true","1231","0.18410475664908948","85","true","1231","0.3358125591863335","55","true","1231","0.3930002382164724","15","true","1231","0.5367021220663117","5","true","1231","0.5983310764258862","25","true","1231","0.38420746808891443","35","true","1231","0.5360766980683995","45","true","1231","0.29480448520400576","65","true","1231","0.25466788283224495","75","true","1231","0.1408963260386402","95","true","1231","0.5610648552414835","105","true","1231","0.38974078943331614","115","true","1231","0.23451491858576975","125","true","1231","0.22765764427256432","135","true"
"1232","0.20040526869263894","0","true","1232","0.18396322075758081","85","true","1232","0.3355861064348078","55","true","1232","0.3927334256357853","15","true","1232","0.5363704607950593","5","true","1232","0.5980159463304545","25","true","1232","0.38391328877360353","35","true","1232","0.535962388648701","45","true","1232","0.2947172915306901","65","true","1232","0.2544945877865696","75","true","1232","0.14078939180129338","95","true","1232","0.5608978970072908","105","true","1232","0.3895935086999383","115","true","1232","0.2343469365339616","125","true","1232","0.2275364174266577","135","true"
"1233","0.20024286571963032","0","true","1233","0.18381414197252605","85","true","1233","0.33531415659166774","55","true","1233","0.392415165161202","15","true","1233","0.5359358007782076","5","true","1233","0.5975313304906406","25","true","1233","0.383602175897774","35","true","1233","0.5355280593224054","45","true","1233","0.2944784606623508","65","true","1233","0.25428835230213964","75","true","1233","0.1406752999116651","95","true","1233","0.5604433606239785","105","true","1233","0.3892777927285445","115","true","1233","0.23415702815751593","125","true","1233","0.22735202810945618","135","true"
"1234","0.20011182952302348","0","true","1234","0.18367223692991982","85","true","1234","0.33508628047909356","55","true","1234","0.3921472523453525","15","true","1234","0.5356064271731372","5","true","1234","0.5972144459029712","25","true","1234","0.38330896310134716","35","true","1234","0.535400671730069","45","true","1234","0.29439140785431717","65","true","1234","0.254115658593813","75","true","1234","0.14056871781569616","95","true","1234","0.5602763510216686","105","true","1234","0.3891291293902907","115","true","1234","0.23398960793123968","125","true","1234","0.2272304431434648","135","true"
"1235","0.19994992674832845","0","true","1235","0.1835236347964814","85","true","1235","0.3348151750741752","55","true","1235","0.3918299811055909","15","true","1235","0.5351730886398256","5","true","1235","0.5967312626943119","25","true","1235","0.3829988425810386","35","true","1235","0.5349674996655625","45","true","1235","0.29415322710362596","65","true","1235","0.25391006340077593","75","true","1235","0.14045498907959933","95","true","1235","0.5598230530030427","105","true","1235","0.3888142999975801","115","true","1235","0.23380029595071278","125","true","1235","0.22704659974286331","135","true"
"1236","0.19981933922703649","0","true","1236","0.18338219403622058","85","true","1236","0.3345870243011058","55","true","1236","0.39156297452231004","15","true","1236","0.5348448641530645","5","true","1236","0.5964121965294035","25","true","1236","0.38270659159456294","35","true","1236","0.5348477260655854","45","true","1236","0.2940668418642583","65","true","1236","0.2537360011031681","75","true","1236","0.14034875740806368","95","true","1236","0.5596534332519059","105","true","1236","0.3886670251347256","115","true","1236","0.23363261039340413","125","true","1236","0.22692453717386685","135","true"
"1237","0.1996579342680486","0","true","1237","0.18323406625428504","85","true","1237","0.3343167601457738","55","true","1237","0.3912466877900626","15","true","1237","0.5344128408379166","5","true","1237","0.5959304419280065","25","true","1237","0.3823974586449712","35","true","1237","0.534415700438715","45","true","1237","0.2938293080663065","65","true","1237","0.2535310447210169","75","true","1237","0.140235390075747","95","true","1237","0.5592013707048527","105","true","1237","0.3883530776184617","115","true","1237","0.2334438926144111","125","true","1237","0.22674123787081849","135","true"
"1238","0.19952779320964836","0","true","1238","0.1830930875199021","85","true","1238","0.3340904776853778","55","true","1238","0.390980582987639","15","true","1238","0.5340857597706676","5","true","1238","0.5956106114075734","25","true","1238","0.3821061647899798","35","true","1238","0.5342896218933947","45","true","1238","0.2937431907696792","65","true","1238","0.2533556696511427","75","true","1238","0.1401295071228126","95","true","1238","0.5590345559001668","105","true","1238","0.38820374846595535","115","true","1238","0.23327676538999262","125","true","1238","0.22661874724245323","135","true"
"1239","0.1993668836989954","0","true","1239","0.18294543180416026","85","true","1239","0.33382104988079286","55","true","1239","0.39066527606587476","15","true","1239","0.5336550454482719","5","true","1239","0.5951302802693414","25","true","1239","0.38179801465708463","35","true","1239","0.5338587431660613","45","true","1239","0.29350630109970366","65","true","1239","0.2531513505627144","75","true","1239","0.14001649945577807","95","true","1239","0.5585837215808925","105","true","1239","0.3878906809268699","115","true","1239","0.233088638966291","125","true","1239","0.22643599018822547","135","true"
"1240","0.19923624424094355","0","true","1240","0.18280491285375713","85","true","1240","0.33359443555275625","55","true","1240","0.39040006862149224","15","true","1240","0.5333268828723386","5","true","1240","0.5948107725886096","25","true","1240","0.38150657569547725","35","true","1240","0.5337283903741635","45","true","1240","0.2934147067875101","65","true","1240","0.25297752352610964","75","true","1240","0.13991096352663565","95","true","1240","0.5584186754146111","105","true","1240","0.38774462501528223","115","true","1240","0.2329220673487194","125","true","1240","0.2263110233309","135","true"
"1241","0.19907582858535502","0","true","1241","0.182657726933585","85","true","1241","0.33332584099917106","55","true","1241","0.390085736843214","15","true","1241","0.532897473143778","5","true","1241","0.5943318589230793","25","true","1241","0.3811994045395227","35","true","1241","0.5332986573706417","45","true","1241","0.2931784630622383","65","true","1241","0.25277383791940583","75","true","1241","0.13979831379754817","95","true","1241","0.5579690629545349","105","true","1241","0.38743243127533433","115","true","1241","0.23273452945230336","125","true","1241","0.22612880833626967","135","true"
"1242","0.19894464486902574","0","true","1242","0.18251766553971557","85","true","1242","0.33309889252812336","55","true","1242","0.38982243857985965","15","true","1242","0.5325693252690129","5","true","1242","0.5940087792235919","25","true","1242","0.38090891609122246","35","true","1242","0.533180725528107","45","true","1242","0.293086254550103","65","true","1242","0.2526015547530984","75","true","1242","0.1396931232083225","95","true","1242","0.5577934584601396","105","true","1242","0.38728432333196167","115","true","1242","0.2325675603176582","125","true","1242","0.22600428968133085","135","true"
"1243","0.1987847215210603","0","true","1243","0.18237094715905663","85","true","1243","0.33283112814506216","55","true","1243","0.38950907649096905","15","true","1243","0.5321412148789253","5","true","1243","0.5935312802049233","25","true","1243","0.3806027192133356","35","true","1243","0.5327521236587114","45","true","1243","0.29285065466702415","65","true","1243","0.2523984988409175","75","true","1243","0.1395808297009203","95","true","1243","0.5573450714356539","105","true","1243","0.38697300152864017","115","true","1243","0.23238060890261186","125","true","1243","0.22582261420731048","135","true"
"1244","0.19865283679416834","0","true","1244","0.1822321680869762","85","true","1244","0.332606037013048","55","true","1244","0.38924564979305437","15","true","1244","0.5318131307348379","5","true","1244","0.5932071390608642","25","true","1244","0.3803131766784673","35","true","1244","0.5326256951487683","45","true","1244","0.292755920049049","65","true","1244","0.2522258349849298","75","true","1244","0.13947598277858225","95","true","1244","0.5571726185697315","105","true","1244","0.38682815196487946","115","true","1244","0.23221419226501006","125","true","1244","0.22569854152139887","135","true"
"1245","0.1984934043408825","0","true","1245","0.18208591434051793","85","true","1245","0.33233909797852706","55","true","1245","0.38893325360541947","15","true","1245","0.5313863144180363","5","true","1245","0.5927310498641861","25","true","1245","0.380007949409865","35","true","1245","0.5321982266935928","45","true","1245","0.2925209634518989","65","true","1245","0.2520234065459371","75","true","1245","0.1393640437875882","95","true","1245","0.5567254495339613","105","true","1245","0.3865176959841693","115","true","1245","0.2320278245344603","125","true","1245","0.22551740304505744","135","true"
"1246","0.1983631084827006","0","true","1246","0.1819467607719641","85","true","1246","0.3321147624298573","55","true","1246","0.3886707111707617","15","true","1246","0.531058242792961","5","true","1246","0.5924050260301394","25","true","1246","0.37971934821811876","35","true","1246","0.5320646718308153","45","true","1246","0.29242482982990753","65","true","1246","0.25185132041248903","75","true","1246","0.1392595388698676","95","true","1246","0.5565489550694572","105","true","1246","0.3863707966751708","115","true","1246","0.231861957710526","125","true","1246","0.22539377410937364","135","true"
"1247","0.1982041636842369","0","true","1247","0.18180097009826862","85","true","1247","0.33184864483175647","55","true","1247","0.3883592763060415","15","true","1247","0.5306327153548256","5","true","1247","0.5919303425156922","25","true","1247","0.37941508591986706","35","true","1247","0.5316383379591559","45","true","1247","0.2921905150624156","65","true","1247","0.25164951646985084","75","true","1247","0.13914795270090138","95","true","1247","0.5561030023811003","105","true","1247","0.38606120469065547","115","true","1247","0.23167617088543743","125","true","1247","0.22521317012370906","135","true"
"1248","0.19807430804412787","0","true","1248","0.18166226749158776","85","true","1248","0.3316239666070812","55","true","1248","0.3880976138250816","15","true","1248","0.5303057724265584","5","true","1248","0.5916030289663515","25","true","1248","0.3791274215302613","35","true","1248","0.5315173276542632","45","true","1248","0.2920932296277949","65","true","1248","0.25147704074399974","75","true","1248","0.1390437881362009","95","true","1248","0.5559254314558951","105","true","1248","0.38591749147946874","115","true","1248","0.23151085120905868","125","true","1248","0.22508897208509274","135","true"
"1249","0.19791584859769257","0","true","1249","0.18151693767759447","85","true","1249","0.33135866743379555","55","true","1249","0.38778713573402157","15","true","1249","0.5298815278086172","5","true","1249","0.5911297465431784","25","true","1249","0.3788241195930371","35","true","1249","0.5310921137921398","45","true","1249","0.29185955504409267","65","true","1249","0.25127585911140454","75","true","1249","0.13893255310569194","95","true","1249","0.5554806911107304","105","true","1249","0.38560875748628515","115","true","1249","0.23132564252809143","125","true","1249","0.22490890090742466","135","true"
"1250","0.19778553915974104","0","true","1250","0.18137868386198797","85","true","1250","0.3311336666927495","55","true","1250","0.3875263489249513","15","true","1250","0.5295557080405441","5","true","1250","0.5908014137928962","25","true","1250","0.378537387493684","35","true","1250","0.5309624088285144","45","true","1250","0.29176273483407594","65","true","1250","0.2511030060424846","75","true","1250","0.13882872725300158","95","true","1250","0.5552985453176987","105","true","1250","0.38545761795347255","115","true","1250","0.2311608673502819","125","true","1250","0.22478514464762006","135","true"
"1251","0.19762756348948565","0","true","1251","0.18123381270874359","85","true","1251","0.3308691829334102","55","true","1251","0.38721682308715183","15","true","1251","0.5291327402226204","5","true","1251","0.5903295276796431","25","true","1251","0.3782350413375388","35","true","1251","0.530538317447661","45","true","1251","0.2915296975059337","65","true","1251","0.25090244453606086","75","true","1251","0.138717841688103","95","true","1251","0.5548550161281478","105","true","1251","0.38514974445670463","115","true","1251","0.2309762340696507","125","true","1251","0.22460560379726255","135","true"
"1252","0.19749769212334908","0","true","1252","0.18109600552729516","85","true","1252","0.33064384648849715","55","true","1252","0.38695690769569135","15","true","1252","0.5288069198716967","5","true","1252","0.5900017102594839","25","true","1252","0.3779492370454117","35","true","1252","0.5304015639760001","45","true","1252","0.291431284794293","65","true","1252","0.2507301786247587","75","true","1252","0.1386143529169154","95","true","1252","0.5546765322408546","105","true","1252","0.3849975764052579","115","true","1252","0.23081200075841266","125","true","1252","0.22448228713013935","135","true"
"1253","0.1973401979510019","0","true","1253","0.18095159084984117","85","true","1253","0.330380175159559","55","true","1253","0.386648329619379","15","true","1253","0.5283852237633461","5","true","1253","0.5895312144777778","25","true","1253","0.3776478421195382","35","true","1253","0.5299785962216333","45","true","1253","0.29119888345075684","65","true","1253","0.2505302343036863","75","true","1253","0.13850381515541865","95","true","1253","0.5542342064575684","105","true","1253","0.3846905607940894","115","true","1253","0.23062794015174726","125","true","1253","0.2243032741419973","135","true"
"1254","0.19721076252771053","0","true","1254","0.18081422815940612","85","true","1254","0.33015667122746784","55","true","1254","0.3863873235125181","15","true","1254","0.5280594062277665","5","true","1254","0.5892024703309539","25","true","1254","0.3773629611802416","35","true","1254","0.5298488778650985","45","true","1254","0.2910994507110303","65","true","1254","0.25035759076454805","75","true","1254","0.13840066184564542","95","true","1254","0.55405363442376","105","true","1254","0.38454003762909794","115","true","1254","0.23046330243059987","125","true","1254","0.22418039489558286","135","true"
"1255","0.1970537475893923","0","true","1255","0.18067026778666775","85","true","1255","0.3298938076357262","55","true","1255","0.38607969029316097","15","true","1255","0.5276389767642093","5","true","1255","0.5887333600838751","25","true","1255","0.3770625129627414","35","true","1255","0.5294270236629766","45","true","1255","0.29086768363243876","65","true","1255","0.2501582614725381","75","true","1255","0.13829047023589572","95","true","1255","0.5536125089186456","105","true","1255","0.3842338751787563","115","true","1255","0.23027981254012966","125","true","1255","0.22400190732002906","135","true"
"1256","0.1969236113614555","0","true","1256","0.18053416654134732","85","true","1256","0.3296699642067855","55","true","1256","0.38581955184862304","15","true","1256","0.5273142713066492","5","true","1256","0.5884056443534958","25","true","1256","0.37677639505938465","35","true","1256","0.5292891467626578","45","true","1256","0.29076887179911654","65","true","1256","0.2499853012700963","75","true","1256","0.13818686925887833","95","true","1256","0.5534355814695054","105","true","1256","0.3840829199685854","115","true","1256","0.23011654875411072","125","true","1256","0.22387854304833582","135","true"
"1257","0.19676707430949886","0","true","1257","0.18039065766492338","85","true","1257","0.3294079054117086","55","true","1257","0.3855128590411122","15","true","1257","0.5268951025695215","5","true","1257","0.5879379133166488","25","true","1257","0.37647689077078417","35","true","1257","0.5288684081722265","45","true","1257","0.2905377359709773","65","true","1257","0.2497865848143967","75","true","1257","0.1380770227809301","95","true","1257","0.5529956485748556","105","true","1257","0.38377760763156743","115","true","1257","0.22993362621933006","125","true","1257","0.2237005791826376","135","true"
"1258","0.19663850534000787","0","true","1258","0.18025417693155477","85","true","1258","0.3291858838350394","55","true","1258","0.3852535840661065","15","true","1258","0.5265715037720962","5","true","1258","0.5876115401349004","25","true","1258","0.3761916925322397","35","true","1258","0.5287258909227072","45","true","1258","0.29043934037573854","65","true","1258","0.24961324886300632","75","true","1258","0.1379745361952344","95","true","1258","0.5528118170421381","105","true","1258","0.38362828783895286","115","true","1258","0.22977006305323985","125","true","1258","0.22357765022204903","135","true"
"1259","0.19648244303418247","0","true","1259","0.18011111806097418","85","true","1259","0.3289246251970751","55","true","1259","0.38494782725335563","15","true","1259","0.5261535898802135","5","true","1259","0.5871451817697139","25","true","1259","0.3758931276968967","35","true","1259","0.5283062671997526","45","true","1259","0.2902088329627419","65","true","1259","0.24941514310994042","75","true","1259","0.13786503259507943","95","true","1259","0.552373077504803","105","true","1259","0.38332382094384254","115","true","1259","0.22958770586034047","125","true","1259","0.2234002076425077","135","true"
"1260","0.19635223558277287","0","true","1260","0.17997589195816524","85","true","1260","0.3287033390076921","55","true","1260","0.3846884098706031","15","true","1260","0.5258310923597781","5","true","1260","0.5868171119922294","25","true","1260","0.37560884473158856","35","true","1260","0.5281620151478184","45","true","1260","0.29010946202180093","65","true","1260","0.24924237663801652","75","true","1260","0.13776287667025386","95","true","1260","0.5521879582774873","105","true","1260","0.38317406626902106","115","true","1260","0.22942467643468736","125","true","1260","0.2232768921172772","135","true"
"1261","0.19619664744047274","0","true","1261","0.17983328031636003","85","true","1261","0.3284428767739301","55","true","1261","0.38438358545707646","15","true","1261","0.5254144274688433","5","true","1261","0.586352122204597","25","true","1261","0.37531121490216574","35","true","1261","0.5277435032499199","45","true","1261","0.28987958130704516","65","true","1261","0.24904487871675027","75","true","1261","0.13765371432740897","95","true","1261","0.5517504083897873","105","true","1261","0.3828704418108047","115","true","1261","0.22924288192087225","125","true","1261","0.22309996906488633","135","true"
"1262","0.19606800170176625","0","true","1262","0.17969767313824245","85","true","1262","0.328222322429996","55","true","1262","0.38412403975064713","15","true","1262","0.5250930258767151","5","true","1262","0.5860229030166598","25","true","1262","0.37502784284637886","35","true","1262","0.5275947942021695","45","true","1262","0.2897806115622822","65","true","1262","0.24887267898856114","75","true","1262","0.13755106684913762","95","true","1262","0.5515566593682952","105","true","1262","0.382720436005859","115","true","1262","0.2290803836771596","125","true","1262","0.22297708653223544","135","true"
"1263","0.19591288461181233","0","true","1263","0.17955550725759511","85","true","1263","0.32796265287111154","55","true","1263","0.38382014414957855","15","true","1263","0.5246776041790279","5","true","1263","0.5855592773022479","25","true","1263","0.37473114360362064","35","true","1263","0.5271773932573893","45","true","1263","0.28955135474933735","65","true","1263","0.24867578604632337","75","true","1263","0.13744224480257977","95","true","1263","0.5511203012517064","105","true","1263","0.38241765085079105","115","true","1263","0.22889914919640234","125","true","1263","0.222800680609346","135","true"
"1264","0.19578466658401975","0","true","1264","0.17942033406162378","85","true","1264","0.32774282685333606","55","true","1264","0.3835604997892423","15","true","1264","0.5243562559836396","5","true","1264","0.5852314680341751","25","true","1264","0.37444867812128046","35","true","1264","0.5270244992309588","45","true","1264","0.28945279444736755","65","true","1264","0.24850415034353093","75","true","1264","0.13734076274706747","95","true","1264","0.5509251457787572","105","true","1264","0.382267226682865","115","true","1264","0.22873628638809268","125","true","1264","0.22267635857200696","135","true"
"1265","0.19563001834817137","0","true","1265","0.1792786118388263","85","true","1265","0.32748394626340455","55","true","1265","0.3832575294102618","15","true","1265","0.5239420725270963","5","true","1265","0.5847691998919681","25","true","1265","0.3741529050737913","35","true","1265","0.5266082081573167","45","true","1265","0.2892241587487519","65","true","1265","0.24830785954547127","75","true","1265","0.13723227873225938","95","true","1265","0.5504899758373837","105","true","1265","0.3819652778466226","115","true","1265","0.2285556100165381","125","true","1265","0.2225004688732929","135","true"
"1266","0.19550110029644172","0","true","1266","0.1791446831810363","85","true","1266","0.3272626918991082","55","true","1266","0.38299778874738666","15","true","1266","0.523620732930708","5","true","1266","0.5844422694167889","25","true","1266","0.37387134185624554","35","true","1266","0.5264532770047083","45","true","1266","0.2891219636912116","65","true","1266","0.24813772491836608","75","true","1266","0.13713028794341836","95","true","1266","0.5502929824936982","105","true","1266","0.38181316843768565","115","true","1266","0.22839329007484793","125","true","1266","0.2223756952212817","135","true"
"1267","0.19534691961797448","0","true","1267","0.1790034018851522","85","true","1267","0.3270045982935096","55","true","1267","0.3826957400180906","15","true","1267","0.523207782825873","5","true","1267","0.5839813528005297","25","true","1267","0.3735764906402706","35","true","1267","0.5260380930323072","45","true","1267","0.2888939495242627","65","true","1267","0.24794203270628534","75","true","1267","0.1370221410286365","95","true","1267","0.5498589974917315","105","true","1267","0.38151205395153603","115","true","1267","0.22821316918362172","125","true","1267","0.2222003200673217","135","true"
"1268","0.19521955173762479","0","true","1268","0.17886908983824024","85","true","1268","0.3267840703726321","55","true","1268","0.38243685142039896","15","true","1268","0.5228875283113554","5","true","1268","0.5836558155764815","25","true","1268","0.3732958254060728","35","true","1268","0.5258791667065043","45","true","1268","0.28879610593371025","65","true","1268","0.24777151928618257","75","true","1268","0.13692047657492654","95","true","1268","0.5496654948740366","105","true","1268","0.3813587218489778","115","true","1268","0.22805137491625488","125","true","1268","0.22207597958797404","135","true"
"1269","0.1950658355551542","0","true","1269","0.178728248035218","85","true","1269","0.3265267600810001","55","true","1269","0.3821357200413278","15","true","1269","0.5224758058481181","5","true","1269","0.5831962440681536","25","true","1269","0.37300189168528064","35","true","1269","0.5254650886224833","45","true","1269","0.288568707425101","65","true","1269","0.24757642360170526","75","true","1269","0.13681266517604865","95","true","1269","0.5492326873977579","105","true","1269","0.381058439390829","115","true","1269","0.22787180690450978","125","true","1269","0.22190111661192052","135","true"
"1270","0.19493776711396738","0","true","1270","0.17859432882411183","85","true","1270","0.3263069786939942","55","true","1270","0.38187671615226043","15","true","1270","0.522155549701773","5","true","1270","0.5828690066744525","25","true","1270","0.3727221201799762","35","true","1270","0.525304105611916","45","true","1270","0.2884647243247771","65","true","1270","0.24740552935623306","75","true","1270","0.1367113255097187","95","true","1270","0.5490349143459234","105","true","1270","0.38090182847312476","115","true","1270","0.22771053580851497","125","true","1270","0.22177720719820157","135","true"
"1271","0.19478451415239978","0","true","1271","0.178453924477552","85","true","1271","0.32605044805036687","55","true","1271","0.38157649860811554","15","true","1271","0.5217450500557811","5","true","1271","0.5824107763232934","25","true","1271","0.3724290996452435","35","true","1271","0.5248911306861204","45","true","1271","0.2882379438811255","65","true","1271","0.24721102815390897","75","true","1271","0.136603848052557","95","true","1271","0.5486032831239533","105","true","1271","0.38060237735011127","115","true","1271","0.2275315180916844","125","true","1271","0.22160285404788851","135","true"
"1272","0.19465686790939452","0","true","1272","0.17832043115959578","85","true","1272","0.32583031768604503","55","true","1272","0.38131834093209716","15","true","1272","0.521424771309922","5","true","1272","0.5820848959075888","25","true","1272","0.3721502176411572","35","true","1272","0.5247260597522849","45","true","1272","0.28813536525242534","65","true","1272","0.24704162475598435","75","true","1272","0.13650283163560345","95","true","1272","0.5484065545599447","105","true","1272","0.3804486830165999","115","true","1272","0.22737076767990388","125","true","1272","0.22147937360619743","135","true"
"1273","0.19450407601935574","0","true","1273","0.17818046221834022","85","true","1273","0.32557456390450185","55","true","1273","0.38101903297218187","15","true","1273","0.5210154896997887","5","true","1273","0.5816280003848985","25","true","1273","0.3718581060103556","35","true","1273","0.5243141868639394","45","true","1273","0.2879091993456338","65","true","1273","0.246847714532471","75","true","1273","0.13639568655582668","95","true","1273","0.5479760941560515","105","true","1273","0.38015005767671245","115","true","1273","0.22719229768957427","125","true","1273","0.22130552794402616","135","true"
"1274","0.19437684995722818","0","true","1274","0.17804739278187037","85","true","1274","0.3253551520851796","55","true","1274","0.3807617174773305","15","true","1274","0.520695185862068","5","true","1274","0.5812958719199042","25","true","1274","0.37158010930638147","35","true","1274","0.524149694915171","45","true","1274","0.28780545865682633","65","true","1274","0.2466788618172266","75","true","1274","0.13629582126800213","95","true","1274","0.5477688235356207","105","true","1274","0.379992235314838","115","true","1274","0.22703117929175343","125","true","1274","0.22118247439408978","135","true"
"1275","0.19422451700271623","0","true","1275","0.1779078572075899","85","true","1275","0.3251001715584671","55","true","1275","0.3804633148774267","15","true","1275","0.5202871175345899","5","true","1275","0.5808403108917537","25","true","1275","0.37128890232416645","35","true","1275","0.5237389192921968","45","true","1275","0.2875799057895404","65","true","1275","0.24648553982520682","75","true","1275","0.1361890063610523","95","true","1275","0.547339537623759","105","true","1275","0.3796944357573812","115","true","1275","0.22685325517005142","125","true","1275","0.22100913389691573","135","true"
"1276","0.1940977091168932","0","true","1276","0.17777520965356616","85","true","1276","0.3248804557886255","55","true","1276","0.3802068375572695","15","true","1276","0.5199678857249356","5","true","1276","0.5805069935551269","25","true","1276","0.3710117867455597","35","true","1276","0.5235655385682682","45","true","1276","0.28747617269009657","65","true","1276","0.24631723517584944","75","true","1276","0.13608863121846002","95","true","1276","0.5471347012285959","105","true","1276","0.37953757670279226","115","true","1276","0.2266935394212065","125","true","1276","0.22088650517168332","135","true"
"1277","0.19394583297517418","0","true","1277","0.1776361054206604","85","true","1277","0.324626245729323","55","true","1277","0.37990933611943123","15","true","1277","0.5195610250944778","5","true","1277","0.5800527627307489","25","true","1277","0.370721480183161","35","true","1277","0.5231558628729878","45","true","1277","0.2872512304579447","65","true","1277","0.24612449868510153","75","true","1277","0.13598214559152852","95","true","1277","0.5467065833090117","105","true","1277","0.3792405989432439","115","true","1277","0.22651615793496144","125","true","1277","0.2207136675307039","135","true"
"1278","0.19381841760511306","0","true","1278","0.17750387776256707","85","true","1278","0.3244083075046704","55","true","1278","0.3796536929927051","15","true","1278","0.519242860177755","5","true","1278","0.5797178299100354","25","true","1278","0.3704452415813315","35","true","1278","0.5229781382775041","45","true","1278","0.28714832865236073","65","true","1278","0.2459558085669791","75","true","1278","0.13588208914405328","95","true","1278","0.5465009534965003","105","true","1278","0.37907743432148994","115","true","1278","0.22635695550021565","125","true","1278","0.22059146157624296","135","true"
"1279","0.19366699696635906","0","true","1279","0.17736520285806506","85","true","1279","0.3241548635144324","55","true","1279","0.37935708854505457","15","true","1279","0.5188372016932411","5","true","1279","0.5792649253554182","25","true","1279","0.3701558312363461","35","true","1279","0.5225695616069748","45","true","1279","0.2869239940206011","65","true","1279","0.24576365559153615","75","true","1279","0.13577593126190948","95","true","1279","0.5460739996265811","105","true","1279","0.37878128007592626","115","true","1279","0.2261801141287311","125","true","1279","0.2204191244968865","135","true"
"1280","0.1935399981979755","0","true","1280","0.1772333931218131","85","true","1280","0.3239376335322967","55","true","1280","0.37910227565550864","15","true","1280","0.5185200985667092","5","true","1280","0.5789315376469624","25","true","1280","0.36988046548865444","35","true","1280","0.5223902071954684","45","true","1280","0.28682109686508134","65","true","1280","0.24559551053456113","75","true","1280","0.13567462858436308","95","true","1280","0.5458684418907312","105","true","1280","0.3786184089490345","115","true","1280","0.22602224196883175","125","true","1280","0.22029733927227937","135","true"
"1281","0.19338903096069157","0","true","1281","0.17709514554527503","85","true","1281","0.3236849520708831","55","true","1281","0.3788065640520332","15","true","1281","0.518115636711353","5","true","1281","0.5784799529842113","25","true","1281","0.3695919471848412","35","true","1281","0.5219827265346295","45","true","1281","0.28659736746035036","65","true","1281","0.24540393837345773","75","true","1281","0.13556879814084954","95","true","1281","0.5454426474742798","105","true","1281","0.3783230747766873","115","true","1281","0.22584593756792","125","true","1281","0.22012550047409507","135","true"
"1282","0.1932635584559011","0","true","1282","0.17696294928425318","85","true","1282","0.32346842697682837","55","true","1282","0.3785525774682333","15","true","1282","0.5177995903044119","5","true","1282","0.5781447451570628","25","true","1282","0.3693174501943957","35","true","1282","0.5217941740756545","45","true","1282","0.2864952961070033","65","true","1282","0.24523541617977648","75","true","1282","0.1354685805044108","95","true","1282","0.5452338035396164","105","true","1282","0.37816002696656925","115","true","1282","0.22568775386279702","125","true","1282","0.22000413395133672","135","true"
"1283","0.1931130416658264","0","true","1283","0.17682512767266106","85","true","1283","0.32321650452591183","55","true","1283","0.3782577545885851","15","true","1283","0.5173963195954521","5","true","1283","0.5776944766639498","25","true","1283","0.3690298197814717","35","true","1283","0.5213877923201439","45","true","1283","0.28627216892934987","65","true","1283","0.24504442286499473","75","true","1283","0.13536307537940737","95","true","1283","0.5448091666209718","105","true","1283","0.3778655098116109","115","true","1283","0.22551198458408767","125","true","1283","0.2198327911678855","135","true"
"1284","0.1929879792266425","0","true","1284","0.17669334729521485","85","true","1284","0.32299962252509073","55","true","1284","0.37800459040371986","15","true","1284","0.5170813248693902","5","true","1284","0.5773584303916558","25","true","1284","0.368755128440372","35","true","1284","0.5212001132924637","45","true","1284","0.2861699313474045","65","true","1284","0.2448773693288116","75","true","1284","0.1352631738192599","95","true","1284","0.5446031986847395","105","true","1284","0.37770361120715756","115","true","1284","0.22535430696487446","125","true","1284","0.2197109160158077","135","true"
"1285","0.192837910813558","0","true","1285","0.17655594966901328","85","true","1285","0.3227484564111521","55","true","1285","0.37771065215301713","15","true","1285","0.5166792398578277","5","true","1285","0.5769094736028597","25","true","1285","0.3684683826173235","35","true","1285","0.5207948254905256","45","true","1285","0.2859474041846149","65","true","1285","0.24468695146774722","75","true","1285","0.1351579925021376","95","true","1285","0.5441797125271309","105","true","1285","0.37740990699937593","115","true","1285","0.22517907033426413","125","true","1285","0.21954006771408469","135","true"
"1286","0.19271325649848492","0","true","1286","0.17642458322999635","85","true","1286","0.3225312916979076","55","true","1286","0.3774583064847061","15","true","1286","0.5163631223776476","5","true","1286","0.5765740497066503","25","true","1286","0.3681935256060346","35","true","1286","0.5206078500369573","45","true","1286","0.28584523439866155","65","true","1286","0.24452043528857234","75","true","1286","0.13505760188294338","95","true","1286","0.5439701713354183","105","true","1286","0.37724308444503224","115","true","1286","0.2250209860851205","125","true","1286","0.21941860940253363","135","true"
"1287","0.1925636344049302","0","true","1287","0.17628760762189855","85","true","1287","0.32228087920435333","55","true","1287","0.37716524879333596","15","true","1287","0.5159622193323233","5","true","1287","0.5761263990469402","25","true","1287","0.3679076610675206","35","true","1287","0.5202036513956243","45","true","1287","0.28562330486884896","65","true","1287","0.2443305902301185","75","true","1287","0.1349527434963883","95","true","1287","0.5435478342458722","105","true","1287","0.376950193851519","115","true","1287","0.22484628035058238","125","true","1287","0.2192482533393329","135","true"
"1288","0.192437370912786","0","true","1288","0.17615745193772273","85","true","1288","0.3220644141859369","55","true","1288","0.37691371778343946","15","true","1288","0.5156471485980594","5","true","1288","0.5757926798451629","25","true","1288","0.36763366552680754","35","true","1288","0.5200105746113132","45","true","1288","0.2855172935909201","65","true","1288","0.24416371800744321","75","true","1288","0.13485266787350453","95","true","1288","0.5433412224975881","105","true","1288","0.37678638761652566","115","true","1288","0.22468869956030763","125","true","1288","0.21912634594704658","135","true"
"1289","0.19228819465626446","0","true","1289","0.17602089577342991","85","true","1289","0.32181475184935865","55","true","1289","0.37662153660686315","15","true","1289","0.5152474221262779","5","true","1289","0.5753463289305543","25","true","1289","0.36734867818918987","35","true","1289","0.5196074656387463","45","true","1289","0.28529596235557825","65","true","1289","0.24397444380743744","75","true","1289","0.1347481309216646","95","true","1289","0.542920027751466","105","true","1289","0.37649430514550514","115","true","1289","0.22451452227382676","125","true","1289","0.2189564805625915","135","true"
"1290","0.19216234012363456","0","true","1290","0.1758903300173686","85","true","1290","0.3215989832348088","55","true","1290","0.3763708164212937","15","true","1290","0.5149323092122079","5","true","1290","0.5750081844858902","25","true","1290","0.367075540103132","35","true","1290","0.519404815203577","45","true","1290","0.28519250013127995","65","true","1290","0.24380810596963284","75","true","1290","0.1346483688261398","95","true","1290","0.5427142870217635","105","true","1290","0.3763267361395752","115","true","1290","0.22435744258320908","125","true","1290","0.21883498803286233","135","true"
"1291","0.19201360766223857","0","true","1291","0.17575419199103937","85","true","1291","0.32135006761311","55","true","1291","0.37607950773985305","15","true","1291","0.514533754793313","5","true","1291","0.5745631317115203","25","true","1291","0.36679142590800573","35","true","1291","0.5190027990927383","45","true","1291","0.28497176290207615","65","true","1291","0.24361940000526006","75","true","1291","0.1345441518224044","95","true","1291","0.5422942295240686","105","true","1291","0.37603546157599965","115","true","1291","0.22418379131185986","125","true","1291","0.2186656111071403","135","true"
"1292","0.1918881601644573","0","true","1292","0.1756240344602638","85","true","1292","0.32113604404449464","55","true","1292","0.37582959456838894","15","true","1292","0.5142185957596599","5","true","1292","0.5742241295425574","25","true","1292","0.3665191412855622","35","true","1292","0.5187989947869088","45","true","1292","0.28486408199955754","65","true","1292","0.2434526731918085","75","true","1292","0.13444470179438953","95","true","1292","0.5420916257132673","105","true","1292","0.3758703709496585","115","true","1292","0.22402721037634135","125","true","1292","0.21854453145793312","135","true"
"1293","0.19173986946881244","0","true","1293","0.17548831264074274","85","true","1293","0.3208878709038111","55","true","1293","0.37553915438711505","15","true","1293","0.5138212089004948","5","true","1293","0.5737803705552756","25","true","1293","0.36623589619956093","35","true","1293","0.5183980682067026","45","true","1293","0.28464393974144353","65","true","1293","0.24326453356801264","75","true","1293","0.13434080326131814","95","true","1293","0.5416726986454827","105","true","1293","0.3755798992564981","115","true","1293","0.22385408270217108","125","true","1293","0.21837564078447258","135","true"
"1294","0.19161592843113656","0","true","1294","0.17535776638899947","85","true","1294","0.32067348449420624","55","true","1294","0.3752900444432151","15","true","1294","0.5135049406191856","5","true","1294","0.5734420322769674","25","true","1294","0.36596446107437863","35","true","1294","0.5181969561881341","45","true","1294","0.2845382697579561","65","true","1294","0.24309925770827032","75","true","1294","0.134241663849996","95","true","1294","0.5414662605383602","105","true","1294","0.37540768138003133","115","true","1294","0.2236979981917342","125","true","1294","0.21825407580609008","135","true"
"1295","0.1914680766345076","0","true","1295","0.17522245947048945","85","true","1295","0.3204260512499978","55","true","1295","0.37500046879163856","15","true","1295","0.5131087176711769","5","true","1295","0.57299956157305","25","true","1295","0.3656820810889817","35","true","1295","0.517797112857742","45","true","1295","0.2843187186238836","65","true","1295","0.24291168112053246","75","true","1295","0.13413808231924756","95","true","1295","0.5410484624978215","105","true","1295","0.37511801495921343","115","true","1295","0.22352539171164798","125","true","1295","0.21808566988340017","135","true"
"1296","0.1913434366317293","0","true","1296","0.17509311332186012","85","true","1296","0.3202134001645262","55","true","1296","0.37475215831225933","15","true","1296","0.5127913812768999","5","true","1296","0.5726603680358975","25","true","1296","0.36541149151920493","35","true","1296","0.5175949968436216","45","true","1296","0.28421187331726955","65","true","1296","0.24274601415761177","75","true","1296","0.1340384946662136","95","true","1296","0.5408450566558777","105","true","1296","0.374948133718668","115","true","1296","0.2233706105885773","125","true","1296","0.21796365252897168","135","true"
"1297","0.191196022581936","0","true","1297","0.17495821878155052","85","true","1297","0.31996670262973076","55","true","1297","0.37446344324422215","15","true","1297","0.5123963185794601","5","true","1297","0.5722191813116787","25","true","1297","0.36512997265054603","35","true","1297","0.517196233363773","45","true","1297","0.2839929119356692","65","true","1297","0.24255899873838402","75","true","1297","0.13393522926200233","95","true","1297","0.5404283809573756","105","true","1297","0.37465926766803725","115","true","1297","0.22319852229074327","125","true","1297","0.2177957298382714","135","true"
"1298","0.19107178391407542","0","true","1298","0.17482927519873043","85","true","1298","0.31975368551490074","55","true","1298","0.3742159284896359","15","true","1298","0.5120800191920193","5","true","1298","0.5718783091350187","25","true","1298","0.36485917723376154","35","true","1298","0.5169943056460756","45","true","1298","0.28388626541329376","65","true","1298","0.24239477494813252","75","true","1298","0.1338367073500217","95","true","1298","0.5402211574433757","105","true","1298","0.3744869620299695","115","true","1298","0.22304342307549746","125","true","1298","0.21767412354985827","135","true"
"1299","0.1909248056187569","0","true","1299","0.17469479114088526","85","true","1299","0.3195077211414277","55","true","1299","0.3739280700831054","15","true","1299","0.5116861114849486","5","true","1299","0.5714384027433763","25","true","1299","0.3645785163281971","35","true","1299","0.5165966177186556","45","true","1299","0.2836678913629758","65","true","1299","0.24220831742894164","75","true","1299","0.13373375603667553","95","true","1299","0.5398056027068808","105","true","1299","0.37419889513610033","115","true","1299","0.22287185121159322","125","true","1299","0.21750668191635836","135","true"
"1300","0.19080096640846658","0","true","1300","0.17456624826122144","85","true","1300","0.3192953782678648","55","true","1300","0.3736813473367208","15","true","1300","0.5113698383895608","5","true","1300","0.5710949488641949","25","true","1300","0.36430856107064086","35","true","1300","0.5163886230000206","45","true","1300","0.28356026977399956","65","true","1300","0.24204370045183438","75","true","1300","0.13363554044064363","95","true","1300","0.5395942395022411","105","true","1300","0.37402486491126535","115","true","1300","0.222717241519414","125","true","1300","0.21738548474439318","135","true"
"1301","0.19065442188741555","0","true","1301","0.1744321728017274","85","true","1301","0.3190501437223442","55","true","1301","0.373394341693605","15","true","1301","0.5109770812172186","5","true","1301","0.5706563198712116","25","true","1301","0.3640287541880981","35","true","1301","0.5159920111543985","45","true","1301","0.28334248154836666","65","true","1301","0.24185779899219395","75","true","1301","0.13353290177671073","95","true","1301","0.5391798046024697","105","true","1301","0.3737375954297667","115","true","1301","0.22254618373022858","125","true","1301","0.21721852200649425","135","true"
"1302","0.19053207484504497","0","true","1302","0.1743032386066633","85","true","1302","0.31883645848283804","55","true","1302","0.37314743159264757","15","true","1302","0.5106618377277087","5","true","1302","0.570313993383151","25","true","1302","0.3637596352104","35","true","1302","0.5157843758077849","45","true","1302","0.283236653041145","65","true","1302","0.24169370325942674","75","true","1302","0.1334358026662973","95","true","1302","0.5389624115433176","105","true","1302","0.3735621059233236","115","true","1302","0.22239119413278352","125","true","1302","0.217096851893144","135","true"
"1303","0.19038596129071594","0","true","1303","0.17416957047889747","85","true","1303","0.31859195199627144","55","true","1303","0.37286127558682497","15","true","1303","0.5102702258889604","5","true","1303","0.5698766360262622","25","true","1303","0.36348067843493187","35","true","1303","0.5153888356422881","45","true","1303","0.28301944701887416","65","true","1303","0.24150835532747933","75","true","1303","0.13333347459676792","95","true","1303","0.538549096810539","105","true","1303","0.3732756319157137","115","true","1303","0.2222206487385099","125","true","1303","0.21693036657727502","135","true"
"1304","0.19026291457174302","0","true","1304","0.17404182406833757","85","true","1304","0.31837894534849337","55","true","1304","0.3726151523719278","15","true","1304","0.5099560071828275","5","true","1304","0.5695344871419505","25","true","1304","0.36321239188153154","35","true","1304","0.5151823917858533","45","true","1304","0.28290935824297425","65","true","1304","0.24134477885534833","75","true","1304","0.13323667711501408","95","true","1304","0.5383325922748752","105","true","1304","0.37310181068256126","115","true","1304","0.22206614612511588","125","true","1304","0.21680910374028947","135","true"
"1305","0.190117230869927","0","true","1305","0.17390856080335418","85","true","1305","0.3181351636139233","55","true","1305","0.3723298421480596","15","true","1305","0.5095655355081087","5","true","1305","0.569098396416727","25","true","1305","0.3629342813211322","35","true","1305","0.5147879182852516","45","true","1305","0.2826927354571833","65","true","1305","0.24115998193432586","75","true","1305","0.13313465821982648","95","true","1305","0.5379203927402084","105","true","1305","0.3728161278259896","115","true","1305","0.22189611079117627","125","true","1305","0.21664309370679768","135","true"
"1306","0.18999457804832112","0","true","1306","0.17378120957450557","85","true","1306","0.3179228289645971","55","true","1306","0.37208450216183","15","true","1306","0.5092513076129466","5","true","1306","0.5687564349212323","25","true","1306","0.36266682336009654","35","true","1306","0.5145747176644042","45","true","1306","0.2825853941530135","65","true","1306","0.24099601132397613","75","true","1306","0.13303735187505167","95","true","1306","0.5377001356471842","105","true","1306","0.37263866982302074","115","true","1306","0.22174205642022546","125","true","1306","0.21652127990481848","135","true"
"1307","0.1898493222547062","0","true","1307","0.1736483493225373","85","true","1307","0.3176797686978046","55","true","1307","0.371800033888006","15","true","1307","0.5088619717508571","5","true","1307","0.5683216058425464","25","true","1307","0.36238955514651844","35","true","1307","0.5141813119169544","45","true","1307","0.2823693502736916","65","true","1307","0.24081176360889664","75","true","1307","0.13293564136138575","95","true","1307","0.5372890499165671","105","true","1307","0.37235377787361473","115","true","1307","0.22157252885415496","125","true","1307","0.21635574375810226","135","true"
"1308","0.18972706149899676","0","true","1308","0.17352139145804205","85","true","1308","0.3174681063664423","55","true","1308","0.3715554734955369","15","true","1308","0.5085487614412928","5","true","1308","0.5679807602474071","25","true","1308","0.362122921969361","35","true","1308","0.5139668475066369","45","true","1308","0.28225443024306623","65","true","1308","0.2406483095451826","75","true","1308","0.13283788525364915","95","true","1308","0.5370717735007217","105","true","1308","0.3721791828171078","115","true","1308","0.2214197589171854","125","true","1308","0.21623433559214497","135","true"
"1309","0.18958223168105862","0","true","1309","0.17338893238059316","85","true","1309","0.3172257643005137","55","true","1309","0.3712718433630976","15","true","1309","0.5081605562798872","5","true","1309","0.5675471871479816","25","true","1309","0.361846492257934","35","true","1309","0.51357450640167","45","true","1309","0.2820389688459341","65","true","1309","0.24046460854552978","75","true","1309","0.13273648228780666","95","true","1309","0.5366617950476678","105","true","1309","0.37189507657068255","115","true","1309","0.22125073620045474","125","true","1309","0.21606927121383035","135","true"
"1310","0.1894614490677844","0","true","1310","0.17326158072861195","85","true","1310","0.31701373370533154","55","true","1310","0.37102805895179547","15","true","1310","0.5078473068169984","5","true","1310","0.5672064901526888","25","true","1310","0.3615806800794364","35","true","1310","0.5133604474692937","45","true","1310","0.28192578809057905","65","true","1310","0.24030175042656746","75","true","1310","0.13264058318683047","95","true","1310","0.5364431575126002","105","true","1310","0.37171701687423075","115","true","1310","0.22109678227851032","125","true","1310","0.21594638005556882","135","true"
"1311","0.18931704247550712","0","true","1311","0.17312952159695905","85","true","1311","0.3167721073839098","55","true","1311","0.3707452631751554","15","true","1311","0.5074602280770465","5","true","1311","0.5667741681327553","25","true","1311","0.36130508504888803","35","true","1311","0.5129691666404298","45","true","1311","0.2817109056301441","65","true","1311","0.240118593604596","75","true","1311","0.1325394851813527","95","true","1311","0.53603428315474","105","true","1311","0.3714336959772229","115","true","1311","0.22092826338957855","125","true","1311","0.21578178677808743","135","true"
"1312","0.18919461091978043","0","true","1312","0.17300334565111083","85","true","1312","0.3165617811611837","55","true","1312","0.3705022511545696","15","true","1312","0.5071479891451011","5","true","1312","0.5664345788396755","25","true","1312","0.36104009010692195","35","true","1312","0.512756260182203","45","true","1312","0.2815937260180536","65","true","1312","0.2399553402580553","75","true","1312","0.13244307678867775","95","true","1312","0.535816357477451","105","true","1312","0.37125821939619974","115","true","1312","0.22077565012573153","125","true","1312","0.21565930176358236","135","true"
"1313","0.18905062719761928","0","true","1313","0.17287168404863662","85","true","1313","0.31632086656364855","55","true","1313","0.3702202859710425","15","true","1313","0.5067620317713224","5","true","1313","0.5660035022956574","25","true","1313","0.3607653259591998","35","true","1313","0.5123660347178329","45","true","1313","0.2813794233346304","65","true","1313","0.23977272584385587","75","true","1313","0.13234228297072595","95","true","1313","0.5354085824717605","105","true","1313","0.37097567889437616","115","true","1313","0.22060763212715792","125","true","1313","0.21549517748522348","135","true"
"1314","0.18892858444675142","0","true","1314","0.17274589607954888","85","true","1314","0.3161091908331001","55","true","1314","0.36997804277269647","15","true","1314","0.5064507986752474","5","true","1314","0.5656650155458653","25","true","1314","0.3605011445145521","35","true","1314","0.5121488452117775","45","true","1314","0.2812642982498613","65","true","1314","0.23961088925734794","75","true","1314","0.1322461711704434","95","true","1314","0.5351892717498725","105","true","1314","0.37079775332820053","115","true","1314","0.2204554948007939","125","true","1314","0.21537309671354873","135","true"
"1315","0.18878502169261255","0","true","1315","0.17261463020106896","85","true","1315","0.3158689862807953","55","true","1315","0.3696969044423221","15","true","1315","0.5060659576428195","5","true","1315","0.5652351789079125","25","true","1315","0.3602272074746474","35","true","1315","0.5117596743567534","45","true","1315","0.2810505715794587","65","true","1315","0.23942881411353537","75","true","1315","0.1321456801589157","95","true","1315","0.5347825929719471","105","true","1315","0.3705159921174648","115","true","1315","0.22028797542784495","125","true","1315","0.21520943934522535","135","true"
"1316","0.18866444889136827","0","true","1316","0.17248844666760818","85","true","1316","0.31565900785827394","55","true","1316","0.3694554265195459","15","true","1316","0.5057557257163122","5","true","1316","0.5648977895741321","25","true","1316","0.35996383581084546","35","true","1316","0.5115435756360672","45","true","1316","0.280933519457785","65","true","1316","0.23926658035156353","75","true","1316","0.13204986359508902","95","true","1316","0.5345640737308445","105","true","1316","0.3703377085845794","115","true","1316","0.22013631185345667","125","true","1316","0.21508776092714466","135","true"
"1317","0.18852130439296813","0","true","1317","0.1723575753120182","85","true","1317","0.3154195093697624","55","true","1317","0.369175111324918","15","true","1317","0.5053719960306398","5","true","1317","0.5644691873058664","25","true","1317","0.35969072212661873","35","true","1317","0.5111554545619883","45","true","1317","0.28072036807731626","65","true","1317","0.23908504273369435","75","true","1317","0.13194967401724753","95","true","1317","0.5341584864214888","105","true","1317","0.37005672398019046","115","true","1317","0.2199692888550853","125","true","1317","0.21492456839229857","135","true"
"1318","0.18840003305514663","0","true","1318","0.17223255857917985","85","true","1318","0.31520915893118967","55","true","1318","0.3689343951526823","15","true","1318","0.5050617155945679","5","true","1318","0.564131927667578","25","true","1318","0.3594281565497581","35","true","1318","0.5109303590485346","45","true","1318","0.28060614705947945","65","true","1318","0.23892421829992047","75","true","1318","0.13185415134217696","95","true","1318","0.533938404454461","105","true","1318","0.36987799666384186","115","true","1318","0.21981720245393666","125","true","1318","0.2148032904501762","135","true"
"1319","0.18825730575737756","0","true","1319","0.172102079368135","85","true","1319","0.3149703641138175","55","true","1319","0.3686548993987787","15","true","1319","0.5046790930827538","5","true","1319","0.5637045549951025","25","true","1319","0.3591558624917659","35","true","1319","0.5105432905947099","45","true","1319","0.28039356664504045","65","true","1319","0.2387432151042387","75","true","1319","0.1317542618335844","95","true","1319","0.5335339056632076","105","true","1319","0.36959778606030863","115","true","1319","0.21965067427025944","125","true","1319","0.21464056068468365","135","true"
"1320","0.18813641787247903","0","true","1320","0.1719774453222078","85","true","1320","0.3147617017668882","55","true","1320","0.36841400898827104","15","true","1320","0.5043698069417767","5","true","1320","0.5633683847978341","25","true","1320","0.35889409933033944","35","true","1320","0.5103192880878963","45","true","1320","0.28027515523205637","65","true","1320","0.23858199158757892","75","true","1320","0.13165903170774457","95","true","1320","0.5333123365581497","105","true","1320","0.3694207991539785","115","true","1320","0.2194990593205772","125","true","1320","0.21451886272759585","135","true"
"1321","0.18799410590737126","0","true","1321","0.17184735648308358","85","true","1321","0.3145236066823444","55","true","1321","0.3681353297076445","15","true","1321","0.503988286664211","5","true","1321","0.5629422362465498","25","true","1321","0.358622621191663","35","true","1321","0.5099332674463775","45","true","1321","0.2800631467939081","65","true","1321","0.23840152109469875","75","true","1321","0.13155944091220165","95","true","1321","0.5329089232929771","105","true","1321","0.36914135830741723","115","true","1321","0.2193330237235117","125","true","1321","0.2143565942989063","135","true"
"1322","0.18787378581400202","0","true","1322","0.17172232516044572","85","true","1322","0.31431456939905644","55","true","1322","0.36789519617583083","15","true","1322","0.503679990227467","5","true","1322","0.5626071504477266","25","true","1322","0.3583616567963915","35","true","1322","0.509707415948143","45","true","1322","0.2799448080263855","65","true","1322","0.23824169954782895","75","true","1322","0.13146530132036174","95","true","1322","0.5326793781703995","105","true","1322","0.3689618164283013","115","true","1322","0.21918102402478867","125","true","1322","0.21423529495277838","135","true"
"1323","0.18773188718423314","0","true","1323","0.17159262551908588","85","true","1323","0.31407717168803","55","true","1323","0.3676173297134624","15","true","1323","0.503299567274123","5","true","1323","0.5621822205757873","25","true","1323","0.3580909908924667","35","true","1323","0.509322440558454","45","true","1323","0.2797333693496284","65","true","1323","0.23806175868714327","75","true","1323","0.13136600728613188","95","true","1323","0.5322770523560714","105","true","1323","0.36868314436151256","115","true","1323","0.21901547944470953","125","true","1323","0.21407348581761768","135","true"
"1324","0.18761087020502418","0","true","1324","0.17146875222035318","85","true","1324","0.3138667621323615","55","true","1324","0.3673770241601266","15","true","1324","0.5029912091605905","5","true","1324","0.5618482141635817","25","true","1324","0.35783082163613084","35","true","1324","0.5090976311684678","45","true","1324","0.2796140979913113","65","true","1324","0.23790243480480275","75","true","1324","0.13127135766976436","95","true","1324","0.5320501837990511","105","true","1324","0.3685056311961292","115","true","1324","0.21886395680457787","125","true","1324","0.2139508281762167","135","true"
"1325","0.18746938387756942","0","true","1325","0.17133943943587326","85","true","1325","0.31363006020013495","55","true","1325","0.3670999675808203","15","true","1325","0.5026118794402582","5","true","1325","0.5614244975616484","25","true","1325","0.35756096430458023","35","true","1325","0.5087136963033332","45","true","1325","0.2794032276308352","65","true","1325","0.23772302120389416","75","true","1325","0.13117235966247193","95","true","1325","0.531648939316548","105","true","1325","0.36822772348029503","115","true","1325","0.21869890103021544","125","true","1325","0.21378947762706418","135","true"
"1326","0.1873498218869909","0","true","1326","0.17121516775327894","85","true","1326","0.31342132965993524","55","true","1326","0.36686041407966186","15","true","1326","0.5023035179236284","5","true","1326","0.5610906137818923","25","true","1326","0.35730158658185446","35","true","1326","0.50848708372152","45","true","1326","0.2792857428755456","65","true","1326","0.23756329545287136","75","true","1326","0.13107799862700598","95","true","1326","0.5314187103957146","105","true","1326","0.36804941129397756","115","true","1326","0.21854784532579952","125","true","1326","0.21366628464856585","135","true"
"1327","0.18720874521388323","0","true","1327","0.1710862406691274","85","true","1327","0.3131853196225407","55","true","1327","0.36658416376785485","15","true","1327","0.5019252773227822","5","true","1327","0.5606681057895866","25","true","1327","0.35703253418231995","35","true","1327","0.5081041868211272","45","true","1327","0.2790754373462718","65","true","1327","0.23738440742918696","75","true","1327","0.13097929531478686","95","true","1327","0.5310185457041516","105","true","1327","0.3677722656529429","115","true","1327","0.21838327616516262","125","true","1327","0.21350539136193292","135","true"
"1328","0.18708955926743173","0","true","1328","0.17096234652011616","85","true","1328","0.3129772378420535","55","true","1328","0.3663453588828102","15","true","1328","0.501617896487229","5","true","1328","0.5603352936120364","25","true","1328","0.35677292456285137","35","true","1328","0.5078765295177998","45","true","1328","0.27895518649785483","65","true","1328","0.23722517683638594","75","true","1328","0.1308852215527736","95","true","1328","0.5307889225409819","105","true","1328","0.3675923855237802","115","true","1328","0.21823268527359388","125","true","1328","0.21338259753484326","135","true"
"1329","0.18694889042587728","0","true","1329","0.17083380340243187","85","true","1329","0.3127419166105933","55","true","1329","0.36606991124455246","15","true","1329","0.5012407401740807","5","true","1329","0.5599139888799972","25","true","1329","0.3565046742436312","35","true","1329","0.5074946674655307","45","true","1329","0.27874544575612714","65","true","1329","0.2370468120417721","75","true","1329","0.13078681161175648","95","true","1329","0.5303898331255376","105","true","1329","0.3673160002715067","115","true","1329","0.21806860054782426","125","true","1329","0.213222159491584","135","true"
"1330","0.18683007880450536","0","true","1330","0.1707102850802912","85","true","1330","0.3125336086933374","55","true","1330","0.3658309171206254","15","true","1330","0.5009323175787819","5","true","1330","0.5595822433750726","25","true","1330","0.35624585131024644","35","true","1330","0.5072649194675464","45","true","1330","0.27862620167481306","65","true","1330","0.23688807435398465","75","true","1330","0.13069302382361778","95","true","1330","0.5301589334883104","105","true","1330","0.3671354777024506","115","true","1330","0.21791847235903572","125","true","1330","0.2130988834134645","135","true"
"1331","0.18668981598258008","0","true","1331","0.1705821242056063","85","true","1331","0.312298973851976","55","true","1331","0.3655562692849492","15","true","1331","0.5005562422652843","5","true","1331","0.559162136585752","25","true","1331","0.35597839946992343","35","true","1331","0.5068840899484266","45","true","1331","0.27841702284472686","65","true","1331","0.2367102304543195","75","true","1331","0.13059490593786433","95","true","1331","0.5297609162709769","105","true","1331","0.3668598504669382","115","true","1331","0.21775486990230972","125","true","1331","0.2129388992667577","135","true"
"1332","0.1865713769776268","0","true","1332","0.17045898001387907","85","true","1332","0.31209131076487245","55","true","1332","0.3653180190696549","15","true","1332","0.500248795921373","5","true","1332","0.5588314528537486","25","true","1332","0.3557203596728032","35","true","1332","0.5066534472997981","45","true","1332","0.2782947790004792","65","true","1332","0.23655198343192063","75","true","1332","0.13050219615164538","95","true","1332","0.5295329256074964","105","true","1332","0.36668119459561693","115","true","1332","0.21760435467945963","125","true","1332","0.21281602064728866","135","true"
"1333","0.1864315183741953","0","true","1333","0.1703311996690411","85","true","1333","0.3118573592575525","55","true","1333","0.3650441674811469","15","true","1333","0.4998737968239806","5","true","1333","0.5584125387211746","25","true","1333","0.3554537027315192","35","true","1333","0.5062736471144159","45","true","1333","0.2780861622246168","65","true","1333","0.23637465810700914","75","true","1333","0.13040436841839825","95","true","1333","0.5291359743889","105","true","1333","0.3664063211363998","115","true","1333","0.21744123297430262","125","true","1333","0.21265648839792786","135","true"
"1334","0.18631238194824637","0","true","1334","0.17020919914846372","85","true","1334","0.3116503380736464","55","true","1334","0.3648066577918708","15","true","1334","0.49956627355187666","5","true","1334","0.5580829118920391","25","true","1334","0.3551964425421387","35","true","1334","0.5060431296443674","45","true","1334","0.27796594077422043","65","true","1334","0.23621604100630453","75","true","1334","0.130311148116661","95","true","1334","0.5289023531592479","105","true","1334","0.36622702086652825","115","true","1334","0.21729202454605992","125","true","1334","0.21253400541000025","135","true"
"1335","0.1861729265725366","0","true","1335","0.1700817970532927","85","true","1335","0.31141706686251347","55","true","1335","0.3645335989162781","15","true","1335","0.4991923467004157","5","true","1335","0.557665185161581","25","true","1335","0.35493057694143354","35","true","1335","0.5056643548467293","45","true","1335","0.27775788243531757","65","true","1335","0.23603923259237763","75","true","1335","0.13021360983214256","95","true","1335","0.5285064681643683","105","true","1335","0.36595289884492155","115","true","1335","0.21712938081511227","125","true","1335","0.2123749230706215","135","true"
"1336","0.1860541617731049","0","true","1336","0.16996016557060384","85","true","1336","0.31121068467244645","55","true","1336","0.3642968263907593","15","true","1336","0.49888579313412157","5","true","1336","0.5573347384873576","25","true","1336","0.35467409285240376","35","true","1336","0.5054328836461591","45","true","1336","0.2776347431441474","65","true","1336","0.23588110364404105","75","true","1336","0.13012067165395783","95","true","1336","0.5282712640566085","105","true","1336","0.3657753734012374","115","true","1336","0.21698062883340333","125","true","1336","0.21225283389817867","135","true"
"1337","0.18591510784053908","0","true","1337","0.1698331400357977","85","true","1337","0.3109780907377137","55","true","1337","0.3640245567148319","15","true","1337","0.49851293379695105","5","true","1337","0.556918195334527","25","true","1337","0.3544090150550552","35","true","1337","0.5050551311172756","45","true","1337","0.2774272433361174","65","true","1337","0.23570480984460604","75","true","1337","0.13002342152566637","95","true","1337","0.52787644248407","105","true","1337","0.36550199868270133","115","true","1337","0.2168184609493724","125","true","1337","0.21209419949317257","135","true"
"1338","0.18579671298011474","0","true","1338","0.16971187593173678","85","true","1338","0.31077132887444064","55","true","1338","0.36378758836321345","15","true","1338","0.49820630041529607","5","true","1338","0.556587869497423","25","true","1338","0.3541522867195887","35","true","1338","0.5048215578393069","45","true","1338","0.27730675507560204","65","true","1338","0.23554805606104445","75","true","1338","0.12993076420234562","95","true","1338","0.5276353459695527","105","true","1338","0.3653209426637051","115","true","1338","0.21667016335439174","125","true","1338","0.21197250233112727","135","true"
"1339","0.18565805871669674","0","true","1339","0.1695852252780564","85","true","1339","0.3105394099722955","55","true","1339","0.3635161050883155","15","true","1339","0.4978345046687175","5","true","1339","0.5561725054157085","25","true","1339","0.3538879939683054","35","true","1339","0.5044448253334567","45","true","1339","0.27709980973599335","65","true","1339","0.2353722739296556","75","true","1339","0.1298338009454782","95","true","1339","0.52724158824868","105","true","1339","0.3650483150945531","115","true","1339","0.21650846920263475","125","true","1339","0.2118143138965518","135","true"
"1340","0.18554003211790157","0","true","1340","0.16946355912694167","85","true","1340","0.3103332836082708","55","true","1340","0.36327986931561557","15","true","1340","0.49752779158025956","5","true","1340","0.5558422831923273","25","true","1340","0.353632037055477","35","true","1340","0.5042125230281764","45","true","1340","0.27697645110115976","65","true","1340","0.23521600190857134","75","true","1340","0.12974142321591348","95","true","1340","0.5270015260205705","105","true","1340","0.364868080041146","115","true","1340","0.21636062394690592","125","true","1340","0.21169300695070392","135","true"
"1341","0.1854017757601386","0","true","1341","0.16933728225724948","85","true","1341","0.31010203675014236","55","true","1341","0.36300916896590196","15","true","1341","0.4971570555209598","5","true","1341","0.5554280937115581","25","true","1341","0.35336852585051765","35","true","1341","0.503836805797902","45","true","1341","0.2767700603030218","65","true","1341","0.23504072917987642","75","true","1341","0.12964474555330846","95","true","1341","0.5266088274169785","105","true","1341","0.36459619622591416","115","true","1341","0.21619940142533595","125","true","1341","0.2115352625341982","135","true"
"1342","0.18528411575565032","0","true","1342","0.16921598191054504","85","true","1342","0.30989755576875205","55","true","1342","0.3627727509772366","15","true","1342","0.4968513036203832","5","true","1342","0.5550980044784022","25","true","1342","0.35311333690637386","35","true","1342","0.5035980638049722","45","true","1342","0.2766482056276455","65","true","1342","0.23488405017726022","75","true","1342","0.12955264616391596","95","true","1342","0.5263646221476577","105","true","1342","0.3644163539273444","115","true","1342","0.21605139847063093","125","true","1342","0.2114127329377998","135","true"
"1343","0.18514625555047498","0","true","1343","0.1690900771620997","85","true","1343","0.3096669772302337","55","true","1343","0.3625028307756166","15","true","1343","0.4964816225909037","5","true","1343","0.554684985129832","25","true","1343","0.3528506037687947","35","true","1343","0.5032233628646411","45","true","1343","0.2764423661889345","65","true","1343","0.23470928525897358","75","true","1343","0.12945625282599638","95","true","1343","0.5259729818037978","105","true","1343","0.36414521080686274","115","true","1343","0.21589064594200696","125","true","1343","0.2112554317972211","135","true"
"1344","0.18502896048295225","0","true","1344","0.16896914098326782","85","true","1344","0.3094631237741093","55","true","1344","0.36226714079748484","15","true","1344","0.4961768275206106","5","true","1344","0.5543559392327714","25","true","1344","0.35259617935994464","35","true","1344","0.502985734057748","45","true","1344","0.2763198632255406","65","true","1344","0.23455308566299393","75","true","1344","0.12936521677252574","95","true","1344","0.5257300877432619","105","true","1344","0.3639661888584389","115","true","1344","0.2157422525471277","125","true","1344","0.2111332924535586","135","true"
"1345","0.18489149468764543","0","true","1345","0.1688436067031911","85","true","1345","0.3092332106063722","55","true","1345","0.3619979973050647","15","true","1345","0.4958081968909519","5","true","1345","0.5539440848945598","25","true","1345","0.3523342208314454","35","true","1345","0.5026120448051048","45","true","1345","0.2761145735797564","65","true","1345","0.23437882631257564","75","true","1345","0.1292691059131108","95","true","1345","0.5253395007538538","105","true","1345","0.3636957830717684","115","true","1345","0.21558196855563652","125","true","1345","0.2109764326523301","135","true"
"1346","0.18477364162916823","0","true","1346","0.16872223555666224","85","true","1346","0.3090299818522048","55","true","1346","0.3617630320585044","15","true","1346","0.49550435431942674","5","true","1346","0.5536151253752145","25","true","1346","0.3520805575449079","35","true","1346","0.5023750404246311","45","true","1346","0.2759936002862616","65","true","1346","0.2342231039683691","75","true","1346","0.12917682958825635","95","true","1346","0.5250926336760599","105","true","1346","0.36351574079096516","115","true","1346","0.2154356427190392","125","true","1346","0.21085468178515776","135","true"
"1347","0.18463656919472524","0","true","1347","0.16859707069348964","85","true","1347","0.30880073112382783","55","true","1347","0.36149466185668055","15","true","1347","0.4951367694868456","5","true","1347","0.5532044316620282","25","true","1347","0.3518193701876787","35","true","1347","0.5020023586439006","45","true","1347","0.275788857259343","65","true","1347","0.2340493479565231","75","true","1347","0.12908100107965972","95","true","1347","0.5247030990813447","105","true","1347","0.3632460703601113","115","true","1347","0.2152758239929865","125","true","1347","0.2106982613980768","135","true"
"1348","0.18451907983647772","0","true","1348","0.16847606224399767","85","true","1348","0.30859812426513183","55","true","1348","0.36126041808227854","15","true","1348","0.49483387510846144","5","true","1348","0.552873825043232","25","true","1348","0.35156646463073116","35","true","1348","0.5017641095972317","45","true","1348","0.27566541984730386","65","true","1348","0.2338941007220604","75","true","1348","0.128989001002013","95","true","1348","0.5244595790982782","105","true","1348","0.36306627932289154","115","true","1348","0.21512994203795766","125","true","1348","0.2105760006247999","135","true"
"1349","0.18438239903659887","0","true","1349","0.16835126516085397","85","true","1349","0.3083695330619725","55","true","1349","0.36099281777258796","15","true","1349","0.49446733149726996","5","true","1349","0.5524642888765333","25","true","1349","0.351306045027301","35","true","1349","0.5013924324790116","45","true","1349","0.2754612232400096","65","true","1349","0.23372084583263666","75","true","1349","0.12889345359386334","95","true","1349","0.5240710905211684","105","true","1349","0.3627973413382079","115","true","1349","0.21497058652533696","125","true","1349","0.21042001840211486","135","true"
"1350","0.1842652717426553","0","true","1350","0.16823061779384282","85","true","1350","0.3081665385562383","55","true","1350","0.3607592922303346","15","true","1350","0.4941653810320955","5","true","1350","0.5521347195308852","25","true","1350","0.3510538938273292","35","true","1350","0.5011500913300913","45","true","1350","0.27533679413061096","65","true","1350","0.23356608751767885","75","true","1350","0.12880172853297536","95","true","1350","0.5238258857958072","105","true","1350","0.36261849714094035","115","true","1350","0.21482426900874405","125","true","1350","0.21029814457520546","135","true"
"1351","0.18412898086118884","0","true","1351","0.16810618686352194","85","true","1351","0.30793860472594525","55","true","1351","0.3604924584343063","15","true","1351","0.4937998740934623","5","true","1351","0.5517263358625932","25","true","1351","0.35079423858041553","35","true","1351","0.5007794181856163","45","true","1351","0.27513314265566224","65","true","1351","0.2333933315357871","75","true","1351","0.12870646098228528","95","true","1351","0.5234384406140057","105","true","1351","0.3623502881933509","115","true","1351","0.21466537531864882","125","true","1351","0.21014259861028298","135","true"
"1352","0.18401221400535564","0","true","1352","0.16798589897399147","85","true","1352","0.3077362714687958","55","true","1352","0.3602596479034519","15","true","1352","0.49349886328707143","5","true","1352","0.5513977991050496","25","true","1352","0.35054283838476513","35","true","1352","0.5005333058728483","45","true","1352","0.2750078150480068","65","true","1352","0.2332381640308348","75","true","1352","0.1286157357824456","95","true","1352","0.5231919980556905","105","true","1352","0.3621716907602077","115","true","1352","0.214518723886932","125","true","1352","0.21002110997734671","135","true"
"1353","0.18387631133622317","0","true","1353","0.16786183257888512","85","true","1353","0.30750899209548055","55","true","1353","0.3599935772624597","15","true","1353","0.49313438849882396","5","true","1353","0.5509905629166412","25","true","1353","0.35028394411712493","35","true","1353","0.5001636357798847","45","true","1353","0.27480470735594775","65","true","1353","0.2330659054163364","75","true","1353","0.12852074631731822","95","true","1353","0.5228055933303909","105","true","1353","0.3619042079753036","115","true","1353","0.21436029056057535","125","true","1353","0.20986599837470465","135","true"
"1354","0.1837599033019668","0","true","1354","0.16774190257132052","85","true","1354","0.30730427420493495","55","true","1354","0.35976147854137175","15","true","1354","0.49283431312210646","5","true","1354","0.5506612627886435","25","true","1354","0.350033291592954","35","true","1354","0.4999184725591551","45","true","1354","0.27468108129986707","65","true","1354","0.2329120873033536","75","true","1354","0.12843029208800594","95","true","1354","0.522555912654713","105","true","1354","0.3617265508703991","115","true","1354","0.21421408074333934","125","true","1354","0.209744893193799","135","true"
"1355","0.18362438714908924","0","true","1355","0.16761819910334755","85","true","1355","0.30707764863398734","55","true","1355","0.35949616771648873","15","true","1355","0.49247086598853557","5","true","1355","0.5502551704119557","25","true","1355","0.34977515494723643","35","true","1355","0.4995498011192147","45","true","1355","0.2744785141307669","65","true","1355","0.2327403232271712","75","true","1355","0.12833557948322127","95","true","1355","0.522170546937416","105","true","1355","0.36145979087713187","115","true","1355","0.2140561057575404","125","true","1355","0.2095902140690248","135","true"
"1356","0.1835083363294649","0","true","1356","0.1674978456947209","85","true","1356","0.3068735503302085","55","true","1356","0.3592647776225107","15","true","1356","0.49217172183750985","5","true","1356","0.5499259880907074","25","true","1356","0.3495252467813692","35","true","1356","0.49930301244114633","45","true","1356","0.2743528699814744","65","true","1356","0.2325860943208397","75","true","1356","0.128245395021995","95","true","1356","0.5219211636388722","105","true","1356","0.36128237611683234","115","true","1356","0.21391033558985303","125","true","1356","0.2094687481464017","135","true"
"1357","0.18337320500668916","0","true","1357","0.16737450412940816","85","true","1357","0.3066475756981539","55","true","1357","0.35900022329436454","15","true","1357","0.4918092978891759","5","true","1357","0.5495210352276066","25","true","1357","0.3492678644199691","35","true","1357","0.498935337174253","45","true","1357","0.2741508428312671","65","true","1357","0.23241482326463878","75","true","1357","0.12815095805953403","95","true","1357","0.521536832885088","105","true","1357","0.3610163360755092","115","true","1357","0.21375281693330675","125","true","1357","0.20931450017280348","135","true"
"1358","0.18325750980426983","0","true","1358","0.16725450716065726","85","true","1358","0.3064440942225895","55","true","1358","0.3587695386636758","15","true","1358","0.49151108078480316","5","true","1358","0.5491910449722553","25","true","1358","0.3490186973187516","35","true","1358","0.4986830268026419","45","true","1358","0.2740266795204996","65","true","1358","0.23226106084673642","75","true","1358","0.12806104217104222","95","true","1358","0.521282504986464","105","true","1358","0.36083985520336365","115","true","1358","0.2136074844618369","125","true","1358","0.20919341588795926","135","true"
"1359","0.18312276163529612","0","true","1359","0.1671315259053921","85","true","1359","0.30621876768271994","55","true","1359","0.3585057375323054","15","true","1359","0.4911496755783437","5","true","1359","0.5487872280274229","25","true","1359","0.3487620659236643","35","true","1359","0.4983163481064635","45","true","1359","0.27382518931496985","65","true","1359","0.23209028065493736","75","true","1359","0.12796687964003411","95","true","1359","0.5208992090269151","105","true","1359","0.36057453178042004","115","true","1359","0.2134504201350267","125","true","1359","0.20903959719980636","135","true"
"1360","0.18300742046210255","0","true","1360","0.16701188380229995","85","true","1360","0.30601590029309717","55","true","1360","0.3582757552197823","15","true","1360","0.4908523813663439","5","true","1360","0.5484582618629686","25","true","1360","0.34851363661282064","35","true","1360","0.4980643430849447","45","true","1360","0.27370054098991453","65","true","1360","0.23193698265102877","75","true","1360","0.12787723113596294","95","true","1360","0.5206425563168532","105","true","1360","0.36039828889237463","115","true","1360","0.21330552341795894","125","true","1360","0.2089188928352727","135","true"
"1361","0.1828730537804123","0","true","1361","0.16688926127381074","85","true","1361","0.30579121901534895","55","true","1361","0.3580127040044961","15","true","1361","0.4904919904842835","5","true","1361","0.5480555759144642","25","true","1361","0.34825775288549843","35","true","1361","0.49769865707680594","45","true","1361","0.27349958611400416","65","true","1361","0.23176669118065357","75","true","1361","0.12778334183263257","95","true","1361","0.5202602930596455","105","true","1361","0.3601336792823215","115","true","1361","0.21314891143307058","125","true","1361","0.2087655015776844","135","true"
"1362","0.18275806505784328","0","true","1362","0.1667699724714066","85","true","1362","0.305588962985555","55","true","1362","0.35778342088357445","15","true","1362","0.49019356934474645","5","true","1362","0.5477276292543694","25","true","1362","0.3480100581099885","35","true","1362","0.4974479075420605","45","true","1362","0.2733747643673573","65","true","1362","0.23161385552852934","75","true","1362","0.1276947353902814","95","true","1362","0.5200036737891136","105","true","1362","0.3599583122202741","115","true","1362","0.21300361955731534","125","true","1362","0.20864517542617436","135","true"
"1363","0.18262407820662788","0","true","1363","0.16664770709569443","85","true","1363","0.30536492415638666","55","true","1363","0.35752111632280936","15","true","1363","0.4898341898950802","5","true","1363","0.547326069408875","25","true","1363","0.3477549187711982","35","true","1363","0.4970832096626308","45","true","1363","0.2731743429858563","65","true","1363","0.2314440506491096","75","true","1363","0.12760111754908618","95","true","1363","0.5196224394241656","105","true","1363","0.3596944131643941","115","true","1363","0.21284745854590967","125","true","1363","0.2084922097550408","135","true"
"1364","0.1825094403653914","0","true","1364","0.1665287700381862","85","true","1364","0.30516327677634986","55","true","1364","0.3572925292853482","15","true","1364","0.4895366879078277","5","true","1364","0.5469991376937074","25","true","1364","0.3475079552950767","35","true","1364","0.4968305259516492","45","true","1364","0.2730474424292762","65","true","1364","0.2312916752986966","75","true","1364","0.12751199970882984","95","true","1364","0.5193611103323941","105","true","1364","0.35951797577045236","115","true","1364","0.2127034281647081","125","true","1364","0.20837226011937374","135","true"
"1365","0.18237583169748114","0","true","1365","0.16640686025045692","85","true","1365","0.30493987759862196","55","true","1365","0.35703096813653024","15","true","1365","0.4891783155155086","5","true","1365","0.5465986990863182","25","true","1365","0.34725355708475825","35","true","1365","0.49646681400000087","45","true","1365","0.272847554111246","65","true","1365","0.23112235489218216","75","true","1365","0.12741865271050712","95","true","1365","0.5189809045415211","105","true","1365","0.35925478545144035","115","true","1365","0.21254771555258167","125","true","1365","0.20821971820127755","135","true"
"1366","0.18226154317752605","0","true","1366","0.16628827339116398","85","true","1366","0.3047388361741944","55","true","1366","0.3568021565704536","15","true","1366","0.4888796887964902","5","true","1366","0.5462727777835522","25","true","1366","0.3470073216910352","35","true","1366","0.4962107453415565","45","true","1366","0.27272288947079404","65","true","1366","0.2309704378054544","75","true","1366","0.12732979873310307","95","true","1366","0.5187213598577385","105","true","1366","0.3590777498825062","115","true","1366","0.21240411516681226","125","true","1366","0.2080985061943241","135","true"
"1367","0.18212831105532026","0","true","1367","0.16616671763576107","85","true","1367","0.3045160738670495","55","true","1367","0.3565413362805629","15","true","1367","0.4885223206029255","5","true","1367","0.54587345557757","25","true","1367","0.34675366136816166","35","true","1367","0.495848018188529","45","true","1367","0.2725235306334616","65","true","1367","0.23080159976612294","75","true","1367","0.12723672139484787","95","true","1367","0.5183421775771407","105","true","1367","0.35881526614721193","115","true","1367","0.21224884900075464","125","true","1367","0.20794638740324636","135","true"
"1368","0.18201437030576842","0","true","1368","0.16604847943704756","85","true","1368","0.30431563571989034","55","true","1368","0.35631321664654475","15","true","1368","0.4882236479880458","5","true","1368","0.5455476227113228","25","true","1368","0.34650815085866365","35","true","1368","0.4955926522514157","45","true","1368","0.2723966402748209","65","true","1368","0.23064925208892204","75","true","1368","0.12714813011961362","95","true","1368","0.5180852437633636","105","true","1368","0.3586402774550689","115","true","1368","0.21210567671383354","125","true","1368","0.2078255521346508","135","true"
"1369","0.18188151310116565","0","true","1369","0.16592727616738548","85","true","1369","0.30409350751863495","55","true","1369","0.3560531340066568","15","true","1369","0.4878672803617771","5","true","1369","0.5451494127677379","25","true","1369","0.34625522520110263","35","true","1369","0.4952309057899183","45","true","1369","0.2721978106103868","65","true","1369","0.23048089497060897","75","true","1369","0.12705532126551172","95","true","1369","0.5177070793518574","105","true","1369","0.3583784962306491","115","true","1369","0.21195085505199865","125","true","1369","0.2076738546513408","135","true"
"1370","0.18176791858024494","0","true","1370","0.16580938510059454","85","true","1370","0.30389366998609485","55","true","1370","0.3558257032432017","15","true","1370","0.487568499933324","5","true","1370","0.544823671141491","25","true","1370","0.3460104363963355","35","true","1370","0.4949762719001105","45","true","1370","0.27207079154912034","65","true","1370","0.2303290034569018","75","true","1370","0.12696627500370916","95","true","1370","0.5174470514066303","105","true","1370","0.35820224130383016","115","true","1370","0.21180887457538036","125","true","1370","0.20755339443984888","135","true"
"1371","0.18163543467457421","0","true","1371","0.16568853277909262","85","true","1371","0.30367217314208167","55","true","1371","0.3555663550629953","15","true","1371","0.4872131293065505","5","true","1371","0.5444265693403674","25","true","1371","0.3457582422007114","35","true","1371","0.49461550202263227","45","true","1371","0.27187248922291835","65","true","1371","0.23016112517449883","75","true","1371","0.1268737339869426","95","true","1371","0.5170699034099783","105","true","1371","0.3579411609530256","115","true","1371","0.2116544949291884","125","true","1371","0.20740211645556328","135","true"
"1372","0.18152218484955182","0","true","1372","0.16557098732448075","85","true","1372","0.30347293357708827","55","true","1372","0.35533961012653986","15","true","1372","0.48691425227875423","5","true","1372","0.544101828680384","25","true","1372","0.3455141719397243","35","true","1372","0.4943595053469001","45","true","1372","0.2717451930284959","65","true","1372","0.2300096878143412","75","true","1372","0.12678643539038112","95","true","1372","0.5168040550084675","105","true","1372","0.3577657258829668","115","true","1372","0.21151134969237081","125","true","1372","0.20728202962980968","135","true"
"1373","0.18139007263350412","0","true","1373","0.16545048442249788","85","true","1373","0.30325206535759985","55","true","1373","0.3550809932341625","15","true","1373","0.48655987509368964","5","true","1373","0.5437058302606749","25","true","1373","0.34526270602128195","35","true","1373","0.4939997094914802","45","true","1373","0.271547416323235","65","true","1373","0.22984228629482567","75","true","1373","0.1266941599643328","95","true","1373","0.5164279239640653","105","true","1373","0.3575053432585978","115","true","1373","0.21135741130103722","125","true","1373","0.20713116934623632","135","true"
"1374","0.18127716598062074","0","true","1374","0.16533328306917022","85","true","1374","0.3030534211285442","55","true","1374","0.35485493109894467","15","true","1374","0.48626190789008866","5","true","1374","0.5433802928853934","25","true","1374","0.34501935116153226","35","true","1374","0.4937424764984744","45","true","1374","0.2714205417035679","65","true","1374","0.2296913010900135","75","true","1374","0.12660634985933994","95","true","1374","0.5161587885769914","105","true","1374","0.35732866956610637","115","true","1374","0.21121551208424066","125","true","1374","0.20701145424467243","135","true"
"1375","0.18114542385418134","0","true","1375","0.16521312806693972","85","true","1375","0.3028331788166776","55","true","1375","0.3545970423408786","15","true","1375","0.4859085198756336","5","true","1375","0.5429853944167266","25","true","1375","0.3447686103540021","35","true","1375","0.4933836520242749","45","true","1375","0.2712232884029112","65","true","1375","0.2295243742723609","75","true","1375","0.1265143394306631","95","true","1375","0.5157836731783163","105","true","1375","0.35706898303299145","115","true","1375","0.2110620124388306","125","true","1375","0.20686100987385508","135","true"
"1376","0.18103285885858558","0","true","1376","0.1650962693127858","85","true","1376","0.30263512730730174","55","true","1376","0.35437165999880804","15","true","1376","0.4856104751025678","5","true","1376","0.5426608530549487","25","true","1376","0.3445259677712217","35","true","1376","0.4931227734810682","45","true","1376","0.2710968334471218","65","true","1376","0.22937383923634472","75","true","1376","0.12642678745257196","95","true","1376","0.5155149081935431","105","true","1376","0.35689074290357","115","true","1376","0.21092053384461634","125","true","1376","0.20674166484467718","135","true"
"1377","0.18090148523096689","0","true","1377","0.16497646069935126","85","true","1377","0.30241550820185376","55","true","1377","0.3541144962397378","15","true","1377","0.4852580727258606","5","true","1377","0.5422670498234139","25","true","1377","0.3442759489266852","35","true","1377","0.49276491950902096","45","true","1377","0.2709001013473779","65","true","1377","0.2292073850714417","75","true","1377","0.1263350408724177","95","true","1377","0.5151408044865812","105","true","1377","0.35663175107272554","115","true","1377","0.21076747104792212","125","true","1377","0.20659163460894084","135","true"
"1378","0.18078926038665064","0","true","1378","0.16485994305098114","85","true","1378","0.30221709997653484","55","true","1378","0.35388979070026716","15","true","1378","0.48496093189528633","5","true","1378","0.541942600305359","25","true","1378","0.34403401551474816","35","true","1378","0.4925048598602878","45","true","1378","0.2707740641558866","65","true","1378","0.22905729822924203","75","true","1378","0.12624774589397444","95","true","1378","0.5148714632666908","105","true","1378","0.3564540865141664","115","true","1378","0.21062641123440354","125","true","1378","0.20647265801001913","135","true"
"1379","0.1806582536762255","0","true","1379","0.1647404793241326","85","true","1379","0.30199810207800115","55","true","1379","0.3536333488229481","15","true","1379","0.4846095109301448","5","true","1379","0.5415498882761522","25","true","1379","0.3437847155035056","35","true","1379","0.4921479722806789","45","true","1379","0.2705778510659186","65","true","1379","0.22889131467980056","75","true","1379","0.12615626202013824","95","true","1379","0.514498368003454","105","true","1379","0.356195786451475","115","true","1379","0.2104737834001757","125","true","1379","0.20632304014189592","135","true"
"1380","0.1805454870926575","0","true","1380","0.16462430129681388","85","true","1380","0.3018002834418021","55","true","1380","0.35340931711294576","15","true","1380","0.48431327005862695","5","true","1380","0.5412255097820253","25","true","1380","0.34354348817429625","35","true","1380","0.4918887441313291","45","true","1380","0.2704508559184123","65","true","1380","0.22874167406792387","75","true","1380","0.12606851157431206","95","true","1380","0.5142288680123781","105","true","1380","0.35601869487896814","115","true","1380","0.21033390058931992","125","true","1380","0.2062035665425051","135","true"
"1381","0.18041484636393634","0","true","1381","0.16450518096302458","85","true","1381","0.30158190407606994","55","true","1381","0.3531535940180739","15","true","1381","0.4839628263031576","5","true","1381","0.5408338849558445","25","true","1381","0.34329490388473455","35","true","1381","0.49153281884614","45","true","1381","0.27025516065363775","65","true","1381","0.2285761591083957","75","true","1381","0.12597728978590808","95","true","1381","0.5138567776592577","105","true","1381","0.3557610836670442","115","true","1381","0.210181705292222","125","true","1381","0.20605435990969576","135","true"
"1382","0.18030241885519077","0","true","1382","0.16438934108061964","85","true","1382","0.3013846724501922","55","true","1382","0.35293023318169764","15","true","1382","0.4836674814304612","5","true","1382","0.5405104932732205","25","true","1382","0.34305437956801776","35","true","1382","0.4912743586690355","45","true","1382","0.27012858248422783","65","true","1382","0.22842696277475125","75","true","1382","0.12589127060378377","95","true","1382","0.5135849642990842","105","true","1382","0.3555837400728596","115","true","1382","0.21004066001347033","125","true","1382","0.2059352533583389","135","true"
"1383","0.18017214254098904","0","true","1383","0.16427056265498335","85","true","1383","0.3011669089585374","55","true","1383","0.3526752257877802","15","true","1383","0.48331801070688424","5","true","1383","0.5401199510092949","25","true","1383","0.34280650790648015","35","true","1383","0.4909193916468758","45","true","1383","0.26993340287260625","65","true","1383","0.22826191439124346","75","true","1383","0.1258003087030585","95","true","1383","0.513213876897134","105","true","1383","0.3553268154051769","115","true","1383","0.20988889653080164","125","true","1383","0.2057864562099586","135","true"
"1384","0.1800600526198539","0","true","1384","0.16415505944988731","85","true","1384","0.30097026177913566","55","true","1384","0.3524516338615393","15","true","1384","0.4830225557883002","5","true","1384","0.539797541794044","25","true","1384","0.3425666835497718","35","true","1384","0.4906597766019614","45","true","1384","0.2698072398036439","65","true","1384","0.2281131603950607","75","true","1384","0.125713777986016","95","true","1384","0.5129442222749899","105","true","1384","0.35514917651579664","115","true","1384","0.20974908215655974","125","true","1384","0.20566771508589596","135","true"
"1385","0.1799301391619752","0","true","1385","0.16403662145605621","85","true","1385","0.30075311151811174","55","true","1385","0.3521973397534141","15","true","1385","0.4826740546657978","5","true","1385","0.5394080774781753","25","true","1385","0.34231952144042854","35","true","1385","0.4903057652191317","45","true","1385","0.26961257368545943","65","true","1385","0.22794857658525186","75","true","1385","0.1256230754044965","95","true","1385","0.5125741326485289","105","true","1385","0.3548929361287001","115","true","1385","0.20959774804244968","125","true","1385","0.20551932568107206","135","true"
"1386","0.17981838534986766","0","true","1386","0.16392145346913548","85","true","1386","0.300557046236186","55","true","1386","0.35197351143375316","15","true","1386","0.4823784832463598","5","true","1386","0.5390857872484324","25","true","1386","0.34208039400886764","35","true","1386","0.4900467172955144","45","true","1386","0.2694868238503291","65","true","1386","0.22780026299699868","75","true","1386","0.1255367972431372","95","true","1386","0.5123021438967906","105","true","1386","0.3547158662061946","115","true","1386","0.20945834518748452","125","true","1386","0.2054009483729986","135","true"
"1387","0.17968883319903922","0","true","1387","0.16380335443925859","85","true","1387","0.3003405065775144","55","true","1387","0.3517199282122591","15","true","1387","0.482030948316067","5","true","1387","0.5386973969117981","25","true","1387","0.34183393839358744","35","true","1387","0.4896936577009211","45","true","1387","0.2692926690781027","65","true","1387","0.2276361417700556","75","true","1387","0.12544635286471997","95","true","1387","0.5119330501331761","105","true","1387","0.35446030722477806","115","true","1387","0.20930743859873271","125","true","1387","0.20525296498079904","135","true"
"1388","0.17957741402594332","0","true","1388","0.1636885202197897","85","true","1388","0.3001450206588028","55","true","1388","0.35149676588840845","15","true","1388","0.4817362654849577","5","true","1388","0.5383760823919369","25","true","1388","0.34159550486980905","35","true","1388","0.4894334191050995","45","true","1388","0.269167330621142","65","true","1388","0.22748826667135727","75","true","1388","0.12536108749974031","95","true","1388","0.5116631686971933","105","true","1388","0.35428212948534216","115","true","1388","0.2091676320085095","125","true","1388","0.2051340674439888","135","true"
"1389","0.17944822164175198","0","true","1389","0.1635707586944517","85","true","1389","0.29992908898926407","55","true","1389","0.35124389051726573","15","true","1389","0.4813896926320908","5","true","1389","0.5379887614693527","25","true","1389","0.34134975270803225","35","true","1389","0.4890813087316426","45","true","1389","0.26897368505954405","65","true","1389","0.2273246060478527","75","true","1389","0.1252708996670067","95","true","1389","0.5112950656981305","105","true","1389","0.3540272502554966","115","true","1389","0.209017151697712","125","true","1389","0.20498648897820176","135","true"
"1390","0.17933713564615678","0","true","1390","0.163456256800061","85","true","1390","0.2997341799141367","55","true","1390","0.3510213912864005","15","true","1390","0.48109589450360274","5","true","1390","0.5376675192077724","25","true","1390","0.34111201009204184","35","true","1390","0.4888218845327736","45","true","1390","0.2688481448518387","65","true","1390","0.22717716753141148","75","true","1390","0.12518441655893134","95","true","1390","0.5110247786156643","105","true","1390","0.35384964003040154","115","true","1390","0.20887932169764775","125","true","1390","0.20486723134698973","135","true"
"1391","0.1792083014969857","0","true","1391","0.16333883132822188","85","true","1391","0.29951885363546277","55","true","1391","0.3507692207466832","15","true","1391","0.4807502796368617","5","true","1391","0.5372812638060427","25","true","1391","0.3408669583606539","35","true","1391","0.48847071938583914","45","true","1391","0.268655006816744","65","true","1391","0.22701396554324235","75","true","1391","0.12509448522519648","95","true","1391","0.5106576631137852","105","true","1391","0.3535954377027935","115","true","1391","0.20872926471366957","125","true","1391","0.20472005661182666","135","true"
"1392","0.17909754722582405","0","true","1392","0.16322466032482544","85","true","1392","0.2993245188988164","55","true","1392","0.35054738172273275","15","true","1392","0.48045736234775066","5","true","1392","0.536960134402539","25","true","1392","0.3406299036697025","35","true","1392","0.4882121059821916","45","true","1392","0.26852929953583443","65","true","1392","0.2268669617127577","75","true","1392","0.12500895814721658","95","true","1392","0.5103894722110136","105","true","1392","0.35341762243314173","115","true","1392","0.20859108576427407","125","true","1392","0.20460116146993895","135","true"
"1393","0.17896906978878974","0","true","1393","0.1631075694637603","85","true","1393","0.2991097954275834","55","true","1393","0.35029591301274515","15","true","1393","0.48011270139915113","5","true","1393","0.5365749406188929","25","true","1393","0.3403855493629094","35","true","1393","0.4878618820898084","45","true","1393","0.26833666732669825","65","true","1393","0.22670421640306418","75","true","1393","0.12491928170665184","95","true","1393","0.510023339160647","105","true","1393","0.35316409472694865","115","true","1393","0.20844145083904864","125","true","1393","0.20445438875726324","135","true"
"1394","0.17885864579737756","0","true","1394","0.1629937279255045","85","true","1394","0.29891603253873716","55","true","1394","0.3500747313262727","15","true","1394","0.47981967368356787","5","true","1394","0.536254777940833","25","true","1394","0.3401491796313699","35","true","1394","0.48760315751913297","45","true","1394","0.2682113684716323","65","true","1394","0.22655764537315382","75","true","1394","0.12483476090321195","95","true","1394","0.5097547185758592","105","true","1394","0.35298684359601745","115","true","1394","0.20830286634724907","125","true","1394","0.2043358545172668","135","true"
"1395","0.17873052355826768","0","true","1395","0.16287697024074413","85","true","1395","0.29870190930625956","55","true","1395","0.3498239614614258","15","true","1395","0.4794759633155997","5","true","1395","0.535870641280417","25","true","1395","0.3399055197605738","35","true","1395","0.487253871589678","45","true","1395","0.2680192399841885","65","true","1395","0.22639535479623893","75","true","1395","0.1247453377220492","95","true","1395","0.5093895647659911","105","true","1395","0.3527339876908627","115","true","1395","0.20815365225960777","125","true","1395","0.20418948212864413","135","true"
"1396","0.17862042841024375","0","true","1396","0.16276345674994688","85","true","1396","0.29850871578885146","55","true","1396","0.3496025430826897","15","true","1396","0.4791828300900184","5","true","1396","0.5355514411110861","25","true","1396","0.33966983203981854","35","true","1396","0.4869959526450881","45","true","1396","0.2678943477325961","65","true","1396","0.22624921469236053","75","true","1396","0.12466030545853962","95","true","1396","0.5091209368069864","105","true","1396","0.3525565407825846","115","true","1396","0.20801628098970526","125","true","1396","0.2040713072122759","135","true"
"1397","0.1784926598634553","0","true","1397","0.16264703081521872","85","true","1397","0.29829519024107687","55","true","1397","0.3493524697328451","15","true","1397","0.478840066978366","5","true","1397","0.5351683571045689","25","true","1397","0.33942686363349533","35","true","1397","0.48664760074763097","45","true","1397","0.2677027208744183","65","true","1397","0.22608737691361064","75","true","1397","0.12457113499683824","95","true","1397","0.5087567587406009","105","true","1397","0.35230435441578734","115","true","1397","0.2078674853666797","125","true","1397","0.20392533345890518","135","true"
"1398","0.17838289213072145","0","true","1398","0.16253384396231077","85","true","1398","0.29810158656382196","55","true","1398","0.3491308100170413","15","true","1398","0.4785468069540519","5","true","1398","0.5348492662173616","25","true","1398","0.33919185499177407","35","true","1398","0.4863904838821913","45","true","1398","0.2675782334145436","65","true","1398","0.2259416658719841","75","true","1398","0.12448634881428093","95","true","1398","0.5084856462189428","105","true","1398","0.35212746828455826","115","true","1398","0.20773051503275483","125","true","1398","0.20380751629700622","135","true"
"1399","0.1782554757791995","0","true","1399","0.16241774835948056","85","true","1399","0.2978886568591335","55","true","1399","0.3488814308670291","15","true","1399","0.47820498780622755","5","true","1399","0.5344672310272064","25","true","1399","0.3389495750953514","35","true","1399","0.48604306210798975","45","true","1399","0.2673871061049618","65","true","1399","0.22578027896778982","75","true","1399","0.1243974299936993","95","true","1399","0.5081224421859293","105","true","1399","0.351875948664355","115","true","1399","0.20758213609344572","125","true","1399","0.2036619394996512","135","true"
"1400","0.1781460340418616","0","true","1400","0.1623048867429477","85","true","1400","0.2976956197348668","55","true","1400","0.3486604237981185","15","true","1400","0.4779125997299654","5","true","1400","0.5341481814651594","25","true","1400","0.3387152426176712","35","true","1400","0.48578674379527714","45","true","1400","0.2672630216355862","65","true","1400","0.22563499513532037","75","true","1400","0.1243121876427646","95","true","1400","0.5078494442230183","105","true","1400","0.35169884175657584","115","true","1400","0.20744631417018727","125","true","1400","0.2035444785321013","135","true"
"1401","0.1780189683970386","0","true","1401","0.1621891200619613","85","true","1401","0.2974832833441857","55","true","1401","0.34841173590667907","15","true","1401","0.47757172055754743","5","true","1401","0.533767191321461","25","true","1401","0.33847364829340754","35","true","1401","0.48544024825762","45","true","1401","0.2670723918056036","65","true","1401","0.22547405719299846","75","true","1401","0.12422351989123624","95","true","1401","0.5074872120944711","105","true","1401","0.35144798666259824","115","true","1401","0.2072983496094382","125","true","1401","0.20339929702102277","135","true"
"1402","0.1779098512433478","0","true","1402","0.16207658228828703","85","true","1402","0.2972908103309408","55","true","1402","0.3481913786660637","15","true","1402","0.47728020065192045","5","true","1402","0.5334481727057842","25","true","1402","0.33823998908141323","35","true","1402","0.4851828852253925","45","true","1402","0.2669487085359701","65","true","1402","0.2253283488557527","75","true","1402","0.1241385230105826","95","true","1402","0.5072131566558242","105","true","1402","0.35127064582491957","115","true","1402","0.20716292357379948","125","true","1402","0.20328141666096555","135","true"
"1403","0.1777831348250833","0","true","1403","0.16196114312711304","85","true","1403","0.29707906473953694","55","true","1403","0.34794337910860923","15","true","1403","0.476940257489063","5","true","1403","0.5330682238648256","25","true","1403","0.33799907740827834","35","true","1403","0.48483731336981883","45","true","1403","0.2667585741281809","65","true","1403","0.2251678585787899","75","true","1403","0.12405010525915057","95","true","1403","0.5068518937237332","105","true","1403","0.351020453057238","115","true","1403","0.2070153716339321","125","true","1403","0.20313662932716145","135","true"
"1404","0.17767434085137776","0","true","1404","0.1618489278107215","85","true","1404","0.29688715340930344","55","true","1404","0.3477236688938154","15","true","1404","0.47664960199829703","5","true","1404","0.5327501568539089","25","true","1404","0.33776608858013396","35","true","1404","0.4845798287072243","45","true","1404","0.2666350772404173","65","true","1404","0.22502176929622994","75","true","1404","0.12396605199248865","95","true","1404","0.5065761522971531","105","true","1404","0.35084284081305706","115","true","1404","0.2068787885116152","125","true","1404","0.20301910372042378","135","true"
"1405","0.17754797218789883","0","true","1405","0.16173381477529422","85","true","1405","0.2966759961166937","55","true","1405","0.347476354762312","15","true","1405","0.47631059090156996","5","true","1405","0.5323712449358051","25","true","1405","0.33752585665369006","35","true","1405","0.48423517733545535","45","true","1405","0.2664454363604455","65","true","1405","0.2248617253635868","75","true","1405","0.12387788268097195","95","true","1405","0.5062158563140116","105","true","1405","0.3505933082093493","115","true","1405","0.20673164854823567","125","true","1405","0.20287470890981182","135","true"
"1406","0.17743949999854625","0","true","1406","0.16162192053849372","85","true","1406","0.2964846440553183","55","true","1406","0.34725728878687556","15","true","1406","0.476020796091379","5","true","1406","0.5320541254109942","25","true","1406","0.33729353534396134","35","true","1406","0.4839766578042593","45","true","1406","0.26632233757612417","65","true","1406","0.2247160613203874","75","true","1406","0.1237940712971185","95","true","1406","0.5059401032927406","105","true","1406","0.3504162520201337","115","true","1406","0.20659478825784014","125","true","1406","0.20275663442345854","135","true"
"1407","0.1773134776263882","0","true","1407","0.16150713224265673","85","true","1407","0.29627407257516536","55","true","1407","0.3470106571897258","15","true","1407","0.4756827131396096","5","true","1407","0.5316762460605602","25","true","1407","0.33705398027624545","35","true","1407","0.4836329243825233","45","true","1407","0.2661331881886411","65","true","1407","0.2245564618450178","75","true","1407","0.12370614937148135","95","true","1407","0.5055807708330157","105","true","1407","0.35016737684114213","115","true","1407","0.2064480590048161","125","true","1407","0.2026126311319646","135","true"
"1408","0.17720532583372844","0","true","1408","0.16139555771558384","85","true","1408","0.2960832773822529","55","true","1408","0.3467922326830782","15","true","1408","0.47539377529704274","5","true","1408","0.531359170841102","25","true","1408","0.33682232363578357","35","true","1408","0.4833733771457538","45","true","1408","0.26601048574622216","65","true","1408","0.2244112212167261","75","true","1408","0.12362257883651165","95","true","1408","0.5053032936845879","105","true","1408","0.34999005023883706","115","true","1408","0.20631159425034978","125","true","1408","0.202494910248699","135","true"
"1409","0.17707964829767614","0","true","1409","0.16128109278103378","85","true","1409","0.29587328924226547","55","true","1409","0.3465462807450051","15","true","1409","0.4750566165911583","5","true","1409","0.5309823203653281","25","true","1409","0.3365834425551908","35","true","1409","0.4830305591477781","45","true","1409","0.2658218258272532","65","true","1409","0.22425206432224615","75","true","1409","0.12353490324868432","95","true","1409","0.5049449225543152","105","true","1409","0.3497418303450507","115","true","1409","0.2061652739707396","125","true","1409","0.2023512968371751","135","true"
"1410","0.1769718155219647","0","true","1410","0.1611698366015979","85","true","1410","0.2956821206506668","55","true","1410","0.34632849495236034","15","true","1410","0.47476853202444796","5","true","1410","0.5306661863762979","25","true","1410","0.33635244775101664","35","true","1410","0.4827718067088174","45","true","1410","0.2656995179753702","65","true","1410","0.22410724529479029","75","true","1410","0.12345157253454576","95","true","1410","0.5046682893481806","105","true","1410","0.34956505668370996","115","true","1410","0.20602854788838115","125","true","1410","0.20223243039335198","135","true"
"1411","0.17684648137499445","0","true","1411","0.16105569365782904","85","true","1411","0.29547271404963943","55","true","1411","0.34608321981429213","15","true","1411","0.4744322936873202","5","true","1411","0.5302903604652666","25","true","1411","0.33611423780218447","35","true","1411","0.4824299003301285","45","true","1411","0.26551134551221484","65","true","1411","0.22394852911540306","75","true","1411","0.12336414224238249","95","true","1411","0.5043108755455261","105","true","1411","0.3493174893631124","115","true","1411","0.2058826353190551","125","true","1411","0.20208920629250682","135","true"
"1412","0.17673896624434607","0","true","1412","0.16094475447165718","85","true","1412","0.29528120568602345","55","true","1412","0.34586606999653485","15","true","1412","0.47414406835573586","5","true","1412","0.5299751636509555","25","true","1412","0.3358839020173743","35","true","1412","0.48217012923025154","45","true","1412","0.26538943050960206","65","true","1412","0.2238041298850185","75","true","1412","0.12328105032685296","95","true","1412","0.5040342183937436","105","true","1412","0.3491412662242803","115","true","1412","0.2057463027899991","125","true","1412","0.20196980973765813","135","true"
"1413","0.1766139740475679","0","true","1413","0.16083093215590635","85","true","1413","0.2950723788078862","55","true","1413","0.3456214688154906","15","true","1413","0.4738087472324291","5","true","1413","0.5296003580189534","25","true","1413","0.3356463603610678","35","true","1413","0.48182913196771243","45","true","1413","0.2652017435007551","65","true","1413","0.22364585256543926","75","true","1413","0.12319386429408999","95","true","1413","0.5036777585504666","105","true","1413","0.3488943487799916","115","true","1413","0.2056007962109397","125","true","1413","0.20182697394576446","135","true"
"1414","0.17650677519790092","0","true","1414","0.16072030861628875","85","true","1414","0.2948814240499021","55","true","1414","0.34540495224906503","15","true","1414","0.47352136995534516","5","true","1414","0.5292852160345077","25","true","1414","0.3354157787269995","35","true","1414","0.48156925323031174","45","true","1414","0.26507945065105865","65","true","1414","0.22350187133859586","75","true","1414","0.12311101016073668","95","true","1414","0.503401939866033","105","true","1414","0.3487178513236451","115","true","1414","0.2054648555576196","125","true","1414","0.20170793147251045","135","true"
"1415","0.17638212352050128","0","true","1415","0.16060680557348064","85","true","1415","0.2946731744566465","55","true","1415","0.3451610221980417","15","true","1415","0.47318696220820156","5","true","1415","0.528911427040133","25","true","1415","0.33517890317705107","35","true","1415","0.4812291619497819","45","true","1415","0.2648922476491864","65","true","1415","0.2233440310339782","75","true","1415","0.12302406735695086","95","true","1415","0.5030464300214947","105","true","1415","0.3484715816546312","115","true","1415","0.20531975325849697","125","true","1415","0.2015654823683632","135","true"
"1416","0.17627523959548244","0","true","1416","0.16049649634131655","85","true","1416","0.29448277094345215","55","true","1416","0.3449451361748414","15","true","1416","0.4729004293486041","5","true","1416","0.5285963496124534","25","true","1416","0.33494897688557423","35","true","1416","0.4809691666458389","45","true","1416","0.2647688946576504","65","true","1416","0.2232004660273078","75","true","1416","0.12294144999508932","95","true","1416","0.50277144617538","105","true","1416","0.34829479577929784","115","true","1416","0.20518420281284028","125","true","1416","0.2014467924544062","135","true"
"1417","0.17615092701466756","0","true","1417","0.16038331122400956","85","true","1417","0.2942750962107699","55","true","1417","0.3447018744427012","15","true","1417","0.4725669311614753","5","true","1417","0.5282235736254206","25","true","1417","0.334712764631071","35","true","1417","0.48062997823494624","45","true","1417","0.2645821747037311","65","true","1417","0.22304306090317008","75","true","1417","0.12285474939565696","95","true","1417","0.5024168823910532","105","true","1417","0.34804917180484135","115","true","1417","0.20503950309294405","125","true","1417","0.20130472842587702","135","true"
"1418","0.1760443566656571","0","true","1418","0.1602733149677537","85","true","1418","0.2940852415948781","55","true","1418","0.34448661626996024","15","true","1418","0.4722812391029814","5","true","1418","0.5279094250266838","25","true","1418","0.3344834909055765","35","true","1418","0.4803707716373618","45","true","1418","0.2644592140863519","65","true","1418","0.22289991034339476","75","true","1418","0.12277167550343605","95","true","1418","0.5021419154577337","105","true","1418","0.34787293278053016","115","true","1418","0.20490508089567314","125","true","1418","0.20118638955756513","135","true"
"1419","0.17592038176659677","0","true","1419","0.1601604464360863","85","true","1419","0.2938781393120648","55","true","1419","0.34424402006131943","15","true","1419","0.47194864668107794","5","true","1419","0.5275376578259608","25","true","1419","0.33424793915141765","35","true","1419","0.4800324823615608","45","true","1419","0.26427297520319254","65","true","1419","0.2227429385755473","75","true","1419","0.12268521657702519","95","true","1419","0.5017882943905099","105","true","1419","0.34762795184195233","115","true","1419","0.2047607815429297","125","true","1419","0.20104470900153867","135","true"
"1420","0.1758141236525941","0","true","1420","0.16005076183169564","85","true","1420","0.2936888312592486","55","true","1420","0.34402938706150377","15","true","1420","0.4716637918277898","5","true","1420","0.5272244340780312","25","true","1420","0.33401931523094125","35","true","1420","0.4797731622134743","45","true","1420","0.26415040524079947","65","true","1420","0.2226002006994083","75","true","1420","0.12260307023573183","95","true","1420","0.5015141568181102","105","true","1420","0.3474522572919631","115","true","1420","0.20462600602584316","125","true","1420","0.20092671967380452","135","true"
"1421","0.17569048502836584","0","true","1421","0.159938208553333","85","true","1421","0.2934822990291085","55","true","1421","0.34378745359662227","15","true","1421","0.4713321013975311","5","true","1421","0.526853671466162","25","true","1421","0.3337844211977268","35","true","1421","0.47943576899110196","45","true","1421","0.26396464546214915","65","true","1421","0.22244366047388128","75","true","1421","0.1225168514802918","95","true","1421","0.5011614745699962","105","true","1421","0.34720791674534424","115","true","1421","0.2044821058809586","125","true","1421","0.2007854209961155","135","true"
"1422","0.17558453781595576","0","true","1422","0.15982883428421396","85","true","1422","0.293292628102817","55","true","1422","0.34357344310732263","15","true","1422","0.4710480801738917","5","true","1422","0.5265413686134226","25","true","1422","0.3335554933143899","35","true","1422","0.479176324251929","45","true","1422","0.26384176178741825","65","true","1422","0.22230133352806833","75","true","1422","0.12243493891115538","95","true","1422","0.5008881627846417","105","true","1422","0.3470327643065262","115","true","1422","0.20434771562507809","125","true","1422","0.20066691372536744","135","true"
"1423","0.1754612340674895","0","true","1423","0.15971659493429527","85","true","1423","0.2930866641785875","55","true","1423","0.3433321696219945","15","true","1423","0.47071728798275836","5","true","1423","0.5261716064163626","25","true","1423","0.3333212549061635","35","true","1423","0.478839824024224","45","true","1423","0.26365647965133154","65","true","1423","0.22214522304104017","75","true","1423","0.12234895931922339","95","true","1423","0.5005364154793154","105","true","1423","0.3467890615226031","115","true","1423","0.2042042130157908","125","true","1423","0.2005259959488749","135","true"
"1424","0.17535559643078868","0","true","1424","0.1596067776739019","85","true","1424","0.29289753709559635","55","true","1424","0.34311877899581994","15","true","1424","0.47043312860137654","5","true","1424","0.5258602205255567","25","true","1424","0.3330929733540955","35","true","1424","0.4785802571130346","45","true","1424","0.2635332549181531","65","true","1424","0.22200330528212156","75","true","1424","0.12226655682700827","95","true","1424","0.5002639259274075","105","true","1424","0.3466136262351698","115","true","1424","0.20407020639035023","125","true","1424","0.20040783705678558","135","true"
"1425","0.17523262616681196","0","true","1425","0.1594948514623494","85","true","1425","0.2926921391032432","55","true","1425","0.34287816274126465","15","true","1425","0.4701032315967472","5","true","1425","0.5254914545925093","25","true","1425","0.3328593878187841","35","true","1425","0.4782446468345542","45","true","1425","0.263348448989038","65","true","1425","0.22184762273984798","75","true","1425","0.12218081590356716","95","true","1425","0.4999131097100671","105","true","1425","0.3463705591760988","115","true","1425","0.20392709965375108","125","true","1425","0.20026729860162656","135","true"
"1426","0.17512729678741604","0","true","1426","0.15938534350678626","85","true","1426","0.29250355356141633","55","true","1426","0.342665389345737","15","true","1426","0.46981990078940095","5","true","1426","0.5251809817525832","25","true","1426","0.33263174987582017","35","true","1426","0.4779849638619988","45","true","1426","0.263224863801633","65","true","1426","0.2217061124342013","75","true","1426","0.12209795831614187","95","true","1426","0.4996397560956364","105","true","1426","0.34619566304278","115","true","1426","0.20379421058963879","125","true","1426","0.20014948660171064","135","true"
"1427","0.17500465862439962","0","true","1427","0.15927372912057702","85","true","1427","0.2922987191401548","55","true","1427","0.3424254275884921","15","true","1427","0.4694908952566353","5","true","1427","0.5248132079558377","25","true","1427","0.33239881447674746","35","true","1427","0.4776502404979498","45","true","1427","0.263040532664517","65","true","1427","0.22155085605294486","75","true","1427","0.1220124555442118","95","true","1427","0.49928986831125566","105","true","1427","0.3459532291050749","115","true","1427","0.203651497557013","125","true","1427","0.20000932589680748","135","true"
"1428","0.17489963619133064","0","true","1428","0.1591645291693896","85","true","1428","0.292110672850285","55","true","1428","0.3422132688059412","15","true","1428","0.46920838950034205","5","true","1428","0.5245036442777846","25","true","1428","0.3321718174359725","35","true","1428","0.4773913369321695","45","true","1428","0.2629165645229183","65","true","1428","0.2214097514766881","75","true","1428","0.12193051919177544","95","true","1428","0.4990156287369052","105","true","1428","0.34577729491133674","115","true","1428","0.20351825282237757","125","true","1428","0.19989114325930069","135","true"
"1429","0.1747773287534346","0","true","1429","0.1590532253028376","85","true","1429","0.29190639965248766","55","true","1429","0.3419739588277552","15","true","1429","0.46888027174544666","5","true","1429","0.5241368585125554","25","true","1429","0.33193952945175154","35","true","1429","0.47705749683641274","45","true","1429","0.2627327067854897","65","true","1429","0.22125491948264844","75","true","1429","0.12184525309443854","95","true","1429","0.49866666675876753","105","true","1429","0.3455354926072029","115","true","1429","0.2033759323658584","125","true","1429","0.19975135924303544","135","true"
"1430","0.17467261196308895","0","true","1430","0.15894433206284522","85","true","1430","0.2917188903382066","55","true","1430","0.3417624120552154","15","true","1430","0.4685985875370387","5","true","1430","0.5238282001292608","25","true","1430","0.33171317062139344","35","true","1430","0.47679847691420635","45","true","1430","0.26260912701717","65","true","1430","0.22111421892157182","75","true","1430","0.12176354810129963","95","true","1430","0.4983924351421538","105","true","1430","0.3453593358971747","115","true","1430","0.20324306642553494","125","true","1430","0.19963352205062213","135","true"
"1431","0.17455063388210915","0","true","1431","0.15883333741754996","85","true","1431","0.29151517602931115","55","true","1431","0.3415237511529422","15","true","1431","0.468271353886524","5","true","1431","0.5234623983135281","25","true","1431","0.33148152734581987","35","true","1431","0.476465517083959","45","true","1431","0.26242574075528646","65","true","1431","0.22095980955081654","75","true","1431","0.12167851769061437","95","true","1431","0.4980443957321384","105","true","1431","0.3451181631765761","115","true","1431","0.20310113690987464","125","true","1431","0.19949411316650856","135","true"
"1432","0.17444622143820593","0","true","1432","0.15872474960279503","85","true","1432","0.2913282014269992","55","true","1432","0.3413128138020492","15","true","1432","0.46798951153361223","5","true","1432","0.5231546413796163","25","true","1432","0.331255804049144","35","true","1432","0.4762063766316252","45","true","1432","0.26230254767612715","65","true","1432","0.22081868394901427","75","true","1432","0.12159704308504705","95","true","1432","0.4977709810968644","105","true","1432","0.3449410040716816","115","true","1432","0.20296864816936738","125","true","1432","0.19937661995208644","135","true"
"1433","0.174324571353521","0","true","1433","0.15861406288759086","85","true","1433","0.2911250436854183","55","true","1433","0.3410747992875429","15","true","1433","0.467663159015109","5","true","1433","0.5227898194539681","25","true","1433","0.3310248027910902","35","true","1433","0.47587429408167287","45","true","1433","0.26211963097621355","65","true","1433","0.22066469602436364","75","true","1433","0.12151224737857214","95","true","1433","0.49742386046848447","105","true","1433","0.34470045943843775","115","true","1433","0.20282710796841244","125","true","1433","0.19923758465225933","135","true"
"1434","0.17422046196705082","0","true","1434","0.15850577921928855","85","true","1434","0.29093860154411577","55","true","1434","0.34086446878443194","15","true","1434","0.46738213330301764","5","true","1434","0.5224811900204146","25","true","1434","0.3307997123662945","35","true","1434","0.4756150257488404","45","true","1434","0.2619968229116447","65","true","1434","0.220523972767321","75","true","1434","0.12143100219427533","95","true","1434","0.4971504037949457","105","true","1434","0.34452383832793204","115","true","1434","0.20269499484213685","125","true","1434","0.19912043395696127","135","true"
"1435","0.17409913852556957","0","true","1435","0.15839539915019432","85","true","1435","0.2907359980611463","55","true","1435","0.34062709798444274","15","true","1435","0.4670566582798261","5","true","1435","0.5221173451805675","25","true","1435","0.3305693504496049","35","true","1435","0.4752838175136393","45","true","1435","0.2618143738706199","65","true","1435","0.22037040454115991","75","true","1435","0.12134644021503141","95","true","1435","0.4968041987783754","105","true","1435","0.3442839192204613","115","true","1435","0.2025538423387649","125","true","1435","0.1989817707021166","135","true"
"1436","0.17399533091474373","0","true","1436","0.15828667079627587","85","true","1436","0.29055008614246514","55","true","1436","0.34041653766027036","15","true","1436","0.466776445756433","5","true","1436","0.5218096132648571","25","true","1436","0.33034489024971603","35","true","1436","0.4750253209367106","45","true","1436","0.26169119137848995","65","true","1436","0.22023008193686416","75","true","1436","0.121265423491091","95","true","1436","0.4965315539176669","105","true","1436","0.3441078337971087","115","true","1436","0.20242210324998564","125","true","1436","0.19886496107525334","135","true"
"1437","0.17387433277085307","0","true","1437","0.15817659661630626","85","true","1437","0.29034803462219916","55","true","1437","0.3401798084963898","15","true","1437","0.46645184461195704","5","true","1437","0.5214467414892904","25","true","1437","0.3301151650131029","35","true","1437","0.47469498343953626","45","true","1437","0.2615092086306607","65","true","1437","0.22007693167126133","75","true","1437","0.12118109426752278","95","true","1437","0.4961862607647339","105","true","1437","0.34386853766790343","115","true","1437","0.20228133683604266","125","true","1437","0.19872666833458905","135","true"
"1438","0.17377082566105317","0","true","1438","0.15806817143072813","85","true","1438","0.29016265070023534","55","true","1438","0.3399689820948888","15","true","1438","0.4661724418444463","5","true","1438","0.5211390144006394","25","true","1438","0.32989133240587304","35","true","1438","0.4744372553318417","45","true","1438","0.26138640941179286","65","true","1438","0.21993619306216913","75","true","1438","0.12110030504837416","95","true","1438","0.49591442426242366","105","true","1438","0.34369298563746203","115","true","1438","0.2021499702168119","125","true","1438","0.1986101983335918","135","true"
"1439","0.17365015147656634","0","true","1439","0.15795840186723456","85","true","1439","0.2899611488594713","55","true","1439","0.3397328925239896","15","true","1439","0.46584871098205427","5","true","1439","0.5207771123073056","25","true","1439","0.3296622412028134","35","true","1439","0.47410778501563905","45","true","1439","0.2612048910719236","65","true","1439","0.21978345959476484","75","true","1439","0.1210162076143128","95","true","1439","0.49557003924557474","105","true","1439","0.3434543099529916","115","true","1439","0.2020095882930502","125","true","1439","0.19847227458474903","135","true"
"1440","0.1735469436002945","0","true","1440","0.15785027858666698","85","true","1440","0.2897762907207182","55","true","1440","0.33952266887667004","15","true","1440","0.4655681870783869","5","true","1440","0.5204702770183487","25","true","1440","0.32943903357061805","35","true","1440","0.47385082210894336","45","true","1440","0.2610817415345758","65","true","1440","0.2196431199789375","75","true","1440","0.12093564494970373","95","true","1440","0.4952990076665982","105","true","1440","0.34327845802485923","115","true","1440","0.20187859258414662","125","true","1440","0.19835614277511326","135","true"
"1441","0.1734265920443997","0","true","1441","0.15774081237405488","85","true","1441","0.28957533628887305","55","true","1441","0.3392872162630246","15","true","1441","0.4652453242579442","5","true","1441","0.520109340626519","25","true","1441","0.32921057376925145","35","true","1441","0.47352221543619094","45","true","1441","0.26090068623531465","65","true","1441","0.2194908015878287","75","true","1441","0.12085177834432946","95","true","1441","0.49495552707875723","105","true","1441","0.34304040084176296","115","true","1441","0.20173859356016316","125","true","1441","0.19821858650411803","135","true"
"1442","0.17332368214122879","0","true","1442","0.15763298974217357","85","true","1442","0.2893910017321353","55","true","1442","0.33907759283992933","15","true","1442","0.46496283662672594","5","true","1442","0.5198033933779356","25","true","1442","0.32898704456650146","35","true","1442","0.47326601448056443","45","true","1442","0.26077791819755897","65","true","1442","0.219350859295105","75","true","1442","0.12077144128928326","95","true","1442","0.49468529700728225","105","true","1442","0.3428642470372969","115","true","1442","0.20160796721103136","125","true","1442","0.19810201712347633","135","true"
"1443","0.17320365189043846","0","true","1443","0.15752382562185352","85","true","1443","0.2891905924511573","55","true","1443","0.33884277456233935","15","true","1443","0.4646408402024692","5","true","1443","0.5194434187287819","25","true","1443","0.32875921420322823","35","true","1443","0.47293826793314026","45","true","1443","0.26059732407138336","65","true","1443","0.21919895426789235","75","true","1443","0.12068780455708847","95","true","1443","0.4943427171617093","105","true","1443","0.34262680642300514","115","true","1443","0.20146834950520653","125","true","1443","0.19796482736092544","135","true"
"1444","0.1731010387069633","0","true","1444","0.15741630238929125","85","true","1444","0.2890067792874654","55","true","1444","0.33863289292864235","15","true","1444","0.4643591618856579","5","true","1444","0.5191383557822017","25","true","1444","0.3285363067430191","35","true","1444","0.47268282569683157","45","true","1444","0.26047493589400095","65","true","1444","0.21905857396039427","75","true","1444","0.12060769217186741","95","true","1444","0.49407243336611445","105","true","1444","0.3424511826545444","115","true","1444","0.20133809097389702","125","true","1444","0.19784859493385085","135","true"
"1445","0.1729813284450636","0","true","1445","0.1573074391096306","85","true","1445","0.28880691291174787","55","true","1445","0.3383987069722602","15","true","1445","0.4640380283020578","5","true","1445","0.5187793389386455","25","true","1445","0.3283091032113849","35","true","1445","0.4723559357758794","45","true","1445","0.2602948010835625","65","true","1445","0.2189070811706568","75","true","1445","0.12052428436261992","95","true","1445","0.49373075118536336","105","true","1445","0.34221435611052325","115","true","1445","0.20119885301333415","125","true","1445","0.19771177017940145","135","true"
"1446","0.17287901073485196","0","true","1446","0.15720021403392895","85","true","1446","0.28862361896427347","55","true","1446","0.33818942231911436","15","true","1446","0.46375715590683186","5","true","1446","0.5184742828195777","25","true","1446","0.3280868149121379","35","true","1446","0.4721012490451892","45","true","1446","0.26017203802011524","65","true","1446","0.21876709660172972","75","true","1446","0.12044439571268906","95","true","1446","0.493461263888433","105","true","1446","0.34203926012219343","115","true","1446","0.2010689607664438","125","true","1446","0.19759587328932454","135","true"
"1447","0.17275961915285273","0","true","1447","0.15709165035020387","85","true","1447","0.28842429326056884","55","true","1447","0.33795586608823097","15","true","1447","0.46343688162789065","5","true","1447","0.5181162204695642","25","true","1447","0.3278602356200715","35","true","1447","0.4717752122709867","45","true","1447","0.2599923611982782","65","true","1447","0.21861601435269537","75","true","1447","0.12036121588139577","95","true","1447","0.4931204757227642","105","true","1447","0.34180304516354554","115","true","1447","0.20093010098690894","125","true","1447","0.19745941205086506","135","true"
"1448","0.17265672698528473","0","true","1448","0.15698472219576573","85","true","1448","0.28824151636454104","55","true","1448","0.3377471759210688","15","true","1448","0.46315584612726246","5","true","1448","0.5178111818384743","25","true","1448","0.3276385639144683","35","true","1448","0.4715212778501421","45","true","1448","0.25986922854764766","65","true","1448","0.21847642387345487","75","true","1448","0.12028155003738697","95","true","1448","0.4928517815590681","105","true","1448","0.3416277276879972","115","true","1448","0.20080057349952182","125","true","1448","0.19734384928908955","135","true"
"1449","0.17253765338046728","0","true","1449","0.15687645687011348","85","true","1449","0.28804272911187584","55","true","1449","0.33751424683422665","15","true","1449","0.4628364283023471","5","true","1449","0.5174540706785856","25","true","1449","0.32741260628418245","35","true","1449","0.47119609076196955","45","true","1449","0.2596900083900286","65","true","1449","0.21832575047768008","75","true","1449","0.12019859724425774","95","true","1449","0.49251188377868255","105","true","1449","0.3413921223585572","115","true","1449","0.2006620903453842","125","true","1449","0.19720775008268326","135","true"
"1450","0.17243505600966533","0","true","1450","0.1567698244081557","85","true","1450","0.28786046711449775","55","true","1450","0.337305311468069","15","true","1450","0.4625552301150287","5","true","1450","0.5171499088407784","25","true","1450","0.3271915486190665","35","true","1450","0.470942905473","45","true","1450","0.2595659207112105","65","true","1450","0.21818655244835924","75","true","1450","0.12011915328193411","95","true","1450","0.4922439794015278","105","true","1450","0.3412173297332888","115","true","1450","0.20053292610101314","125","true","1450","0.19709252004833142","135","true"
"1451","0.17231629908403884","0","true","1451","0.1566618562095275","85","true","1451","0.2876622161040883","55","true","1451","0.3370730075345511","15","true","1451","0.4622366659069605","5","true","1451","0.5167937449917145","25","true","1451","0.32696621008695975","35","true","1451","0.4706185646290103","45","true","1451","0.2593871563030071","65","true","1451","0.2180362862276648","75","true","1451","0.120036426592346","95","true","1451","0.49190496839643033","105","true","1451","0.34098233157231544","115","true","1451","0.200394818025186","125","true","1451","0.1969567813981604","135","true"
"1452","0.17221399527761264","0","true","1452","0.1565555182180339","85","true","1452","0.2874804668644546","55","true","1452","0.33686466343476096","15","true","1452","0.46195626755362","5","true","1452","0.5164904562780384","25","true","1452","0.3267448278296828","35","true","1452","0.4703661253116243","45","true","1452","0.25926344785849365","65","true","1452","0.2178974790175516","75","true","1452","0.11995720359256645","95","true","1452","0.49163785047773156","105","true","1452","0.34080806157336274","115","true","1452","0.2002660155157144","125","true","1452","0.19684188269811906","135","true"
"1453","0.1720955537402828","0","true","1453","0.15644784592214805","85","true","1453","0.28728274989962344","55","true","1453","0.33663298209814835","15","true","1453","0.46163855347689814","5","true","1453","0.5161352358816986","25","true","1453","0.3265201064900475","35","true","1453","0.47004262728871393","45","true","1453","0.2590851373716584","65","true","1453","0.21774761830295905","75","true","1453","0.11987470207702823","95","true","1453","0.4912997226575956","105","true","1453","0.3405736681334911","115","true","1453","0.2001282809795963","125","true","1453","0.19670650313642848","135","true"
"1454","0.1719935422726584","0","true","1454","0.1563418011858231","85","true","1454","0.2871015112886383","55","true","1454","0.33642522680498094","15","true","1454","0.4613579896209529","5","true","1454","0.5158328166433058","25","true","1454","0.32629933513868903","35","true","1454","0.46979093080017675","45","true","1454","0.25896180654626544","65","true","1454","0.2176092002903338","75","true","1454","0.11979569912571252","95","true","1454","0.4910333878877465","105","true","1454","0.34039991854927154","115","true","1454","0.1999998387052206","125","true","1454","0.19659125198003036","135","true"
"1455","0.17187541483977883","0","true","1455","0.15623442357511858","85","true","1455","0.28690432618473133","55","true","1455","0.33619416552283465","15","true","1455","0.46104112286983967","5","true","1455","0.5154785358626442","25","true","1455","0.32607522845246745","35","true","1455","0.46946827219385795","45","true","1455","0.2587839481626485","65","true","1455","0.2174597434220025","75","true","1455","0.11971342185982947","95","true","1455","0.4906961396817796","105","true","1455","0.34016612739642177","115","true","1455","0.19986247617863734","125","true","1455","0.19645623051575836","135","true"
"1456","0.17177369449215152","0","true","1456","0.1561286708853411","85","true","1456","0.28672359608502745","55","true","1456","0.33598699659010756","15","true","1456","0.4607613541808944","5","true","1456","0.5151761560087155","25","true","1456","0.32585506548871385","35","true","1456","0.4692173154088705","45","true","1456","0.2586609933501998","65","true","1456","0.21732171299407607","75","true","1456","0.11963463804792339","95","true","1456","0.4904305847695252","105","true","1456","0.3399928960276487","115","true","1456","0.19973439264780984","125","true","1456","0.19634130933529262","135","true"
"1457","0.1716558798868757","0","true","1457","0.1560215867489314","85","true","1457","0.2865269406693313","55","true","1457","0.33575655283387296","15","true","1457","0.46044533130422716","5","true","1457","0.5148228115944433","25","true","1457","0.3256315709307655","35","true","1457","0.46889549283314425","45","true","1457","0.2584835852614823","65","true","1457","0.21717265832124064","75","true","1457","0.1195525841123624","95","true","1457","0.49009421262633623","105","true","1457","0.33975970474093564","115","true","1457","0.19959740060895675","125","true","1457","0.196206644514075","135","true"
"1458","0.17155444944716353","0","true","1458","0.15591612490370893","85","true","1458","0.2863467169751894","55","true","1458","0.33554996782887336","15","true","1458","0.4601663544788484","5","true","1458","0.5145196339664782","25","true","1458","0.32541201385011626","35","true","1458","0.4686443861618983","45","true","1458","0.25836035715560457","65","true","1458","0.2170350138740932","75","true","1458","0.11947401853580332","95","true","1458","0.4898294342986466","105","true","1458","0.3395869894005334","115","true","1458","0.1994696743383289","125","true","1458","0.19609205193426904","135","true"
"1459","0.17143694639959697","0","true","1459","0.15580933303733654","85","true","1459","0.2861505890868502","55","true","1459","0.3353201390837851","15","true","1459","0.45985117204427384","5","true","1459","0.514167223258282","25","true","1459","0.32518912890912305","35","true","1459","0.4683233968563079","45","true","1459","0.25818339800686785","65","true","1459","0.2168863597550014","75","true","1459","0.11939218701625824","95","true","1459","0.4894939346861133","105","true","1459","0.33935439557217684","115","true","1459","0.19933305127371362","125","true","1459","0.1959577423096565","135","true"
"1460","0.1713358046623945","0","true","1460","0.1557041608412599","85","true","1460","0.2859708697041188","55","true","1460","0.3351141355871771","15","true","1460","0.45957298379720496","5","true","1460","0.5138640596187815","25","true","1460","0.32497017522079613","35","true","1460","0.46807302550971586","45","true","1460","0.2580605440580513","65","true","1460","0.2167490996935217","75","true","1460","0.11931383877594093","95","true","1460","0.489229091423659","105","true","1460","0.3391814001057359","115","true","1460","0.19920568078808","125","true","1460","0.19584347696281704","135","true"
"1461","0.17121861190954746","0","true","1461","0.1555976600472508","85","true","1461","0.28577526719406127","55","true","1461","0.33488491935216536","15","true","1461","0.4592586383910509","5","true","1461","0.5135125794138439","25","true","1461","0.32474789739916765","35","true","1461","0.4677528661215423","45","true","1461","0.2578840320580116","65","true","1461","0.21660084449537292","75","true","1461","0.11923222876309829","95","true","1461","0.48889446140216536","105","true","1461","0.3389494018840494","115","true","1461","0.1990694251924657","125","true","1461","0.19570952109622142","135","true"
"1462","0.1711177576760801","0","true","1462","0.15549277631144912","85","true","1462","0.2855960500400778","55","true","1462","0.33467949495789834","15","true","1462","0.45898029366472415","5","true","1462","0.5132094024394569","25","true","1462","0.3245295446260059","35","true","1462","0.46750238487091056","45","true","1462","0.2577615506818857","65","true","1462","0.2164639672331978","75","true","1462","0.11915409696484099","95","true","1462","0.488630389950927","105","true","1462","0.33877691973587293","115","true","1462","0.19894160787151066","125","true","1462","0.1955955816221824","135","true"
"1463","0.17100087396182048","0","true","1463","0.15538656539866808","85","true","1463","0.28540097077092474","55","true","1463","0.3344508887454954","15","true","1463","0.45866678253517174","5","true","1463","0.5128588495689381","25","true","1463","0.32430787143978596","35","true","1463","0.4671830526408075","45","true","1463","0.2575854840489063","65","true","1463","0.21631610933208223","75","true","1463","0.11907270755434587","95","true","1463","0.4882966260233649","105","true","1463","0.3385455147360534","115","true","1463","0.1988057187950957","125","true","1463","0.195461978082823","135","true"
"1464","0.17090030603989897","0","true","1464","0.1552819689407641","85","true","1464","0.28522225377443694","55","true","1464","0.33424604106071315","15","true","1464","0.45838922179881664","5","true","1464","0.5125556574758212","25","true","1464","0.32409011711816393","35","true","1464","0.4669324367564943","45","true","1464","0.25746337366988714","65","true","1464","0.2161796132915369","75","true","1464","0.11899408492775515","95","true","1464","0.4880316498112946","105","true","1464","0.3383735437492724","115","true","1464","0.1986782559731436","125","true","1464","0.1953474937147418","135","true"
"1465","0.17078373011490586","0","true","1465","0.15517604672456986","85","true","1465","0.2850276956204298","55","true","1465","0.334018042396961","15","true","1465","0.458076541565666","5","true","1465","0.5122060287872292","25","true","1465","0.32386904609693734","35","true","1465","0.46661392895515974","45","true","1465","0.25728775063191317","65","true","1465","0.2160321510723749","75","true","1465","0.11891291570201999","95","true","1465","0.48769874964089127","105","true","1465","0.33814272959937525","115","true","1465","0.19854273192404867","125","true","1465","0.19521424167264442","135","true"
"1466","0.17068344731888124","0","true","1466","0.15507173636863583","85","true","1466","0.2848494767215176","55","true","1466","0.33381292331184836","15","true","1466","0.45779976158080526","5","true","1466","0.511902019739195","25","true","1466","0.3236518877766692","35","true","1466","0.4663640426928331","45","true","1466","0.25716600968314285","65","true","1466","0.2158960346844136","75","true","1466","0.11883450918797563","95","true","1466","0.4874337070675494","105","true","1466","0.33797126762902935","115","true","1466","0.19841562214402905","125","true","1466","0.19510008225694658","135","true"
"1467","0.1705671779405986","0","true","1467","0.15496610167083705","85","true","1467","0.2846554375684376","55","true","1467","0.33358553031231714","15","true","1467","0.45748790888218077","5","true","1467","0.51155331264128","25","true","1467","0.3234314164634698","35","true","1467","0.4660463560152494","45","true","1467","0.25699082847763666","65","true","1467","0.21574896654089562","75","true","1467","0.11875355924983667","95","true","1467","0.48710166775755787","105","true","1467","0.33774104196988153","115","true","1467","0.19828046163848134","125","true","1467","0.19496718029355628","135","true"
"1468","0.17046717909131762","0","true","1468","0.15486207624735068","85","true","1468","0.2844768181994992","55","true","1468","0.33338098491696283","15","true","1468","0.4572109910782805","5","true","1468","0.5112501618194146","25","true","1468","0.32321485170771763","35","true","1468","0.4657971963325447","45","true","1468","0.2568694554009234","65","true","1468","0.21561322824504284","75","true","1468","0.11867536796348481","95","true","1468","0.48683655943994986","105","true","1468","0.33757008688283735","115","true","1468","0.19815370345127695","125","true","1468","0.19485334448589822","135","true"
"1469","0.17035121502390857","0","true","1469","0.154756727896162","85","true","1469","0.28428329655446555","55","true","1469","0.333154195131305","15","true","1469","0.45689996319319326","5","true","1469","0.5109023725936872","25","true","1469","0.32299497765893687","35","true","1469","0.46548032749150214","45","true","1469","0.25669471427480034","65","true","1469","0.21546655257957004","75","true","1469","0.1185946364206525","95","true","1469","0.4865053781069975","105","true","1469","0.33734044736795105","115","true","1469","0.198018905013555","125","true","1469","0.1947207911903296","135","true"
"1470","0.1702514989486692","0","true","1470","0.15465298624196294","85","true","1470","0.28410517302492344","55","true","1470","0.3329494143407688","15","true","1470","0.4566238215832405","5","true","1470","0.5106000764568601","25","true","1470","0.3227780980101466","35","true","1470","0.4652318913627669","45","true","1470","0.25657297802312556","65","true","1470","0.2153311908238621","75","true","1470","0.11851665948195658","95","true","1470","0.48624020079351155","105","true","1470","0.33716920172174775","115","true","1470","0.19789249697794772","125","true","1470","0.19460727765372424","135","true"
"1471","0.17013583896297038","0","true","1471","0.1545479230719616","85","true","1471","0.2839121667932489","55","true","1471","0.33272322587993947","15","true","1471","0.4563136151827084","5","true","1471","0.5102532014049193","25","true","1471","0.32255881941095493","35","true","1471","0.4649158370887433","45","true","1471","0.2563986757282729","65","true","1471","0.2151849060474872","75","true","1471","0.11843614544698242","95","true","1471","0.4859098745701464","105","true","1471","0.3369401465575346","115","true","1471","0.19775805914032685","125","true","1471","0.1944750716227095","135","true"
"1472","0.17003558001069982","0","true","1472","0.1544444640302083","85","true","1472","0.2837336086659533","55","true","1472","0.33251901571454406","15","true","1472","0.45603824657426983","5","true","1472","0.5099517564313389","25","true","1472","0.322342530337552","35","true","1472","0.4646672438201016","45","true","1472","0.25627730574343444","65","true","1472","0.21504991928841433","75","true","1472","0.11835838198069047","95","true","1472","0.4856446254338524","105","true","1472","0.3367694051829558","115","true","1472","0.19763119913004662","125","true","1472","0.19436187902747606","135","true"
"1473","0.1699202234435284","0","true","1473","0.15433968488229094","85","true","1473","0.2835411163941311","55","true","1473","0.3322934261516441","15","true","1473","0.45572885834728594","5","true","1473","0.509605791874737","25","true","1473","0.3221238447674451","35","true","1473","0.4643520014565873","45","true","1473","0.2561034405427944","65","true","1473","0.2149040238207831","75","true","1473","0.11827808457093424","95","true","1473","0.4853151514681578","105","true","1473","0.3365409320451112","115","true","1473","0.19749712097595568","125","true","1473","0.1942300188653136","135","true"
"1474","0.16982024661561307","0","true","1474","0.15423650730241778","85","true","1474","0.2833630519391431","55","true","1474","0.3320897842710345","15","true","1474","0.4554542595653235","5","true","1474","0.5093051945618192","25","true","1474","0.32190814386542543","35","true","1474","0.4641041275250096","45","true","1474","0.25598243528687464","65","true","1474","0.2147694105232322","75","true","1474","0.11820053370654644","95","true","1474","0.48505066519381274","105","true","1474","0.33637069283816734","115","true","1474","0.1973706098864788","125","true","1474","0.19411714588902787","135","true"
"1475","0.16970519224798733","0","true","1475","0.1541320110237576","85","true","1475","0.28317107155165044","55","true","1475","0.33186479119226014","15","true","1475","0.4551456862187345","5","true","1475","0.5089601368419263","25","true","1475","0.32169004891700714","35","true","1475","0.46378969383427454","45","true","1475","0.2558090054526695","65","true","1475","0.2146239027925254","75","true","1475","0.11812045204414363","95","true","1475","0.4847220400818928","105","true","1475","0.33614279941483527","115","true","1475","0.19723688996108146","125","true","1475","0.19398563020753126","135","true"
"1476","0.16960549638476488","0","true","1476","0.15402911376143236","85","true","1476","0.28299349875120033","55","true","1476","0.3316617152688074","15","true","1476","0.45487185410548736","5","true","1476","0.5086595066227366","25","true","1476","0.32147493379539","35","true","1476","0.46354167333255003","45","true","1476","0.25568836339620943","65","true","1476","0.21448966142972287","75","true","1476","0.11804311291588013","95","true","1476","0.4844583135123107","105","true","1476","0.33597306028307367","115","true","1476","0.1971107263686891","125","true","1476","0.1938730755349763","135","true"
"1477","0.16949074300426098","0","true","1477","0.15392489920543678","85","true","1477","0.28280202818370964","55","true","1477","0.33143731627336165","15","true","1477","0.4545640923638734","5","true","1477","0.5083153526940338","25","true","1477","0.3212574270742835","35","true","1477","0.4632280456780625","45","true","1477","0.2555153672098791","65","true","1477","0.21434453987259858","75","true","1477","0.11796324612770971","95","true","1477","0.484130533868527","105","true","1477","0.33574574427476306","115","true","1477","0.19697736322500256","125","true","1477","0.19374190295342356","135","true"
"1478","0.1693913269523774","0","true","1478","0.15382228112251856","85","true","1478","0.2826240217973152","55","true","1478","0.3312348039920764","15","true","1478","0.45429102377874075","5","true","1478","0.5080147128305584","25","true","1478","0.3210428953550233","35","true","1478","0.462980740314377","45","true","1478","0.25539508683182055","65","true","1478","0.214210668926054","75","true","1478","0.11788611787447863","95","true","1478","0.48386604634031055","105","true","1478","0.3355765031371891","115","true","1478","0.1968515457136926","125","true","1478","0.19362966527654082","135","true"
"1479","0.16927687335308525","0","true","1479","0.15371834714878713","85","true","1479","0.28243305962042514","55","true","1479","0.3310109966920818","15","true","1479","0.45398407038429567","5","true","1479","0.5076714596462134","25","true","1479","0.3208259744797834","35","true","1479","0.46266791548984026","45","true","1479","0.2552225225839612","65","true","1479","0.21406593198759044","75","true","1479","0.11780646509213101","95","true","1479","0.4835391098225131","105","true","1479","0.335349762256691","115","true","1479","0.1967185379125347","125","true","1479","0.19349883442162424","135","true"
"1480","0.16917773596545213","0","true","1480","0.15361600711328446","85","true","1480","0.28225554275552706","55","true","1480","0.3308082031304484","15","true","1480","0.45371176220372067","5","true","1480","0.5073716605476095","25","true","1480","0.32061202379768255","35","true","1480","0.4624213223077318","45","true","1480","0.2551026023715893","65","true","1480","0.21393242994704054","75","true","1480","0.11772954685749684","95","true","1480","0.48327537880955823","105","true","1480","0.3351810170436905","115","true","1480","0.19659306507396956","125","true","1480","0.19338691243946507","135","true"
"1481","0.16906358094793159","0","true","1481","0.15351235258756699","85","true","1481","0.2820650869237082","55","true","1481","0.3305849857194292","15","true","1481","0.45340561391613377","5","true","1481","0.5070293045013561","25","true","1481","0.32039568639970845","35","true","1481","0.4621092971239884","45","true","1481","0.25493046836189187","65","true","1481","0.2137880760806795","75","true","1481","0.11765010721724213","95","true","1481","0.48294928206272314","105","true","1481","0.3349548490159957","115","true","1481","0.19646041118390617","125","true","1481","0.1932564219452414","135","true"
"1482","0.1689647210836838","0","true","1482","0.15341028947359653","85","true","1482","0.2818880575884301","55","true","1482","0.33038190607119916","15","true","1482","0.4531340630334882","5","true","1482","0.5067303427279997","25","true","1482","0.32018231440233064","35","true","1482","0.4618634131831005","45","true","1482","0.25481090681077884","65","true","1482","0.21365494144403252","75","true","1482","0.11757339814939431","95","true","1482","0.48268468082276633","105","true","1482","0.3347865976692573","115","true","1482","0.19633528161736108","125","true","1482","0.19314410685697944","135","true"
"1483","0.1688508634549212","0","true","1483","0.15330691326775178","85","true","1483","0.2816981060671441","55","true","1483","0.3301592767544396","15","true","1483","0.4528287166298268","5","true","1483","0.5063888802329","25","true","1483","0.3199665581257792","35","true","1483","0.4615521844680175","45","true","1483","0.25463920134796836","65","true","1483","0.21351096911152306","75","true","1483","0.11749417079215078","95","true","1483","0.48235942160388307","105","true","1483","0.3345610002314748","115","true","1483","0.196202980214654","125","true","1483","0.19301395584157716","135","true"
"1484","0.16875227997937475","0","true","1484","0.15320512595549698","85","true","1484","0.2815215622803692","55","true","1484","0.32995510796197897","15","true","1484","0.45255791995529676","5","true","1484","0.5060907523637962","25","true","1484","0.3197537624733635","35","true","1484","0.46130700684399","45","true","1484","0.2545199969619167","65","true","1484","0.21337750477823794","75","true","1484","0.11741767004387253","95","true","1484","0.4820955739416628","105","true","1484","0.33439324070391346","115","true","1484","0.1960781925269657","125","true","1484","0.19290124504258627","135","true"
"1485","0.16863871855273993","0","true","1485","0.15310202694745156","85","true","1485","0.28133211304599476","55","true","1485","0.32973306549363307","15","true","1485","0.4522533722298894","5","true","1485","0.5057501798521112","25","true","1485","0.31953858497506377","35","true","1485","0.46099657144234535","45","true","1485","0.25434871836369194","65","true","1485","0.2132339129176873","75","true","1485","0.11733865411517544","95","true","1485","0.48177114892555134","105","true","1485","0.33416821160518945","115","true","1485","0.1959462421955209","125","true","1485","0.1927714326300408","135","true"
"1486","0.16854041033735034","0","true","1486","0.15300051432312198","85","true","1486","0.2811560528372929","55","true","1486","0.32952862394386845","15","true","1486","0.4519824330788724","5","true","1486","0.5054528824847688","25","true","1486","0.3193263633404393","35","true","1486","0.46075209722670635","45","true","1486","0.254228454118518","65","true","1486","0.2131008144114771","75","true","1486","0.11726236084381281","95","true","1486","0.48150722654956807","105","true","1486","0.33400094186087054","115","true","1486","0.19582179500103675","125","true","1486","0.19265903652157412","135","true"
"1487","0.16842714393255373","0","true","1487","0.15289769139682954","85","true","1487","0.2809671038770528","55","true","1487","0.32930716653530406","15","true","1487","0.4516786814437388","5","true","1487","0.5051131964078301","25","true","1487","0.31911176228980725","35","true","1487","0.4604424520000755","45","true","1487","0.25405760166279323","65","true","1487","0.21295760149856616","75","true","1487","0.11718355549378337","95","true","1487","0.48118363298333855","105","true","1487","0.3337764788623081","115","true","1487","0.19569019433235324","125","true","1487","0.19252956136262145","135","true"
"1488","0.16832910985487468","0","true","1488","0.15279645235262038","85","true","1488","0.28079152528660906","55","true","1488","0.3291016321667873","15","true","1488","0.45140762428817494","5","true","1488","0.5048167261581363","25","true","1488","0.31890011235830873","35","true","1488","0.460197824931712","45","true","1488","0.2539376944661023","65","true","1488","0.21282486733650072","75","true","1488","0.11710680911019719","95","true","1488","0.48091963749445105","105","true","1488","0.33360969687637165","115","true","1488","0.19556679117793266","125","true","1488","0.1924174786614646","135","true"
"1489","0.16821613729792512","0","true","1489","0.1526939043980213","85","true","1489","0.28060307459849726","55","true","1489","0.32888075858815186","15","true","1489","0.45110466615106876","5","true","1489","0.5044779229862182","25","true","1489","0.31868608543726284","35","true","1489","0.4598889673310867","45","true","1489","0.25376726648323916","65","true","1489","0.21268203185506682","75","true","1489","0.11702821393629773","95","true","1489","0.48059687263707224","105","true","1489","0.3333857977509513","115","true","1489","0.1954355382979475","125","true","1489","0.1922883394140408","135","true"
"1490","0.1681183762415673","0","true","1490","0.15259293783207314","85","true","1490","0.2804279756770404","55","true","1490","0.32867578590755203","15","true","1490","0.45083435757337464","5","true","1490","0.5041822764883158","25","true","1490","0.31847500490664665","35","true","1490","0.459645039618059","45","true","1490","0.2536477148529956","65","true","1490","0.21254966056219496","75","true","1490","0.11695233355109494","95","true","1490","0.4803336248016549","105","true","1490","0.33321950150953744","115","true","1490","0.1953117674902343","125","true","1490","0.19217656884390402","135","true"
"1491","0.1680056963647298","0","true","1491","0.15249066374505435","85","true","1491","0.2802400212697502","55","true","1491","0.32845549382584455","15","true","1491","0.4505321897733925","5","true","1491","0.5038443527105086","25","true","1491","0.3182615498095242","35","true","1491","0.4593369665352051","45","true","1491","0.2534777096821826","65","true","1491","0.2124072010041774","75","true","1491","0.11687394726855399","95","true","1491","0.4800116853748441","105","true","1491","0.33299616404203775","115","true","1491","0.19518086147985209","125","true","1491","0.19204776417309713","135","true"
"1492","0.16790820721932037","0","true","1492","0.15238996856141354","85","true","1492","0.28006540007848196","55","true","1492","0.3282510805626081","15","true","1492","0.45026262673724765","5","true","1492","0.503549526616673","25","true","1492","0.3180510363898852","35","true","1492","0.45909373530993497","45","true","1492","0.2533572521372643","65","true","1492","0.2122751911134734","75","true","1492","0.11679827185819257","95","true","1492","0.479749182136167","105","true","1492","0.3328296434980262","115","true","1492","0.19505742705421092","125","true","1492","0.19193630446456866","135","true"
"1493","0.1677958188610745","0","true","1493","0.1522879672437687","85","true","1493","0.27987793997133437","55","true","1493","0.32803136765727836","15","true","1493","0.4499612461303285","5","true","1493","0.5032124787407581","25","true","1493","0.31783815082335914","35","true","1493","0.458786443653101","45","true","1493","0.2531876689698364","65","true","1493","0.2121331059788593","75","true","1493","0.11672009363071051","95","true","1493","0.47942806487904777","105","true","1493","0.3326068659588709","115","true","1493","0.19492686652740085","125","true","1493","0.19180783304257096","135","true"
"1494","0.16769860052221655","0","true","1494","0.1521875423523477","85","true","1494","0.27970379458185946","55","true","1494","0.3278275115530353","15","true","1494","0.44969242561573236","5","true","1494","0.5029184697212753","25","true","1494","0.3176282022370482","35","true","1494","0.45854306109048126","45","true","1494","0.2530675665793008","65","true","1494","0.21200145603116982","75","true","1494","0.11664462237048859","95","true","1494","0.4791655017424076","105","true","1494","0.33244012526727756","115","true","1494","0.19480376712771535","125","true","1494","0.191696682933071","135","true"
"1495","0.16758650252721508","0","true","1495","0.15208581271173782","85","true","1495","0.27951682680473255","55","true","1495","0.3276083755159009","15","true","1495","0.4493918290745454","5","true","1495","0.5025822942736006","25","true","1495","0.3174158839200448","35","true","1495","0.4582365483491106","45","true","1495","0.25289840376741624","65","true","1495","0.21185974382794043","75","true","1495","0.11656665136623023","95","true","1495","0.4788452039471252","105","true","1495","0.33221790593220585","115","true","1495","0.19467355070583853","125","true","1495","0.19156854343913177","135","true"
"1496","0.1674895538964477","0","true","1496","0.151985657028276","85","true","1496","0.279342289907695","55","true","1496","0.3274042622445882","15","true","1496","0.4491237480777081","5","true","1496","0.5022890990166469","25","true","1496","0.31720649790158684","35","true","1496","0.4579929985401768","45","true","1496","0.25277865506424435","65","true","1496","0.21172845237193186","75","true","1496","0.11649138343585796","95","true","1496","0.4785826079202093","105","true","1496","0.33205164783340463","115","true","1496","0.1945507849832545","125","true","1496","0.19145685625941647","135","true"
"1497","0.16737774511547543","0","true","1497","0.15188419797819036","85","true","1497","0.2791558130786511","55","true","1497","0.3271857013218615","15","true","1497","0.4488239324915414","5","true","1497","0.5019537925420029","25","true","1497","0.31699474456520393","35","true","1497","0.4576872622260645","45","true","1497","0.25260991096874086","65","true","1497","0.21158711161600935","75","true","1497","0.11641361882742282","95","true","1497","0.4782631268735336","105","true","1497","0.33182998451709395","115","true","1497","0.1944209112950147","125","true","1497","0.1913290479441565","135","true"
"1498","0.1672810651002339","0","true","1498","0.15178431042421514","85","true","1498","0.2789817498890987","55","true","1498","0.32698214235390877","15","true","1498","0.448555726657254","5","true","1498","0.5016614077535252","25","true","1498","0.31678591886121676","35","true","1498","0.45744268334131","45","true","1498","0.25248982188123825","65","true","1498","0.2114561772081155","75","true","1498","0.11633855341099288","95","true","1498","0.4780004618615808","105","true","1498","0.33166343590509945","115","true","1498","0.19429847790789165","125","true","1498","0.1912176695502013","135","true"
"1499","0.1671695443901671","0","true","1499","0.15168312088393235","85","true","1499","0.2787957620558393","55","true","1499","0.3267641542590061","15","true","1499","0.44825668950614916","5","true","1499","0.5013269668150228","25","true","1499","0.31657472824864263","35","true","1499","0.4571377215524158","45","true","1499","0.25232149533331744","65","true","1499","0.21131520642331006","75","true","1499","0.11626099437538555","95","true","1499","0.4776817948870064","105","true","1499","0.3314423269478294","115","true","1499","0.19416894558928638","125","true","1499","0.19109019110383452","135","true"
"1500","0.16707313190374357","0","true","1500","0.15158350038672078","85","true","1500","0.27862217067001893","55","true","1500","0.32656114736633574","15","true","1500","0.44798921895144467","5","true","1500","0.5010353892186196","25","true","1500","0.3163664606177564","35","true","1500","0.45689299900107","45","true","1500","0.25220039763823","65","true","1500","0.21118462762768037","75","true","1500","0.11618550014170326","95","true","1500","0.47741986715820517","105","true","1500","0.33127625851890835","115","true","1500","0.19404684320314933","125","true","1500","0.19097912024727323","135","true"
"1501","0.1669618981275094","0","true","1501","0.1514825792812702","85","true","1501","0.27843666989061144","55","true","1501","0.3263437298248136","15","true","1501","0.44769095715453955","5","true","1501","0.5007018103975686","25","true","1501","0.3161558304841893","35","true","1501","0.45658880925473105","45","true","1501","0.25203248791942956","65","true","1501","0.21104402534563796","75","true","1501","0.11610814628009093","95","true","1501","0.47710201105490413","105","true","1501","0.3310557017555802","115","true","1501","0.19391765089742152","125","true","1501","0.19085197036694881","135","true"
"1502","0.1668649554704211","0","true","1502","0.15138322477381053","85","true","1502","0.27826354841492873","55","true","1502","0.326141272791238","15","true","1502","0.44742421891750705","5","true","1502","0.5004110367343725","25","true","1502","0.3159481186969666","35","true","1502","0.45634393069854556","45","true","1502","0.25191174365268815","65","true","1502","0.21091380073408603","75","true","1502","0.11603285419981028","95","true","1502","0.47684002508840684","105","true","1502","0.33088932247223124","115","true","1502","0.1937958781849133","125","true","1502","0.1907412058060961","135","true"
"1503","0.16675400802662427","0","true","1503","0.15128257103393433","85","true","1503","0.278078532757738","55","true","1503","0.3259244235407119","15","true","1503","0.44712672941024806","5","true","1503","0.5000783166301608","25","true","1503","0.3157380468095351","35","true","1503","0.4560405105318577","45","true","1503","0.2517442491422808","65","true","1503","0.21077356549423626","75","true","1503","0.11595570469568807","95","true","1503","0.47652297719938524","105","true","1503","0.33066931627377893","115","true","1503","0.19366702454250315","125","true","1503","0.1906143831958527","135","true"
"1504","0.16665733232994467","0","true","1504","0.1511834814548881","85","true","1504","0.27790587930868926","55","true","1504","0.32572251416185477","15","true","1504","0.44686072054478926","5","true","1504","0.4997883436587214","25","true","1504","0.3155308886483915","35","true","1504","0.45579546757044287","45","true","1504","0.25162385685381883","65","true","1504","0.21064369364618898","75","true","1504","0.11588061396141736","95","true","1504","0.4762617241270996","105","true","1504","0.33050341482700707","115","true","1504","0.19354558018333706","125","true","1504","0.19050392369565966","135","true"
"1505","0.16654667009068178","0","true","1505","0.15108309401700304","85","true","1505","0.27772134685230904","55","true","1505","0.32550623095191994","15","true","1505","0.44656400027882326","5","true","1505","0.49945647888869565","25","true","1505","0.3153213727860752","35","true","1505","0.4554928145375276","45","true","1505","0.2514567759395733","65","true","1505","0.2105038239956935","75","true","1505","0.11580366800261163","95","true","1505","0.4759454812823937","105","true","1505","0.3302839570482375","115","true","1505","0.1934170638618342","125","true","1505","0.19037742706637967","135","true"
"1506","0.16645026027942306","0","true","1506","0.15098426831066752","85","true","1506","0.27754830108584727","55","true","1506","0.3253048670351375","15","true","1506","0.4462987178545471","5","true","1506","0.49916730338486365","25","true","1506","0.3151147660452009","35","true","1506","0.45524846021706644","45","true","1506","0.25133673418712965","65","true","1506","0.21037430349814037","75","true","1506","0.11572877781124843","95","true","1506","0.4756849581384833","105","true","1506","0.33011776316025326","115","true","1506","0.19329594654274707","125","true","1506","0.1902672713983896","135","true"
"1507","0.1663398821227391","0","true","1507","0.15088414611682754","85","true","1507","0.27736425048831026","55","true","1507","0.32508914762728924","15","true","1507","0.4460027637976144","5","true","1507","0.49883629058421053","25","true","1507","0.3149058039987518","35","true","1507","0.45494657131771826","45","true","1507","0.2511700652652549","65","true","1507","0.21023479799184186","75","true","1507","0.11565203458988818","95","true","1507","0.47536951718481063","105","true","1507","0.32989885217672527","115","true","1507","0.1931677662068434","125","true","1507","0.19014109946775404","135","true"
"1508","0.16624373712764373","0","true","1508","0.1507855832330983","85","true","1508","0.2771916707178041","55","true","1508","0.32488832699159237","15","true","1508","0.44573820489973304","5","true","1508","0.4985470648814763","25","true","1508","0.31469974648403326","35","true","1508","0.4547029028500475","45","true","1508","0.2510503726143217","65","true","1508","0.2101056274392847","75","true","1508","0.11557734414259088","95","true","1508","0.4751097210192869","105","true","1508","0.329732340303554","115","true","1508","0.193046974621549","125","true","1508","0.1900312464100586","135","true"
"1509","0.16613364193749297","0","true","1509","0.15068572523095716","85","true","1509","0.27700810007494464","55","true","1509","0.3246731691591476","15","true","1509","0.445443014035561","5","true","1509","0.4982169012623495","25","true","1509","0.31449133605589813","35","true","1509","0.45440177509981566","45","true","1509","0.2508841140894116","65","true","1509","0.20996648463965606","75","true","1509","0.11550080285507924","95","true","1509","0.4747950788199363","105","true","1509","0.3295139745152735","115","true","1509","0.19291912894299165","125","true","1509","0.18990539790250227","135","true"
"1510","0.1660377606949955","0","true","1510","0.15058742412529097","85","true","1510","0.2768359844407418","55","true","1510","0.3244728896351249","15","true","1510","0.44517917576478616","5","true","1510","0.49792762417056047","25","true","1510","0.3142858255848409","35","true","1510","0.4541579347068692","45","true","1510","0.25076476911318235","65","true","1510","0.20983685021894338","75","true","1510","0.11542631135723885","95","true","1510","0.474535212029178","105","true","1510","0.32934793775885124","115","true","1510","0.19279866179213434","125","true","1510","0.1897952827046026","135","true"
"1511","0.1659279473612025","0","true","1511","0.15048782926806525","85","true","1511","0.2766528918584397","55","true","1511","0.324258291163144","15","true","1511","0.44488474509298404","5","true","1511","0.49759830695880747","25","true","1511","0.3140779645890837","35","true","1511","0.45385756570243346","45","true","1511","0.2505989193981604","65","true","1511","0.20969806923334885","75","true","1511","0.11534997120422481","95","true","1511","0.4742213659894761","105","true","1511","0.3291301150486933","115","true","1511","0.19267114944967922","125","true","1511","0.18966975672397787","135","true"
"1512","0.16583232881339194","0","true","1512","0.1503897889014435","85","true","1512","0.2764812385107438","55","true","1512","0.32405855059288463","15","true","1512","0.44462162456542403","5","true","1512","0.49730982110858296","25","true","1512","0.3138729989907357","35","true","1512","0.4536144073254706","45","true","1512","0.2504795667614836","65","true","1512","0.2095687835794886","75","true","1512","0.115275677865437","95","true","1512","0.47396143077699704","105","true","1512","0.328964551479964","115","true","1512","0.1925510054407882","125","true","1512","0.18955994282916763","135","true"
"1513","0.16572279623161296","0","true","1513","0.15029045614787584","85","true","1513","0.2762986221048582","55","true","1513","0.32384450927809405","15","true","1513","0.4443279511013782","5","true","1513","0.49698134698631835","25","true","1513","0.31366568525296107","35","true","1513","0.4533147941105925","45","true","1513","0.25031412451131085","65","true","1513","0.20943036298267256","75","true","1513","0.11519953805178744","95","true","1513","0.4736483783128114","105","true","1513","0.3287472697418663","115","true","1513","0.1924238251201536","125","true","1513","0.1894347381113148","135","true"
"1514","0.16562743932619528","0","true","1514","0.1501926754867679","85","true","1514","0.2761274292036633","55","true","1514","0.3236453055151123","15","true","1514","0.44406554544843646","5","true","1514","0.4966936492098054","25","true","1514","0.31346126236783595","35","true","1514","0.4530723149998645","45","true","1514","0.2501951174192942","65","true","1514","0.20930142470673865","75","true","1514","0.11512544208582472","95","true","1514","0.4733883561782746","105","true","1514","0.32858217744207713","115","true","1514","0.19230400296759742","125","true","1514","0.18932522431313975","135","true"
"1515","0.16551818639787985","0","true","1515","0.15009360380109063","85","true","1515","0.27594528709996696","55","true","1515","0.3234318191658279","15","true","1515","0.4437726262232066","5","true","1515","0.4963660148765535","25","true","1515","0.3132544937251131","35","true","1515","0.4527734546337696","45","true","1515","0.25003008106215746","65","true","1515","0.20916336308094266","75","true","1515","0.1150495018205966","95","true","1515","0.4730760947296082","105","true","1515","0.32836543458096756","115","true","1515","0.19217715336141827","125","true","1515","0.18920033960053215","135","true"
"1516","0.16542309008814085","0","true","1516","0.14999608181741775","85","true","1516","0.275774552814993","55","true","1516","0.32323234840655984","15","true","1516","0.4435109325914805","5","true","1516","0.49607910202269234","25","true","1516","0.3130506114051153","35","true","1516","0.45252994979390243","45","true","1516","0.2499106892058186","65","true","1516","0.2090347708013526","75","true","1516","0.11497493466620959","95","true","1516","0.47281601758920827","105","true","1516","0.3282008116416006","115","true","1516","0.1920576517863597","125","true","1516","0.18909112469893397","135","true"
"1517","0.16531411572049384","0","true","1517","0.1498972701693167","85","true","1517","0.27559288314910696","55","true","1517","0.3230194153707189","15","true","1517","0.4432187646516969","5","true","1517","0.49575230419527294","25","true","1517","0.31284438570590245","35","true","1517","0.45223184047256254","45","true","1517","0.24974605765825217","65","true","1517","0.20889706673626607","75","true","1517","0.1148991936025296","95","true","1517","0.4725045445868439","105","true","1517","0.3279846055733255","115","true","1517","0.19193113159414207","125","true","1517","0.18896655874063426","135","true"
"1518","0.16521927896526234","0","true","1518","0.14980000584041614","85","true","1518","0.2754226056597359","55","true","1518","0.3228196762408842","15","true","1518","0.44295691123326475","5","true","1518","0.49546617312968627","25","true","1518","0.31264104181425173","35","true","1518","0.45198817032415756","45","true","1518","0.2496270099803969","65","true","1518","0.20876881907873251","75","true","1518","0.11482482357949668","95","true","1518","0.47224439201511575","105","true","1518","0.32781966126023837","115","true","1518","0.19181194932449325","125","true","1518","0.18885764154190843","135","true"
"1519","0.16511058207120624","0","true","1519","0.1497014532049948","85","true","1519","0.27524140657706503","55","true","1519","0.3226072948749363","15","true","1519","0.44266549221271656","5","true","1519","0.49514020854210095","25","true","1519","0.3124353569183213","35","true","1519","0.4516908096857864","45","true","1519","0.24946278168435718","65","true","1519","0.20863147117144387","75","true","1519","0.1147492809324049","95","true","1519","0.47193370491510583","105","true","1519","0.3276039904304619","115","true","1519","0.19168575725256923","125","true","1519","0.1887333930935256","135","true"
"1520","0.16501600383481743","0","true","1520","0.14960444551358412","85","true","1520","0.27507158407227705","55","true","1520","0.3224080893406015","15","true","1520","0.44240434686744406","5","true","1520","0.49485485614698393","25","true","1520","0.3122325493294785","35","true","1520","0.45144697074975326","45","true","1520","0.24934407678844114","65","true","1520","0.2085035667689267","75","true","1520","0.11467510726224257","95","true","1520","0.47167348197545356","105","true","1520","0.3274395132467429","115","true","1520","0.19156689302294727","125","true","1520","0.18862477241027942","135","true"
"1521","0.16490758333295485","0","true","1521","0.14950615087132815","85","true","1521","0.2748908537279457","55","true","1521","0.3221962574816392","15","true","1521","0.4421136738405929","5","true","1521","0.49452972155030395","25","true","1521","0.3120274031078429","35","true","1521","0.45115035644571266","45","true","1521","0.2491802501939678","65","true","1521","0.20836657362387484","75","true","1521","0.11459976225090075","95","true","1521","0.47136357824222397","105","true","1521","0.3272243755902076","115","true","1521","0.19144102778443023","125","true","1521","0.18850084023392574","135","true"
"1522","0.16481326258521414","0","true","1522","0.14940939880547","85","true","1522","0.274721484406256","55","true","1522","0.32199758343020796","15","true","1522","0.4418532337540615","5","true","1522","0.49424430187718926","25","true","1522","0.31182512970743614","35","true","1522","0.45090634764408916","45","true","1522","0.24906188669088317","65","true","1522","0.20823901111653337","75","true","1522","0.11452578415921633","95","true","1522","0.47110407137122057","105","true","1522","0.327060363652193","115","true","1522","0.19132248033611318","125","true","1522","0.18839251488503683","135","true"
"1523","0.16470511739979077","0","true","1523","0.14931136114221183","85","true","1523","0.2745412209650446","55","true","1523","0.32178629892664484","15","true","1523","0.44156330381065334","5","true","1523","0.493919994592493","25","true","1523","0.3116205200422738","35","true","1523","0.450610477337236","45","true","1523","0.24889846025604664","65","true","1523","0.20810237134545953","75","true","1523","0.11445063600688088","95","true","1523","0.47079494796480903","105","true","1523","0.3268457571143635","115","true","1523","0.19119694065085327","125","true","1523","0.18826889774928549","135","true"
"1524","0.16461018960320775","0","true","1524","0.1492148636952788","85","true","1524","0.27437230303444093","55","true","1524","0.32158815425662857","15","true","1524","0.44130356618327143","5","true","1524","0.4936345407193244","25","true","1524","0.3114187787270254","35","true","1524","0.45036714256624316","45","true","1524","0.2487804367640729","65","true","1524","0.20797514938060532","75","true","1524","0.11437685272334555","95","true","1524","0.47053615430299867","105","true","1524","0.32668220854838287","115","true","1524","0.19107870873173635","125","true","1524","0.18816007801377405","135","true"
"1525","0.1645023192299422","0","true","1525","0.14911708200216262","85","true","1525","0.2741925046707224","55","true","1525","0.3213774149681249","15","true","1525","0.44101437642823654","5","true","1525","0.49331105805830255","25","true","1525","0.31121470351160796","35","true","1525","0.45007201337714337","45","true","1525","0.24861740895492213","65","true","1525","0.20783886160250534","75","true","1525","0.11430190065734074","95","true","1525","0.47022780819926147","105","true","1525","0.32646813108537603","115","true","1525","0.1909534933262765","125","true","1525","0.18803677521035742","135","true"
"1526","0.16440764857400295","0","true","1526","0.14902083817280257","85","true","1526","0.27402403634860306","55","true","1526","0.3211797975890703","15","true","1526","0.44075533847514226","5","true","1526","0.49302637684019657","25","true","1526","0.3110134921892614","35","true","1526","0.4498293499443968","45","true","1526","0.24849902908086172","65","true","1526","0.20771119309017388","75","true","1526","0.11422831141566303","95","true","1526","0.469969724902277","105","true","1526","0.3263050440276868","115","true","1526","0.19083557569082876","125","true","1526","0.18792741169913574","135","true"
"1527","0.16430005194535505","0","true","1527","0.14892331144624968","85","true","1527","0.2738447012462807","55","true","1527","0.32096960138645964","15","true","1527","0.4404668860284962","5","true","1527","0.492703715598809","25","true","1527","0.31080994932788103","35","true","1527","0.44953495900856927","45","true","1527","0.24833639882622763","65","true","1527","0.2075752564454814","75","true","1527","0.11415355466735436","95","true","1527","0.46966215309278597","105","true","1527","0.3260914936062027","115","true","1527","0.19071068329836094","125","true","1527","0.18780442255535357","135","true"
"1528","0.164205637410146","0","true","1528","0.14882732023835113","85","true","1528","0.27367668075939267","55","true","1528","0.3207725092188765","15","true","1528","0.4402085449794607","5","true","1528","0.49241980397187085","25","true","1528","0.31060926591712923","35","true","1528","0.44929296423588416","45","true","1528","0.24821835758518018","65","true","1528","0.20744792733287637","75","true","1528","0.11408015870525373","95","true","1528","0.46940477733124986","105","true","1528","0.3259281115077108","115","true","1528","0.19059307870758213","125","true","1528","0.1876953540602715","135","true"
"1529","0.1640983134641263","0","true","1529","0.1487300474800254","85","true","1529","0.2734978071118375","55","true","1529","0.3205628539840929","15","true","1529","0.43992082697620616","5","true","1529","0.49209796096273895","25","true","1529","0.3104062533250265","35","true","1529","0.44899930870370386","45","true","1529","0.24805612336453625","65","true","1529","0.20731234045226665","75","true","1529","0.11400559651002154","95","true","1529","0.4690979768231902","105","true","1529","0.3257150865982286","115","true","1529","0.19046850806790397","125","true","1529","0.1875726773582713","135","true"
"1530","0.16400415403509072","0","true","1530","0.14863430790268337","85","true","1530","0.2733302326962155","55","true","1530","0.3203662849593821","15","true","1530","0.439663180075538","5","true","1530","0.4918148158791646","25","true","1530","0.3102060957554403","35","true","1530","0.44875797992700195","45","true","1530","0.24793841939190409","65","true","1530","0.2071853494025084","75","true","1530","0.11393239306920214","95","true","1530","0.46884050594916127","105","true","1530","0.32555216378857077","115","true","1530","0.19035121528928195","125","true","1530","0.18746390271177657","135","true"
"1531","0.16389710171522448","0","true","1531","0.14853728811945707","85","true","1531","0.2731518187062049","55","true","1531","0.32015716858538773","15","true","1531","0.439376193665567","5","true","1531","0.49149378793146276","25","true","1531","0.31000361135873306","35","true","1531","0.4484650569636031","45","true","1531","0.2477765796925621","65","true","1531","0.20705011092378614","75","true","1531","0.11385802466641544","95","true","1531","0.4685344742873146","105","true","1531","0.3253396623761761","115","true","1531","0.19022696514875367","125","true","1531","0.1873415372400326","135","true"
"1532","0.1638031963831276","0","true","1532","0.1484417991869391","85","true","1532","0.2729846886071105","55","true","1532","0.31996112064577026","15","true","1532","0.4391192381720169","5","true","1532","0.4912114063594334","25","true","1532","0.30980397757068984","35","true","1532","0.44822439153282","45","true","1532","0.2476592116309653","65","true","1532","0.20692345660698813","75","true","1532","0.1137850129925401","95","true","1532","0.4682777068994461","105","true","1532","0.32517719701586034","115","true","1532","0.19010998295622192","125","true","1532","0.1872330552806946","135","true"
"1533","0.1636964146384189","0","true","1533","0.14834503139085894","85","true","1533","0.2728067324867669","55","true","1533","0.3197525410364836","15","true","1533","0.4388329805200143","5","true","1533","0.49089119031878187","25","true","1533","0.30960201930630216","35","true","1533","0.4479321983180007","45","true","1533","0.24749776494802464","65","true","1533","0.20678856517504093","75","true","1533","0.11371083762553062","95","true","1533","0.4679724411191987","105","true","1533","0.32496521709603254","115","true","1533","0.18998605206772373","125","true","1533","0.18711099983396662","135","true"
"1534","0.1636027623993129","0","true","1534","0.1482497921225713","85","true","1534","0.2726400449586286","55","true","1534","0.31955701213493004","15","true","1534","0.43857580205013086","5","true","1534","0.4906095692423595","25","true","1534","0.30940290725091596","35","true","1534","0.4476921935969942","45","true","1534","0.24738073144725373","65","true","1534","0.206662246268264","75","true","1534","0.11363801696819509","95","true","1534","0.4677163744270591","105","true","1534","0.3248032073552612","115","true","1534","0.1898693792416194","125","true","1534","0.18700280940643624","135","true"
"1535","0.16349625018420919","0","true","1535","0.14815327533082484","85","true","1535","0.2724625449293587","55","true","1535","0.3193489672051547","15","true","1535","0.4382902709290045","5","true","1535","0.49029016197071734","25","true","1535","0.3092014730665078","35","true","1535","0.44740072732512115","45","true","1535","0.24721967628355107","65","true","1535","0.2065277005350164","75","true","1535","0.11356403388423142","95","true","1535","0.46741187157912484","105","true","1535","0.32459174693380594","115","true","1535","0.18974576636450896","125","true","1535","0.1868810627857289","135","true"
"1536","0.1634028500393988","0","true","1536","0.14805828475127933","85","true","1536","0.27229629823571205","55","true","1536","0.31915395530531515","15","true","1536","0.43803378020572536","5","true","1536","0.4900092983897412","25","true","1536","0.30900288070555915","35","true","1536","0.44716138069158046","45","true","1536","0.2471022521823936","65","true","1536","0.20640171572222357","75","true","1536","0.11349140349693883","95","true","1536","0.4671549727517156","105","true","1536","0.3244301909924125","115","true","1536","0.18962940169153114","125","true","1536","0.18677316274069908","135","true"
"1537","0.1632966063137555","0","true","1537","0.14796201798616146","85","true","1537","0.27211925252814656","55","true","1537","0.3189464429806693","15","true","1537","0.4377489728063718","5","true","1537","0.4896906967653006","25","true","1537","0.3088019685594567","35","true","1537","0.4468706385714949","45","true","1537","0.24694158751907605","65","true","1537","0.20626751434659144","75","true","1537","0.11341761194720089","95","true","1537","0.4668512308968705","105","true","1537","0.3242192480853953","115","true","1537","0.18950610559160166","125","true","1537","0.18665172375322137","135","true"
"1538","0.16320345726976393","0","true","1538","0.14786727512494197","85","true","1538","0.271953444941575","55","true","1538","0.3187519460568039","15","true","1538","0.437493167125048","5","true","1538","0.4894105876952844","25","true","1538","0.3086038938653235","35","true","1538","0.44663111277629497","45","true","1538","0.2468239206303562","65","true","1538","0.2061412422996886","75","true","1538","0.11334517108733624","95","true","1538","0.4665942786457992","105","true","1538","0.3240566838259079","115","true","1538","0.1893892780612293","125","true","1538","0.18654411294738746","135","true"
"1539","0.16309748099880952","0","true","1539","0.14777125741382188","85","true","1539","0.27177685179550903","55","true","1539","0.31854496427365014","15","true","1539","0.4372090806528889","5","true","1539","0.4890927886123654","25","true","1539","0.3084035017264499","35","true","1539","0.44634109257319343","45","true","1539","0.2466636453572196","65","true","1539","0.20600738435014337","75","true","1539","0.11327157032688992","95","true","1539","0.46629129534797725","105","true","1539","0.3238462574078392","115","true","1539","0.1892662980105402","125","true","1539","0.18642298040651253","135","true"
"1540","0.16300458206734417","0","true","1540","0.1476767613055516","85","true","1540","0.27161148159758497","55","true","1540","0.3183509803105601","15","true","1540","0.43695395732297065","5","true","1540","0.4888134310843953","25","true","1540","0.3082059426820385","35","true","1540","0.44610054337637367","45","true","1540","0.24654578174414649","65","true","1540","0.205881444992462","75","true","1540","0.11319931825569499","95","true","1540","0.4660350399431429","105","true","1540","0.3236841461783301","115","true","1540","0.1891497777239328","125","true","1540","0.18631565770253353","135","true"
"1541","0.1628988722216455","0","true","1541","0.14758099168083985","85","true","1541","0.27143533926191854","55","true","1541","0.3181445270159358","15","true","1541","0.4366705889978585","5","true","1541","0.4884964314533418","25","true","1541","0.3080060685298452","35","true","1541","0.4458112434130946","45","true","1541","0.24638589472615416","65","true","1541","0.2057479291396783","75","true","1541","0.11312590754346691","95","true","1541","0.4657328122907803","105","true","1541","0.32347423428067873","115","true","1541","0.1890271124984309","125","true","1541","0.18619483042775886","135","true"
"1542","0.16280622241956452","0","true","1542","0.14748674136514867","85","true","1542","0.2712704047431451","55","true","1542","0.31795105400889495","15","true","1542","0.43641526850726337","5","true","1542","0.48821782251397505","25","true","1542","0.3078090231285222","35","true","1542","0.4455713493993945","45","true","1542","0.24626775756975353","65","true","1542","0.20562232117144982","75","true","1542","0.11305384352601522","95","true","1542","0.4654764796918446","105","true","1542","0.3233125742796766","115","true","1542","0.18891014895824834","125","true","1542","0.1860877946942184","135","true"
"1543","0.16270077797499227","0","true","1543","0.1473912188642645","85","true","1543","0.2710947114758244","55","true","1543","0.31774512716044356","15","true","1543","0.4361326161312872","5","true","1543","0.4879016192610515","25","true","1543","0.3076096649529208","35","true","1543","0.44528276691921354","45","true","1543","0.24610825772676795","65","true","1543","0.20548914609297092","75","true","1543","0.1129806221247678","95","true","1543","0.46517500528789907","105","true","1543","0.3231031749440032","115","true","1543","0.18878779782550337","125","true","1543","0.1859672715111263","135","true"
"1544","0.16260837632427105","0","true","1544","0.14729721338575646","85","true","1544","0.2709302109355776","55","true","1544","0.3175521631151305","15","true","1544","0.4358779743551566","5","true","1544","0.4876237559722162","25","true","1544","0.30741313119844543","35","true","1544","0.44504352550390913","45","true","1544","0.24598917820881958","65","true","1544","0.20536386822117167","75","true","1544","0.1129087454299398","95","true","1544","0.46491936555122926","105","true","1544","0.3229419643794662","115","true","1544","0.18867114059066276","125","true","1544","0.1858605216224944","135","true"
"1545","0.16250319626196558","0","true","1545","0.14720193705109558","85","true","1545","0.2707549650035365","55","true","1545","0.3173467606810328","15","true","1545","0.43559603517381434","5","true","1545","0.4873083460395045","25","true","1545","0.3072142869997401","35","true","1545","0.4447556577642559","45","true","1545","0.24583006489820583","65","true","1545","0.20523103260136497","75","true","1545","0.11283571260624643","95","true","1545","0.464618641511416","105","true","1545","0.32273307565735787","115","true","1545","0.18854910233672312","125","true","1545","0.18574030136271272","135","true"
"1546","0.16241017138632732","0","true","1546","0.14710817545931681","85","true","1546","0.2705908967500077","55","true","1546","0.3171543036134638","15","true","1546","0.43534206945748327","5","true","1546","0.4870312254783997","25","true","1546","0.30701826290619694","35","true","1546","0.4445170663760915","45","true","1546","0.24571131915651115","65","true","1546","0.20510608353967252","75","true","1546","0.11276338749101972","95","true","1546","0.4643636919125935","105","true","1546","0.3225723127466125","115","true","1546","0.18843342871103635","125","true","1546","0.18563383619930748","135","true"
"1547","0.1623052552549408","0","true","1547","0.14701314433821908","85","true","1547","0.27041609642910974","55","true","1547","0.3169494235723698","15","true","1547","0.43506084073044354","5","true","1547","0.4867166058236979","25","true","1547","0.30681993069501723","35","true","1547","0.44422991064845835","45","true","1547","0.24555259091416198","65","true","1547","0.20497358606968566","75","true","1547","0.11269054292545704","95","true","1547","0.46406371536743035","105","true","1547","0.3223639326996186","115","true","1547","0.1883117016899052","125","true","1547","0.18551391770047074","135","true"
"1548","0.16221247827520852","0","true","1548","0.14691962568762587","85","true","1548","0.2702524587792488","55","true","1548","0.3167574715088317","15","true","1548","0.4348075484330124","5","true","1548","0.4864402250826952","25","true","1548","0.3066244142867496","35","true","1548","0.4439919667295594","45","true","1548","0.24543364633456888","65","true","1548","0.20484896453843549","75","true","1548","0.11261903910730987","95","true","1548","0.46380945319620087","105","true","1548","0.32220361566929884","115","true","1548","0.18819565305743705","125","true","1548","0.18540773614842063","135","true"
"1549","0.16210782506341806","0","true","1549","0.14682483883234354","85","true","1549","0.27007810235422997","55","true","1549","0.31655311184979373","15","true","1549","0.4345270274340234","5","true","1549","0.48612639267941604","25","true","1549","0.30642659208398393","35","true","1549","0.44370552029941124","45","true","1549","0.2452753020466111","65","true","1549","0.20471680391615263","75","true","1549","0.11254638166272452","95","true","1549","0.463510221290913","105","true","1549","0.3219957423688671","115","true","1549","0.18807423650707739","125","true","1549","0.1852881182541313","135","true"
"1550","0.1620144608380037","0","true","1550","0.14673156218227068","85","true","1550","0.26991321603180235","55","true","1550","0.31636166282677763","15","true","1550","0.4342744059282694","5","true","1550","0.485849969444977","25","true","1550","0.30623158139552775","35","true","1550","0.44346822130519753","45","true","1550","0.24515668962564258","65","true","1550","0.2045925086422951","75","true","1550","0.11247506299538265","95","true","1550","0.46325664385109483","105","true","1550","0.3218356702358357","115","true","1550","0.1879584906228025","125","true","1550","0.18518221920533745","135","true"
"1551","0.16191007007715447","0","true","1551","0.14663701864993675","85","true","1551","0.2697393028771427","55","true","1551","0.3161578215491831","15","true","1551","0.4339945899450682","5","true","1551","0.4855369217842521","25","true","1551","0.30603426723225746","35","true","1551","0.44318248147188233","45","true","1551","0.24499872784108997","65","true","1551","0.20446068357229363","75","true","1551","0.11240259194963821","95","true","1551","0.4629581537455207","105","true","1551","0.32162830189161157","115","true","1551","0.1878373833479167","125","true","1551","0.18506290076512782","135","true"
"1552","0.16181695342639374","0","true","1552","0.14654398306456612","85","true","1552","0.2695748470583352","55","true","1552","0.3159668736133187","15","true","1552","0.433742636617357","5","true","1552","0.48526123410510225","25","true","1552","0.3058397603082756","35","true","1552","0.44294582487098216","45","true","1552","0.24487912847409166","65","true","1552","0.2043367132893515","75","true","1552","0.11233082515466132","95","true","1552","0.4627052583549138","105","true","1552","0.3214686725047124","115","true","1552","0.18772261491266323","125","true","1552","0.1849572831172268","135","true"
"1553","0.16171282411273455","0","true","1553","0.14644968191716293","85","true","1553","0.2694013754707815","55","true","1553","0.31576354872682366","15","true","1553","0.4334635229515801","5","true","1553","0.48494896818868966","25","true","1553","0.30564295222570914","35","true","1553","0.44266078894764177","45","true","1553","0.24472154859733872","65","true","1553","0.204205222482859","75","true","1553","0.11225854019638934","95","true","1553","0.4624075072234113","105","true","1553","0.3212618072070903","115","true","1553","0.1876018152891673","125","true","1553","0.18483826298652073","135","true"
"1554","0.16161995407243424","0","true","1554","0.1463568864654923","85","true","1554","0.269237348487372","55","true","1554","0.31557309993481397","15","true","1554","0.43321223520177815","5","true","1554","0.4846740131969699","25","true","1554","0.30544808666596956","35","true","1554","0.44242477222180654","45","true","1554","0.2446017111537825","65","true","1554","0.2040815759308849","75","true","1554","0.11218759009247879","95","true","1554","0.4621552912137068","105","true","1554","0.32110185452829854","115","true","1554","0.18748667095135868","125","true","1554","0.18473292564284763","135","true"
"1555","0.1615160852073491","0","true","1555","0.14626282676982041","85","true","1555","0.2690643167724059","55","true","1555","0.3153702894592775","15","true","1555","0.43293382116887213","5","true","1555","0.484362526041959","25","true","1555","0.3052517832683693","35","true","1555","0.4421404375352887","45","true","1555","0.24444451211062454","65","true","1555","0.20395041810573653","75","true","1555","0.1121154900988461","95","true","1555","0.4618582762450605","105","true","1555","0.32089549086857594","115","true","1555","0.18736617823223825","125","true","1555","0.18461420268292292","135","true"
"1556","0.1614234608182922","0","true","1556","0.14617027052563256","85","true","1556","0.2689007169647608","55","true","1556","0.315180337877834","15","true","1556","0.4326823569830217","5","true","1556","0.48408830088461957","25","true","1556","0.30505741925010493","35","true","1556","0.4419042302293302","45","true","1556","0.2443243137123353","65","true","1556","0.20382709403127114","75","true","1556","0.112044092070106","95","true","1556","0.4616067369617515","105","true","1556","0.3207359789230508","115","true","1556","0.18725200727858832","125","true","1556","0.18450914455247458","135","true"
"1557","0.16131985140826763","0","true","1557","0.1460764513532798","85","true","1557","0.26872812343654207","55","true","1557","0.3149780398432526","15","true","1557","0.4324046404509402","5","true","1557","0.48377758952333294","25","true","1557","0.3048616185959008","35","true","1557","0.4416205946515193","45","true","1557","0.2441674945122632","65","true","1557","0.20369626791186726","75","true","1557","0.11197217673501608","95","true","1557","0.4613104553590803","105","true","1557","0.320530115008466","115","true","1557","0.18713181985414765","125","true","1557","0.1843907176304255","135","true"
"1558","0.16122747171618135","0","true","1558","0.14598413339511176","85","true","1558","0.268564949153561","55","true","1558","0.3147877970220428","15","true","1558","0.4321538382978605","5","true","1558","0.4835040913620379","25","true","1558","0.30466775418809755","35","true","1558","0.4413841975347769","45","true","1558","0.24404762800261728","65","true","1558","0.20357326506789758","75","true","1558","0.11190096222739293","95","true","1558","0.461058802279278","105","true","1558","0.3203702928878118","115","true","1558","0.1870172724199864","125","true","1558","0.18428593762782408","135","true"
"1559","0.16112412077277355","0","true","1559","0.1458905538224226","85","true","1559","0.2683927921348728","55","true","1559","0.3145860099726697","15","true","1559","0.43187681660664395","5","true","1559","0.48319415284193407","25","true","1559","0.30447245434566933","35","true","1559","0.4411012589466136","45","true","1559","0.24389118721543612","65","true","1559","0.20344276938516176","75","true","1559","0.11182923084134973","95","true","1559","0.4607632517649964","105","true","1559","0.3201649273154478","115","true","1559","0.1868973895530505","125","true","1559","0.1841678056165242","135","true"
"1560","0.16103198482829756","0","true","1560","0.14579847323353531","85","true","1560","0.2682300417339338","55","true","1560","0.31439626203647786","15","true","1560","0.431626673920669","5","true","1560","0.4829213788529671","25","true","1560","0.30427908762721","35","true","1560","0.44086549740318215","45","true","1560","0.24377165128895234","65","true","1560","0.20332008653107975","75","true","1560","0.11175819914917111","95","true","1560","0.4605122716574899","105","true","1560","0.3200040669695723","115","true","1560","0.1867831390600612","125","true","1560","0.18406330266198118","135","true"
"1561","0.16092889136810018","0","true","1561","0.14570513234158042","85","true","1561","0.2680583195561272","55","true","1561","0.31419498401980916","15","true","1561","0.4313503444239208","5","true","1561","0.48261221023654394","25","true","1561","0.30408428667482384","35","true","1561","0.44058325316668845","45","true","1561","0.2436155874917123","65","true","1561","0.2031899200224171","75","true","1561","0.11168665100630992","95","true","1561","0.46021744946052606","105","true","1561","0.31979919880890034","115","true","1561","0.18666355958563094","125","true","1561","0.18394546444004647","135","true"
"1562","0.1608369982267551","0","true","1562","0.14561328820992833","85","true","1562","0.26789599140303244","55","true","1562","0.31400496186190346","15","true","1562","0.4311008586525682","5","true","1562","0.4823393567842116","25","true","1562","0.3038914157344245","35","true","1562","0.4403473021474433","45","true","1562","0.2434963808496666","65","true","1562","0.20306755592397865","75","true","1562","0.11161580142751543","95","true","1562","0.4599671397065189","105","true","1562","0.31963877828976717","115","true","1562","0.18654960488979672","125","true","1562","0.1838404536466725","135","true"
"1563","0.16073416127136717","0","true","1563","0.14552018508447442","85","true","1563","0.2677247024059717","55","true","1563","0.31380419142593036","15","true","1563","0.43082521871736834","5","true","1563","0.48203095566094806","25","true","1563","0.3036971117601698","35","true","1563","0.44006575016397304","45","true","1563","0.24334069262661695","65","true","1563","0.20293771733323443","75","true","1563","0.11154443582557967","95","true","1563","0.45967304306987794","105","true","1563","0.3194344056693773","115","true","1563","0.18643032764881856","125","true","1563","0.18372290859958385","135","true"
"1564","0.1606425099935233","0","true","1564","0.14542857650267563","85","true","1564","0.26756279487489376","55","true","1564","0.3136146618155708","15","true","1564","0.43057638732125486","5","true","1564","0.481758822311798","25","true","1564","0.3035047346963171","35","true","1564","0.4398304313524219","45","true","1564","0.24322181397699882","65","true","1564","0.20281567076251872","75","true","1564","0.11147376766169785","95","true","1564","0.45942340106404883","105","true","1564","0.31927365636260296","115","true","1564","0.18631666761198018","125","true","1564","0.18361817421351162","135","true"
"1565","0.16053992856951724","0","true","1565","0.1453357102341554","85","true","1565","0.2673919374069021","55","true","1565","0.3134143970251394","15","true","1565","0.43030143432807394","5","true","1565","0.48145118577136903","25","true","1565","0.3033109257980436","35","true","1565","0.4395495690080078","45","true","1565","0.24306649991954227","65","true","1565","0.2026861588399373","75","true","1565","0.11140258390201604","95","true","1565","0.4591300272447231","105","true","1565","0.31906977791026414","115","true","1565","0.18619769145130843","125","true","1565","0.18350092122870096","135","true"
"1566","0.16044851822036357","0","true","1566","0.14524433629946185","85","true","1566","0.26723044888033043","55","true","1566","0.31322535806801627","15","true","1566","0.4300532547808319","5","true","1566","0.4811797697397607","25","true","1566","0.3031190407189323","35","true","1566","0.4393148799467943","45","true","1566","0.24294794797701177","65","true","1566","0.2025644285753063","75","true","1566","0.11133209645814145","95","true","1566","0.4588810503951396","105","true","1566","0.31890946646333196","115","true","1566","0.1860843249411268","125","true","1566","0.18339646218158406","135","true"
"1567","0.16034619135925365","0","true","1567","0.14515170598294433","85","true","1567","0.26706002129813633","55","true","1567","0.31302559699781984","15","true","1567","0.42977898612344617","5","true","1567","0.48087289488661034","25","true","1567","0.30292572500418813","35","true","1567","0.43903470464070576","45","true","1567","0.2427930066836591","65","true","1567","0.20243524207749042","75","true","1567","0.11126109384560437","95","true","1567","0.45858839666402024","105","true","1567","0.3187060803240059","115","true","1567","0.1859656487134858","125","true","1567","0.18327950015213154","135","true"
"1568","0.16025502100876704","0","true","1568","0.14506056579721227","85","true","1568","0.26689895016682397","55","true","1568","0.3128370468093019","15","true","1568","0.4295314559116401","5","true","1568","0.4806021934011766","25","true","1568","0.3027343300276594","35","true","1568","0.4387998235825416","45","true","1568","0.24267417501216415","65","true","1568","0.20231382690354882","75","true","1568","0.11119078643037487","95","true","1568","0.4583400823920529","105","true","1568","0.31854545088396696","115","true","1568","0.185852574603405","125","true","1568","0.18317451647131022","135","true"
"1569","0.16015294774697802","0","true","1569","0.1449681705323733","85","true","1569","0.2667289508355075","55","true","1569","0.31263778754381827","15","true","1569","0.4292578689970467","5","true","1569","0.48029607735442426","25","true","1569","0.3025415056136291","35","true","1569","0.43852033324904954","45","true","1569","0.24251960547393983","65","true","1569","0.20218496459341917","75","true","1569","0.11111996427341285","95","true","1569","0.4580481460338415","105","true","1569","0.3183425556923211","115","true","1569","0.1857341971673519","125","true","1569","0.183057844804768","135","true"
"1570","0.16006201646989257","0","true","1570","0.144877263202034","85","true","1570","0.2665682954984187","55","true","1570","0.31244972424889106","15","true","1570","0.4290109856200911","5","true","1570","0.4800253397968279","25","true","1570","0.3023505988671091","35","true","1570","0.4382860786285098","45","true","1570","0.24240109911406343","65","true","1570","0.2020638633009747","75","true","1570","0.11104983619898708","95","true","1570","0.4578004917740792","105","true","1570","0.3181823621424871","115","true","1570","0.1856214143365622","125","true","1570","0.1829531358678735","135","true"
"1571","0.15996019584872853","0","true","1571","0.14478510209312687","85","true","1571","0.2663987227913587","55","true","1571","0.3122509648823205","15","true","1571","0.4287380778684244","5","true","1571","0.4797199801659139","25","true","1571","0.3021582638805524","35","true","1571","0.438007270690451","45","true","1571","0.242246899941599","65","true","1571","0.2019353239477298","75","true","1571","0.11097919380954752","95","true","1571","0.4575092700872","105","true","1571","0.3179799560596992","115","true","1571","0.18550333455644988","125","true","1571","0.18283675346592193","135","true"
"1572","0.1598695027245054","0","true","1572","0.14469442672915753","85","true","1572","0.2662384816556166","55","true","1572","0.31206338661552513","15","true","1572","0.4284918388385015","5","true","1572","0.4794491314620095","25","true","1572","0.30196784350099115","35","true","1572","0.4377736400824984","45","true","1572","0.2421282848320708","65","true","1572","0.2018145353337536","75","true","1572","0.11090924439158246","95","true","1572","0.4572622732873654","105","true","1572","0.31781970990527925","115","true","1572","0.18539084188985122","125","true","1572","0.18273231821574876","135","true"
"1573","0.1597679337901188","0","true","1573","0.14460249888498397","85","true","1573","0.26606933395443766","55","true","1573","0.3118651252517287","15","true","1573","0.42821960768294975","5","true","1573","0.479144525914702","25","true","1573","0.3017759960781824","35","true","1573","0.43749551197571157","45","true","1573","0.24197445491794625","65","true","1573","0.20168631771283","75","true","1573","0.11083878108510752","95","true","1573","0.45697176358387914","105","true","1573","0.31761779141105734","115","true","1573","0.18527305863579158","125","true","1573","0.18261622398562438","135","true"
"1574","0.15967747790291603","0","true","1574","0.1445120546028788","85","true","1574","0.26590865215788073","55","true","1574","0.3116780301571011","15","true","1574","0.42797401052492867","5","true","1574","0.47887438651343833","25","true","1574","0.3015860602119935","35","true","1574","0.437262502967715","45","true","1574","0.24185616341174676","65","true","1574","0.20156584058041752","75","true","1574","0.11076900964273635","95","true","1574","0.456724711487348","105","true","1574","0.3174579786896262","115","true","1574","0.18516085502395727","125","true","1574","0.18251206137035955","135","true"
"1575","0.15957615970627712","0","true","1575","0.14442035913676024","85","true","1575","0.26573992839382116","55","true","1575","0.31148026490953945","15","true","1575","0.4277024534116514","5","true","1575","0.47857053220727497","25","true","1575","0.301394698498661","35","true","1575","0.43698505214095884","45","true","1575","0.24170270137912508","65","true","1575","0.20143794347345023","75","true","1575","0.1106987247381407","95","true","1575","0.45643491154351085","105","true","1575","0.31725654596203123","115","true","1575","0.1850433671717847","125","true","1575","0.18239625422481998","135","true"
"1576","0.15948594014491976","0","true","1576","0.1443301450565019","85","true","1576","0.26557965926001237","55","true","1576","0.31129365114055","15","true","1576","0.4274574956630072","5","true","1576","0.47830036887913635","25","true","1576","0.3012052453016617","35","true","1576","0.4367518453622825","45","true","1576","0.24158406082633269","65","true","1576","0.20131777663178232","75","true","1576","0.11062913059395071","95","true","1576","0.4561885131922133","105","true","1576","0.31709716499132423","115","true","1576","0.18493145151092544","125","true","1576","0.18229236319800876","135","true"
"1577","0.15938487174178612","0","true","1577","0.14423868108625063","85","true","1577","0.2654113578282887","55","true","1577","0.3110963801322227","15","true","1577","0.42718661005105346","5","true","1577","0.4779972634489214","25","true","1577","0.3010143674529281","35","true","1577","0.4364750697948793","45","true","1577","0.24143096573075198","65","true","1577","0.20119019882656575","75","true","1577","0.11055902341359966","95","true","1577","0.45589942034481645","105","true","1577","0.3168962162175655","115","true","1577","0.1848142579421606","125","true","1577","0.18217684205529772","135","true"
"1578","0.1592948875997367","0","true","1578","0.14414869633228172","85","true","1578","0.2652514997830379","55","true","1578","0.31090946560544874","15","true","1578","0.4269422892617873","5","true","1578","0.47772780537437026","25","true","1578","0.30082539509027945","35","true","1578","0.43624167027163346","45","true","1578","0.24131264754449153","65","true","1578","0.2010703410908701","75","true","1578","0.11048960589361038","95","true","1578","0.4556536732208155","105","true","1578","0.3167372653239236","115","true","1578","0.18470262913408877","125","true","1578","0.18207322157580957","135","true"
"1579","0.15919406805062294","0","true","1579","0.1440574629801727","85","true","1579","0.2650836190869727","55","true","1579","0.3107126874626605","15","true","1579","0.42667207262301404","5","true","1579","0.47742544600388015","25","true","1579","0.30063499927060205","35","true","1579","0.43596556794867675","45","true","1579","0.2411599180207292","65","true","1579","0.20094308138131892","75","true","1579","0.11041967576329796","95","true","1579","0.45536528482004285","105","true","1579","0.3165367987003009","115","true","1579","0.18458572873590265","125","true","1579","0.18195798535962235","135","true"
"1580","0.15910431842595193","0","true","1580","0.14396770668136763","85","true","1580","0.2649241705640697","55","true","1580","0.3105262520767614","15","true","1580","0.4264283863555736","5","true","1580","0.477156690480622","25","true","1580","0.3004465059167501","35","true","1580","0.4357327859465521","45","true","1580","0.2410419209502705","65","true","1580","0.20082353157283178","75","true","1580","0.11035043419693948","95","true","1580","0.4551186610673254","105","true","1580","0.3163782762186163","115","true","1580","0.1844743856879968","125","true","1580","0.18185463439161723","135","true"
"1581","0.15900374679609985","0","true","1581","0.14387670307411013","85","true","1581","0.26475670901504056","55","true","1581","0.31032996493891263","15","true","1581","0.42615883617456507","5","true","1581","0.47685507436780233","25","true","1581","0.3002565902998621","35","true","1581","0.43545735434987287","45","true","1581","0.2408895556399353","65","true","1581","0.2006965887589425","75","true","1581","0.11028068044586682","95","true","1581","0.4548309754408606","105","true","1581","0.31617828995046293","115","true","1581","0.18435777735317505","125","true","1581","0.18173968203106625","135","true"
"1582","0.15891423079145656","0","true","1582","0.14378717436374705","85","true","1582","0.26459766845620436","55","true","1582","0.3101440068703196","15","true","1582","0.42591578200376606","5","true","1582","0.47658701870726217","25","true","1582","0.3000685741384792","35","true","1582","0.4352251874946864","45","true","1582","0.24077187844093692","65","true","1582","0.20057734570487062","75","true","1582","0.1102116141659582","95","true","1582","0.45458422634782003","105","true","1582","0.3160187709031519","115","true","1582","0.1842467189783447","125","true","1582","0.18163659954396105","135","true"
"1583","0.1588139061508054","0","true","1583","0.14369639963245678","85","true","1583","0.2644306244735931","55","true","1583","0.30994820888618435","15","true","1583","0.4256468957777536","5","true","1583","0.4762861430641389","25","true","1583","0.2998791369073312","35","true","1583","0.4349504241187428","45","true","1583","0.2406198759924262","65","true","1583","0.2004507185926832","75","true","1583","0.11014203612671201","95","true","1583","0.45429724135643884","105","true","1583","0.3158192641033393","115","true","1583","0.18413040160525232","125","true","1583","0.18152192997354188","135","true"
"1584","0.15872462287338895","0","true","1584","0.14360709764818985","85","true","1584","0.26427199032842197","55","true","1584","0.30976272632055024","15","true","1584","0.42540447129070125","5","true","1584","0.47601878459137453","25","true","1584","0.2996915961312576","35","true","1584","0.43471809123612937","45","true","1584","0.24050251742689505","65","true","1584","0.20033178112616615","75","true","1584","0.11007314446943997","95","true","1584","0.454051140359468","105","true","1584","0.3156594479858783","115","true","1584","0.1840196268219031","125","true","1584","0.18141911494197718","135","true"
"1585","0.1586245442965457","0","true","1585","0.14351655092836124","85","true","1585","0.2641053623395642","55","true","1585","0.309567415648217","15","true","1585","0.4251362465294839","5","true","1585","0.4757186466439651","25","true","1585","0.29950263547795924","35","true","1585","0.43444399407898177","45","true","1585","0.24035087649535222","65","true","1585","0.20020546852772594","75","true","1585","0.11000374147797122","95","true","1585","0.4537648533857231","105","true","1585","0.3154604193301495","115","true","1585","0.1839035993144492","125","true","1585","0.18130472710153459","135","true"
"1586","0.1585354928580764","0","true","1586","0.14342747481219298","85","true","1586","0.2639471330654859","55","true","1586","0.3093824067803581","15","true","1586","0.4248944493254954","5","true","1586","0.47545117036070167","25","true","1586","0.2993155682891456","35","true","1586","0.43421146021292234","45","true","1586","0.2402338353316031","65","true","1586","0.20008683548779868","75","true","1586","0.10993502378286886","95","true","1586","0.4535193980030967","105","true","1586","0.3153010307344327","115","true","1586","0.1837931070464481","125","true","1586","0.18120217850534173","135","true"
"1587","0.15843565942428667","0","true","1587","0.14333715524367147","85","true","1587","0.263780919505621","55","true","1587","0.3091875815871715","15","true","1587","0.42462688355136097","5","true","1587","0.4751517678604745","25","true","1587","0.2991270824149081","35","true","1587","0.43393802730346837","45","true","1587","0.2400825545788754","65","true","1587","0.1999608362211187","75","true","1587","0.10986579517847159","95","true","1587","0.45323380644264133","105","true","1587","0.31510247844807604","115","true","1587","0.1836773683140511","125","true","1587","0.1810880713400361","135","true"
"1588","0.15834683894097734","0","true","1588","0.14324830414192552","85","true","1588","0.2636230935678436","55","true","1588","0.3090030446210098","15","true","1588","0.4243857112418886","5","true","1588","0.474884984989011","25","true","1588","0.29894048702435794","35","true","1588","0.4337061045352741","45","true","1588","0.23996582959149126","65","true","1588","0.19984174885970052","75","true","1588","0.10979725078839736","95","true","1588","0.4529889942052059","105","true","1588","0.3149435157290575","115","true","1588","0.1835671574906922","125","true","1588","0.18098578816420444","135","true"
"1589","0.15824724973409623","0","true","1589","0.14315821086888028","85","true","1589","0.2634572928800651","55","true","1589","0.30880870308351227","15","true","1589","0.4241188019895352","5","true","1589","0.4745863151871311","25","true","1589","0.29875247413943695","35","true","1589","0.43343333340034623","45","true","1589","0.23981490768608782","65","true","1589","0.19971606222519758","75","true","1589","0.10972819591368767","95","true","1589","0.45270409546671203","105","true","1589","0.314745438046209","115","true","1589","0.1834517064482452","125","true","1589","0.18087196062447852","135","true"
"1590","0.15815865932662398","0","true","1590","0.1430695839321741","85","true","1590","0.26329986875152783","55","true","1590","0.3086246362320181","15","true","1590","0.4238773882382786","5","true","1590","0.47432022308777083","25","true","1590","0.2985663487671499","35","true","1590","0.43320120646022087","45","true","1590","0.23969849765588003","65","true","1590","0.19959727841419972","75","true","1590","0.10965982417480448","95","true","1590","0.45245915120689983","105","true","1590","0.31458689956719044","115","true","1590","0.18334177600421533","125","true","1590","0.18076928838493536","135","true"
"1591","0.15805931343508714","0","true","1591","0.14297971610307098","85","true","1591","0.2631344793867342","55","true","1591","0.3084307765358924","15","true","1591","0.4236111335974254","5","true","1591","0.47402228324914786","25","true","1591","0.2983788070907886","35","true","1591","0.4329290951496303","45","true","1591","0.23954793327293036","65","true","1591","0.19947190323931643","75","true","1591","0.1095909423756997","95","true","1591","0.45217494319734775","105","true","1591","0.31438929473077887","115","true","1591","0.1832266115720519","125","true","1591","0.18065573983695488","135","true"
"1592","0.15797095222856528","0","true","1592","0.14289131248628897","85","true","1592","0.26297745554805907","55","true","1592","0.3082471780210276","15","true","1592","0.4233703416263914","5","true","1592","0.4737568792955105","25","true","1592","0.2981931499657038","35","true","1592","0.43269757617694427","45","true","1592","0.23943183698689932","65","true","1592","0.19935342183045787","75","true","1592","0.10952274263745414","95","true","1592","0.45193063863671257","105","true","1592","0.31423117886335694","115","true","1592","0.18311696044739695","125","true","1592","0.18055333223348619","135","true"
"1593","0.15787184874536042","0","true","1593","0.14280166925386345","85","true","1593","0.2628124759649047","55","true","1593","0.30805379836103947","15","true","1593","0.42310473915360197","5","true","1593","0.47345966669871287","25","true","1593","0.2980060777260766","35","true","1593","0.43242612223956856","45","true","1593","0.23928162880811207","65","true","1593","0.19922835694850652","75","true","1593","0.10945403326315209","95","true","1593","0.45164711878813246","105","true","1593","0.3140340451250487","115","true","1593","0.1830020815512568","125","true","1593","0.18044006163610005","135","true"
"1594","0.1577837158693105","0","true","1594","0.14271348811613022","85","true","1594","0.26265585090434823","55","true","1594","0.30787066641370103","15","true","1594","0.4228636888384424","5","true","1594","0.4731949482776509","25","true","1594","0.29782088708601684","35","true","1594","0.43219440272627274","45","true","1594","0.23916584505940824","65","true","1594","0.19911017679927714","75","true","1594","0.1093860048782539","95","true","1594","0.4514034514898988","105","true","1594","0.31387635024906285","115","true","1594","0.18289270869134802","125","true","1594","0.18033791766486193","135","true"
"1595","0.15768485389194878","0","true","1595","0.1426240686373607","85","true","1595","0.26249127956919516","55","true","1595","0.3076777649936423","15","true","1595","0.4225987366524534","5","true","1595","0.4728984602148203","25","true","1595","0.2976342825201735","35","true","1595","0.43192360422832393","45","true","1595","0.23901599177303015","65","true","1595","0.1989854210494029","75","true","1595","0.10931746728121239","95","true","1595","0.45112061724711067","105","true","1595","0.3136796858692075","115","true","1595","0.18277811426234342","125","true","1595","0.18022492398211454","135","true"
"1596","0.157596948480273","0","true","1596","0.14253610914201445","85","true","1596","0.26233505178260036","55","true","1596","0.30749509785360635","15","true","1596","0.42235830506185956","5","true","1596","0.4726344247263357","25","true","1596","0.29744955661178935","35","true","1596","0.4316924895722841","45","true","1596","0.23890051936091525","65","true","1596","0.19886754102302734","75","true","1596","0.10924960960561396","95","true","1596","0.450877584786784","105","true","1596","0.3135217305589932","115","true","1596","0.182669018617844","125","true","1596","0.1801230426443119","135","true"
"1597","0.15749832711076095","0","true","1597","0.1424469125780958","85","true","1597","0.26217088716946985","55","true","1597","0.30730267288623864","15","true","1597","0.42209400074079456","5","true","1597","0.4723386585031027","25","true","1597","0.29726341796559924","35","true","1597","0.43142234408444163","45","true","1597","0.23875101966169063","65","true","1597","0.19874309325017187","75","true","1597","0.10918124314153034","95","true","1597","0.45059543360731796","105","true","1597","0.31332553423198506","115","true","1597","0.18255470759242606","125","true","1597","0.18001032484541057","135","true"
"1598","0.15741064830171467","0","true","1598","0.14235917389266192","85","true","1598","0.26201505516021895","55","true","1598","0.30712046880210475","15","true","1598","0.42185418553487414","5","true","1598","0.47207530336026454","25","true","1598","0.29707915504431415","35","true","1598","0.4311910387025237","45","true","1598","0.238633877458974","65","true","1598","0.19862551221557367","75","true","1598","0.1091135555344065","95","true","1598","0.45035303357260764","105","true","1598","0.31316799797258854","115","true","1598","0.18244588811925802","125","true","1598","0.17990870514726542","135","true"
"1599","0.1573122666465261","0","true","1599","0.14227019940897903","85","true","1599","0.26185129575074384","55","true","1599","0.30692851850910347","15","true","1599","0.42159052666891483","5","true","1599","0.4717802562956644","25","true","1599","0.29689348057241144","35","true","1599","0.43092154430333457","45","true","1599","0.2384847312855621","65","true","1599","0.19850137127043893","75","true","1599","0.1090453595621975","95","true","1599","0.45007156292662476","105","true","1599","0.3129722679738557","115","true","1599","0.18233185943918348","125","true","1599","0.17979626220654837","135","true"
"1600","0.1572248135826905","0","true","1600","0.14218268070514414","85","true","1600","0.26169585802971107","55","true","1600","0.30674677573823966","15","true","1600","0.42135132551951143","5","true","1600","0.4715175789245271","25","true","1600","0.29670967890236666","35","true","1600","0.43069084067691005","45","true","1600","0.23836790174541983","65","true","1600","0.19838408810220481","75","true","1600","0.10897784138592538","95","true","1600","0.4498282904823785","105","true","1600","0.31281514916528796","115","true","1600","0.18222331509849488","125","true","1600","0.17969490315926842","135","true"
"1601","0.15712667075273876","0","true","1601","0.1420939274712458","85","true","1601","0.2615325023130883","55","true","1601","0.3065552983501384","15","true","1601","0.4210883097108226","5","true","1601","0.47122324835091633","25","true","1601","0.2965244668680955","35","true","1601","0.4304219949586348","45","true","1601","0.23821910779926164","65","true","1601","0.19826025284121718","75","true","1601","0.10890981526770695","95","true","1601","0.4495474987904419","105","true","1601","0.31261988377879274","115","true","1601","0.18210956771079295","125","true","1601","0.17958273405617273","135","true"
"1602","0.15703944258099392","0","true","1602","0.14200662792483165","85","true","1602","0.26137745739859314","55","true","1602","0.3063740151586263","15","true","1602","0.42084972030144224","5","true","1602","0.47096045650160084","25","true","1602","0.2963411247220959","35","true","1602","0.43019189080607023","45","true","1602","0.23810258972672171","65","true","1602","0.1981432664195618","75","true","1602","0.10884246588784595","95","true","1602","0.449304856794745","105","true","1602","0.3124631808291222","115","true","1602","0.1820006095252924","125","true","1602","0.17948163467592018","135","true"
"1603","0.15694153769160427","0","true","1603","0.1419180951144047","85","true","1603","0.26121450387153666","55","true","1603","0.3061830089147618","15","true","1603","0.4205873451640972","5","true","1603","0.4706668402568991","25","true","1603","0.29615637339745615","35","true","1603","0.4299236913728994","45","true","1603","0.23795414671567014","65","true","1603","0.19801973570483639","75","true","1603","0.10877460898891338","95","true","1603","0.4490247415473667","105","true","1603","0.31226837834730853","115","true","1603","0.1818871428111245","125","true","1603","0.17936973839495016","135","true"
"1604","0.1568545335631022","0","true","1604","0.14183101390534236","85","true","1604","0.26105985028929724","55","true","1604","0.3060021835773421","15","true","1604","0.4203493651898355","5","true","1604","0.47040472254577215","25","true","1604","0.2959734890569162","35","true","1604","0.4296933797241137","45","true","1604","0.23783793892177735","65","true","1604","0.1979030449155671","75","true","1604","0.1087074277741854","95","true","1604","0.4487827276147443","105","true","1604","0.3121120896726105","115","true","1604","0.1817784589815558","125","true","1604","0.17926889770281082","135","true"
"1605","0.15675686573398442","0","true","1605","0.14174270069618586","85","true","1605","0.26089729745599133","55","true","1605","0.3058116467257996","15","true","1605","0.42008762834974217","5","true","1605","0.47011181798627916","25","true","1605","0.2957891967225096","35","true","1605","0.42942582469315227","45","true","1605","0.23768984556005768","65","true","1605","0.19777981761487246","75","true","1605","0.1086397394629935","95","true","1605","0.44850328631485964","105","true","1605","0.3119177483963511","115","true","1605","0.1816652718962622","125","true","1605","0.17915727323350644","135","true"
"1606","0.15667008480412242","0","true","1606","0.14165583700849027","85","true","1606","0.26074303373907864","55","true","1606","0.3056312775258185","15","true","1606","0.4198502555172122","5","true","1606","0.4698503718729698","25","true","1606","0.2956067684773996","35","true","1606","0.4291945102886292","45","true","1606","0.23757332000400957","65","true","1606","0.19766342134935458","75","true","1606","0.10857272578526328","95","true","1606","0.4482603892807609","105","true","1606","0.3117618724206576","115","true","1606","0.18155686139499097","125","true","1606","0.17905669025545903","135","true"
"1607","0.15657265315934374","0","true","1607","0.14156774258248997","85","true","1607","0.2605808801111315","55","true","1607","0.30544120832337707","15","true","1607","0.4195891546120398","5","true","1607","0.4695581763680737","25","true","1607","0.2954229334223763","35","true","1607","0.4289275982797432","45","true","1607","0.23742557540201703","65","true","1607","0.19754049633607762","75","true","1607","0.10850520543340678","95","true","1607","0.4479816203819545","105","true","1607","0.311567990659202","115","true","1607","0.18144395289909857","125","true","1607","0.17894533659236483","135","true"
"1608","0.15648609458773804","0","true","1608","0.14148109560423444","85","true","1608","0.2604261994281705","55","true","1608","0.3052612935527324","15","true","1608","0.41935238663930025","5","true","1608","0.46929739932489783","25","true","1608","0.2952409595711696","35","true","1608","0.42869688105062254","45","true","1608","0.2373093589331474","65","true","1608","0.19742439349119978","75","true","1608","0.10843835866766229","95","true","1608","0.4477386081231511","105","true","1608","0.3114125258144523","115","true","1608","0.18133581470360713","125","true","1608","0.17884501035925046","135","true"
"1609","0.15638889825569596","0","true","1609","0.1413932191473374","85","true","1609","0.260264444024799","55","true","1609","0.30507169026481146","15","true","1609","0.4190919193184063","5","true","1609","0.4690059102569942","25","true","1609","0.29505758009317506","35","true","1609","0.4284306096959327","45","true","1609","0.2371619618157976","65","true","1609","0.19730176964431081","75","true","1609","0.10837100564985629","95","true","1609","0.44746050960878886","105","true","1609","0.311219101885375","115","true","1609","0.18122318376279745","125","true","1609","0.17873392650188447","135","true"
"1610","0.15630256120615535","0","true","1610","0.14130678807062855","85","true","1610","0.26011015179463276","55","true","1610","0.30489222822389983","15","true","1610","0.4188557539348903","5","true","1610","0.4687450044192806","25","true","1610","0.2948760589427949","35","true","1610","0.4282004873911088","45","true","1610","0.23704605325910919","65","true","1610","0.19718595912245068","75","true","1610","0.1083043251741894","95","true","1610","0.44721735807753704","105","true","1610","0.311064046611366","115","true","1610","0.18111531685565319","125","true","1610","0.17863385604937634","135","true"
"1611","0.15620559931955103","0","true","1611","0.14121912877281798","85","true","1611","0.2599487931396733","55","true","1611","0.3047030891245054","15","true","1611","0.41859591785924827","5","true","1611","0.468454219677085","25","true","1611","0.2946931333479172","35","true","1611","0.4279348543344145","45","true","1611","0.23689900235758368","65","true","1611","0.19706363532646903","75","true","1611","0.10823713886825008","95","true","1611","0.44693992795466014","105","true","1611","0.3108710788405153","115","true","1611","0.1810029624407303","125","true","1611","0.17852304100219932","135","true"
"1612","0.15611948296005085","0","true","1612","0.14113291279377058","85","true","1612","0.25979488791220107","55","true","1612","0.30452407812216914","15","true","1612","0.41836035280569267","5","true","1612","0.4681939793708378","25","true","1612","0.2945120632136846","35","true","1612","0.4277053247140117","45","true","1612","0.23678340054396504","65","true","1612","0.1969481160354592","75","true","1612","0.10817062406383736","95","true","1612","0.44669740065447877","105","true","1612","0.3107157462628839","115","true","1612","0.18089536580955404","125","true","1612","0.17842322537077285","135","true"
"1613","0.15602275465586246","0","true","1613","0.14104546984904084","85","true","1613","0.2596339245367908","55","true","1613","0.3043354014938407","15","true","1613","0.41810114564782047","5","true","1613","0.4679038963600752","25","true","1613","0.2943295898164023","35","true","1613","0.4274403276107192","45","true","1613","0.23663669459567263","65","true","1613","0.19682609118041863","75","true","1613","0.10810360385066274","95","true","1613","0.44642063646572133","105","true","1613","0.31052323340894156","115","true","1613","0.18078328689641304","125","true","1613","0.17831267814315774","135","true"
"1614","0.15593685815851874","0","true","1614","0.14095946816775312","85","true","1614","0.2594804048691067","55","true","1614","0.3041560651544827","15","true","1614","0.41786617867619585","5","true","1614","0.46764431909031684","25","true","1614","0.2941489690219839","35","true","1614","0.4272113884460219","45","true","1614","0.2365207777846943","65","true","1614","0.1967108620335129","75","true","1614","0.10803725410174624","95","true","1614","0.44617873105166334","105","true","1614","0.31036830857780356","115","true","1614","0.1806759595338477","125","true","1614","0.17821311637806062","135","true"
"1615","0.1558403625779751","0","true","1615","0.14087224077408497","85","true","1615","0.25931983531163816","55","true","1615","0.30396784976762964","15","true","1615","0.41760759812008436","5","true","1615","0.4673549352294936","25","true","1615","0.2939669461451138","35","true","1615","0.42694702496307263","45","true","1615","0.23637441591725328","65","true","1615","0.1965891350149278","75","true","1615","0.10797039936529713","95","true","1615","0.44590263035175515","105","true","1615","0.31017624898091134","115","true","1615","0.1805641551034431","125","true","1615","0.17810283598426233","135","true"
"1616","0.1557540087232082","0","true","1616","0.1407864525946139","85","true","1616","0.25916669976798656","55","true","1616","0.30378896254664206","15","true","1616","0.4173732269935253","5","true","1616","0.4670960185136438","25","true","1616","0.2937867730224704","35","true","1616","0.4267178829936089","45","true","1616","0.23625880467974453","65","true","1616","0.19647419493076743","75","true","1616","0.10790421405916556","95","true","1616","0.445661344490537","105","true","1616","0.3100217303551477","115","true","1616","0.18045709600712273","125","true","1616","0.17800352713548498","135","true"
"1617","0.15565774542980695","0","true","1617","0.14069943995394973","85","true","1617","0.2590065225740632","55","true","1617","0.30360120669834373","15","true","1617","0.4171152707345676","5","true","1617","0.4668073312339691","25","true","1617","0.2936051989971166","35","true","1617","0.42645415129831","45","true","1617","0.23611278564100552","65","true","1617","0.19635276464959886","75","true","1617","0.10783752418644667","95","true","1617","0.4453859048462289","105","true","1617","0.3098301223635808","115","true","1617","0.18034556504543722","125","true","1617","0.17789351259461014","135","true"
"1618","0.15557161104684838","0","true","1618","0.14061386448428662","85","true","1618","0.25885376972579444","55","true","1618","0.30342276692486153","15","true","1618","0.41688064616304504","5","true","1618","0.46654907260176803","25","true","1618","0.29342547188645174","35","true","1618","0.426225596825822","45","true","1618","0.23599747882150252","65","true","1618","0.1962381125521795","75","true","1618","0.10777150271341644","95","true","1618","0.4451437473973833","105","true","1618","0.30967600840975595","115","true","1618","0.18023877321795603","125","true","1618","0.17779445571685643","135","true"
"1619","0.1554755791881775","0","true","1619","0.14052706580250618","85","true","1619","0.25869398344818595","55","true","1619","0.30323546892058695","15","true","1619","0.4166233124308456","5","true","1619","0.46626107934707556","25","true","1619","0.29324434505195396","35","true","1619","0.4259624946055591","45","true","1619","0.23585180136543984","65","true","1619","0.1961169779148016","75","true","1619","0.10770497709445755","95","true","1619","0.4448689673063973","105","true","1619","0.3094848503798734","115","true","1619","0.18012751471596963","125","true","1619","0.17768470605283365","135","true"
"1620","0.15538966345729022","0","true","1620","0.14044170225455235","85","true","1620","0.25854161187371266","55","true","1620","0.30305747493200585","15","true","1620","0.41638928083122106","5","true","1620","0.4660034763405076","25","true","1620","0.29306506230166324","35","true","1620","0.42573452542957807","45","true","1620","0.23573617811163658","65","true","1620","0.19600187222809531","75","true","1620","0.10763911884785425","95","true","1620","0.4446274275333305","105","true","1620","0.3093311395721875","115","true","1620","0.1800197822460995","125","true","1620","0.1775859002054916","135","true"
"1621","0.15529386218512173","0","true","1621","0.14035511674144843","85","true","1621","0.25838221507231085","55","true","1621","0.302870633085562","15","true","1621","0.41613256734118953","5","true","1621","0.465716174567178","25","true","1621","0.2928843810055463","35","true","1621","0.425472050383074","45","true","1621","0.23559084138037167","65","true","1621","0.19588103260280054","75","true","1621","0.10757275687569158","95","true","1621","0.444353304581707","105","true","1621","0.3091404298683822","115","true","1621","0.1799087959438516","125","true","1621","0.17747641444704182","135","true"
"1622","0.15520816429062684","0","true","1622","0.1402699643309912","85","true","1622","0.2582302233570642","55","true","1622","0.3026930832274875","15","true","1622","0.4158991265045279","5","true","1622","0.46545922474039625","25","true","1622","0.29270554097216683","35","true","1622","0.42524466431403957","45","true","1622","0.23547552139612643","65","true","1622","0.1957662141352473","75","true","1622","0.10750706125183133","95","true","1622","0.4441123801766445","105","true","1622","0.30898712068862416","115","true","1622","0.1798013309932124","125","true","1622","0.17737715021219333","135","true"
"1623","0.15511259276089123","0","true","1623","0.1401835912002455","85","true","1623","0.25807121459883936","55","true","1623","0.3025066958609681","15","true","1623","0.4156430309832813","5","true","1623","0.46517261191728027","25","true","1623","0.2925253035700904","35","true","1623","0.42498281415128464","45","true","1623","0.23533052415388744","65","true","1623","0.1956456684368882","75","true","1623","0.10744086232248908","95","true","1623","0.44383891196225","105","true","1623","0.308796857683274","115","true","1623","0.179690615887921","125","true","1623","0.17726792782905776","135","true"
"1624","0.1550271118911429","0","true","1624","0.1400986491469342","85","true","1624","0.2579196013352259","55","true","1624","0.30232958848716485","15","true","1624","0.41541017871156205","5","true","1624","0.4649163128365314","25","true","1624","0.2923469046182508","35","true","1624","0.4247552169931477","45","true","1624","0.23521491523351243","65","true","1624","0.19553113612385864","75","true","1624","0.10737532872066018","95","true","1624","0.44359860062883644","105","true","1624","0.30864394862077416","115","true","1624","0.17958341746648626","125","true","1624","0.17716891406503243","135","true"
"1625","0.1549317692639036","0","true","1625","0.14001248761609353","85","true","1625","0.25776097919418334","55","true","1625","0.30214365393089965","15","true","1625","0.4151546988968563","5","true","1625","0.464630386444873","25","true","1625","0.29216710947395913","35","true","1625","0.4244939899224262","45","true","1625","0.23507025661405764","65","true","1625","0.19541088327261397","75","true","1625","0.1073092922331321","95","true","1625","0.44332578476129103","105","true","1625","0.30845413069419314","115","true","1625","0.17947297256029532","125","true","1625","0.17705995409328273","135","true"
"1626","0.15484650461126437","0","true","1626","0.13992709383127472","85","true","1626","0.2576089680826763","55","true","1626","0.30196698740324124","15","true","1626","0.4149215823699814","5","true","1626","0.46437473568842275","25","true","1626","0.2919891499763296","35","true","1626","0.42426697298466126","45","true","1626","0.23495431272094233","65","true","1626","0.19529663605472294","75","true","1626","0.10724392005557672","95","true","1626","0.4430860842145202","105","true","1626","0.30830162024577695","115","true","1626","0.17936603968291126","125","true","1626","0.1769611898690631","135","true"
"1627","0.15475139005069236","0","true","1627","0.13984114352793856","85","true","1627","0.25745073161579507","55","true","1627","0.3017815039957454","15","true","1627","0.4146667165331448","5","true","1627","0.46408949322178367","25","true","1627","0.2918097954616021","35","true","1627","0.42400636673589914","45","true","1627","0.23480999189003265","65","true","1627","0.19517667497606525","75","true","1627","0.10717804541180793","95","true","1627","0.44281391831512557","105","true","1627","0.3081122457861665","115","true","1627","0.17925586398286034","125","true","1627","0.17685249134948752","135","true"
"1628","0.15466634081150832","0","true","1628","0.13975595976869234","85","true","1628","0.2572990975882668","55","true","1628","0.30160527668416465","15","true","1628","0.4144333791805247","5","true","1628","0.46383369957553244","25","true","1628","0.29163227379884527","35","true","1628","0.42377992785649027","45","true","1628","0.2346937066771472","65","true","1628","0.19506271179913942","75","true","1628","0.107112834063704","95","true","1628","0.4425748262812705","105","true","1628","0.30796013245610815","115","true","1628","0.17914919566921614","125","true","1628","0.17675397573864554","135","true"
"1629","0.15457145348585707","0","true","1629","0.1396702199160735","85","true","1629","0.25714124538115746","55","true","1629","0.30142024277208845","15","true","1629","0.4141791255736655","5","true","1629","0.46354913902364564","25","true","1629","0.2914533582934472","35","true","1629","0.4235199401706887","45","true","1629","0.2345497228080201","65","true","1629","0.19494304142380253","75","true","1629","0.1070471206685729","95","true","1629","0.44230330798293843","105","true","1629","0.3077711998595093","115","true","1629","0.17903928818721046","125","true","1629","0.17664553771672","135","true"
"1630","0.15448661886043344","0","true","1630","0.13958524540951298","85","true","1630","0.25698998704602016","55","true","1630","0.3012444530545278","15","true","1630","0.41394637330115863","5","true","1630","0.46329399034458674","25","true","1630","0.291276272854169","35","true","1630","0.42329407719828416","45","true","1630","0.23443311403296233","65","true","1630","0.1948293612388486","75","true","1630","0.10698206955801616","95","true","1630","0.4420648221994818","105","true","1630","0.3076188307099669","115","true","1630","0.1789328834618084","125","true","1630","0.17654726979738905","135","true"
"1631","0.15439195794201405","0","true","1631","0.1394997152346297","85","true","1631","0.2568325176912125","55","true","1631","0.3010598669926071","15","true","1631","0.41369272969006726","5","true","1631","0.4630101092230521","25","true","1631","0.2910977947458025","35","true","1631","0.4230347058274519","45","true","1631","0.23428946629152056","65","true","1631","0.19470998050279537","75","true","1631","0.1069165168193164","95","true","1631","0.4417939491466635","105","true","1631","0.3074303387793848","115","true","1631","0.17882324321458917","125","true","1631","0.1764390913232485","135","true"
"1632","0.15430733713459083","0","true","1632","0.13941494921165434","85","true","1632","0.2566816336637055","55","true","1632","0.300883757268587","15","true","1632","0.41346056033270345","5","true","1632","0.46275560312033037","25","true","1632","0.2909211439265036","35","true","1632","0.42280862954748727","45","true","1632","0.23417315970511346","65","true","1632","0.19459658226596813","75","true","1632","0.10685162535730243","95","true","1632","0.441556067362229","105","true","1632","0.30727703254294353","115","true","1632","0.17871710110671524","125","true","1632","0.17634107017809522","135","true"
"1633","0.15421290179974714","0","true","1633","0.13932962794530696","85","true","1633","0.25652454576060657","55","true","1633","0.3006996178822537","15","true","1633","0.41320752449406656","5","true","1633","0.46247239895685405","25","true","1633","0.29074310161075906","35","true","1633","0.42254987273625866","45","true","1633","0.23402984687787656","65","true","1633","0.1944774901103586","75","true","1633","0.10678623268572514","95","true","1633","0.4412858372108446","105","true","1633","0.3070889805034436","115","true","1633","0.17860772711582984","125","true","1633","0.1762331503065052","135","true"
"1634","0.15412849401847506","0","true","1634","0.13924506964057945","85","true","1634","0.2563740346627543","55","true","1634","0.30052394391881976","15","true","1634","0.4129759358975044","5","true","1634","0.46221853305136273","25","true","1634","0.2905668838157866","35","true","1634","0.422324369536203","45","true","1634","0.2339138413511554","65","true","1634","0.19436437278292956","75","true","1634","0.10672150028613174","95","true","1634","0.4410485571851286","105","true","1634","0.30693607057938693","115","true","1634","0.17850184665952443","125","true","1634","0.1761353750227018","135","true"
"1635","0.15403428344755912","0","true","1635","0.13915995651732727","85","true","1635","0.25621732681760595","55","true","1635","0.30034024957657107","15","true","1635","0.41272350561883847","5","true","1635","0.4619360033856834","25","true","1635","0.2903892756960948","35","true","1635","0.4220662250560464","45","true","1635","0.2337708622305251","65","true","1635","0.19424556815408914","75","true","1635","0.1066562670952478","95","true","1635","0.4407789676024971","105","true","1635","0.30674845684431395","115","true","1635","0.17839273795129731","125","true","1635","0.1760277128130302","135","true"
"1636","0.15395008790447565","0","true","1636","0.13907560516925063","85","true","1636","0.2560671872781769","55","true","1636","0.3001642501118784","15","true","1636","0.4124924956393004","5","true","1636","0.46168277530999186","25","true","1636","0.2902134893375942","35","true","1636","0.421841292811446","45","true","1636","0.2336551566400903","65","true","1636","0.19413273070241524","75","true","1636","0.1065916931748173","95","true","1636","0.44054228710620064","105","true","1636","0.3065959417544096","115","true","1636","0.17828711818532614","125","true","1636","0.17593018248222686","135","true"
"1637","0.15385610128182334","0","true","1637","0.13899069942738906","85","true","1637","0.2559108581040144","55","true","1637","0.2999809996539347","15","true","1637","0.4122406687188857","5","true","1637","0.4614009176938075","25","true","1637","0.29003631382517814","35","true","1637","0.4215837584446503","45","true","1637","0.2335125100243149","65","true","1637","0.19401421255180326","75","true","1637","0.10652661888105978","95","true","1637","0.44027333577097094","105","true","1637","0.3064087647447915","115","true","1637","0.1781782737908296","125","true","1637","0.17582277699841597","135","true"
"1638","0.15377211719282888","0","true","1638","0.13890655427808368","85","true","1638","0.25576108875847947","55","true","1638","0.2998054341421719","15","true","1638","0.4120102352230932","5","true","1638","0.4611483250920898","25","true","1638","0.28986095732304606","35","true","1638","0.42135939504147796","45","true","1638","0.2333971032522981","65","true","1638","0.1939016539472957","75","true","1638","0.1064622028593816","95","true","1638","0.4400365210594747","105","true","1638","0.3062559374939695","115","true","1638","0.17807291375865486","125","true","1638","0.17572549071671342","135","true"
"1639","0.1536783537067357","0","true","1639","0.13882185515962142","85","true","1639","0.2556051368750902","55","true","1639","0.2996226259506218","15","true","1639","0.4117590094699084","5","true","1639","0.46086713708898486","25","true","1639","0.28968421283687346","35","true","1639","0.4211024685810868","45","true","1639","0.23325478794543691","65","true","1639","0.19378342123147418","75","true","1639","0.10639728688202832","95","true","1639","0.4397682061076092","105","true","1639","0.3060691960686683","115","true","1639","0.17796433271368006","125","true","1639","0.17561834102725202","135","true"
"1640","0.15359458029157003","0","true","1640","0.1387379154549025","85","true","1640","0.255455736365582","55","true","1640","0.29944749280005756","15","true","1640","0.41152915033501813","5","true","1640","0.46061517761694926","25","true","1640","0.28950928461871006","35","true","1640","0.420878671915678","45","true","1640","0.23313905166518553","65","true","1640","0.19367114045056769","75","true","1640","0.10633302818152161","95","true","1640","0.43953198783675057","105","true","1640","0.3059153154455735","115","true","1640","0.1778592314634319","125","true","1640","0.17552129789517443","135","true"
"1641","0.153501039134267","0","true","1641","0.13865342220553897","85","true","1641","0.2553001603994641","55","true","1641","0.29926512526485655","15","true","1641","0.4112785235686752","5","true","1641","0.4603346568023226","25","true","1641","0.2893329695854465","35","true","1641","0.42062235116542485","45","true","1641","0.2329970668590557","65","true","1641","0.19355319213117025","75","true","1641","0.10626826994267781","95","true","1641","0.43926430696717883","105","true","1641","0.30572900891972354","115","true","1641","0.17775091280846028","125","true","1641","0.17541440307307019","135","true"
"1642","0.1534174756164859","0","true","1642","0.13856968719489401","85","true","1642","0.25515112737473666","55","true","1642","0.29909042289152116","15","true","1642","0.4110492366822153","5","true","1642","0.46008259003806784","25","true","1642","0.28915846808650875","35","true","1642","0.42039911914441436","45","true","1642","0.23288098324341516","65","true","1642","0.19344118815529243","75","true","1642","0.10620416798857424","95","true","1642","0.439028682935932","105","true","1642","0.3055755226657067","115","true","1642","0.17764606939290822","125","true","1642","0.17531760219553816","135","true"
"1643","0.15332415598411575","0","true","1643","0.13848539906399687","85","true","1643","0.2549959259590586","55","true","1643","0.2989084944104436","15","true","1643","0.4107992067328952","5","true","1643","0.45980273444802033","25","true","1643","0.28898258094047075","35","true","1643","0.42014340191865746","45","true","1643","0.23273932814411868","65","true","1643","0.1933235231989936","75","true","1643","0.1061395669131554","95","true","1643","0.43876163385872036","105","true","1643","0.3053896494767373","115","true","1643","0.17753801217308285","125","true","1643","0.17521096131829025","135","true"
"1644","0.1532408015910676","0","true","1644","0.13840186800056337","85","true","1644","0.25484725907444655","55","true","1644","0.29873422123808147","15","true","1644","0.41057048999270196","5","true","1644","0.4595512975049709","25","true","1644","0.2888085046036259","35","true","1644","0.41992073245891676","45","true","1644","0.23262354234364302","65","true","1644","0.1932117950145346","75","true","1644","0.10607562113348207","95","true","1644","0.4385266018768176","105","true","1644","0.3052365561296816","115","true","1644","0.1774334256496077","125","true","1644","0.175114401804594","135","true"
"1645","0.15314770268366112","0","true","1645","0.13831778424114624","85","true","1645","0.25469243084900645","55","true","1645","0.2985527302166731","15","true","1645","0.41032105470109037","5","true","1645","0.4592721047361344","25","true","1645","0.28863304378673427","35","true","1645","0.41966561658257473","45","true","1645","0.23248221576870762","65","true","1645","0.19309441239301905","75","true","1645","0.10601117664919685","95","true","1645","0.4382601823131014","105","true","1645","0.3050511147225554","115","true","1645","0.17732562891470513","125","true","1645","0.17500801395416593","135","true"
"1646","0.15306455664646393","0","true","1646","0.1382344563816895","85","true","1646","0.25454412876638544","55","true","1646","0.29837888467669627","15","true","1646","0.4100929060152458","5","true","1646","0.4590212952998233","25","true","1646","0.28845939106241364","35","true","1646","0.4194435076111495","45","true","1646","0.23236672667981445","65","true","1646","0.19298295899130133","75","true","1646","0.10594738647475928","95","true","1646","0.4380257402009675","105","true","1646","0.3048984128275023","115","true","1646","0.17722129834527087","125","true","1646","0.17491169491793873","135","true"
"1647","0.15297167766791633","0","true","1647","0.13815057625038993","85","true","1647","0.2543896723775709","55","true","1647","0.2981978295282274","15","true","1647","0.4098440632324695","5","true","1647","0.4587427629604423","25","true","1647","0.2882843550241476","35","true","1647","0.4191889909196379","45","true","1647","0.2322257274524602","65","true","1647","0.1928658576812338","75","true","1647","0.10588309801209256","95","true","1647","0.4377599478828844","105","true","1647","0.3047134016546701","115","true","1647","0.177113761149673","125","true","1647","0.17480555918073123","135","true"
"1648","0.1528887392214348","0","true","1648","0.13806745085528105","85","true","1648","0.254240908159321","55","true","1648","0.29802441005966857","15","true","1648","0.40961648051923877","5","true","1648","0.4584925787276778","25","true","1648","0.2881111243703008","35","true","1648","0.4189666797054044","45","true","1648","0.23211053397696546","65","true","1648","0.19275467805848223","75","true","1648","0.10581946287645788","95","true","1648","0.43752609347157195","105","true","1648","0.3045610897637758","115","true","1648","0.177009685600799","125","true","1648","0.17470947973992298","135","true"
"1649","0.15279607937948242","0","true","1649","0.13798377361233846","85","true","1649","0.25408682276043654","55","true","1649","0.2978437892050869","15","true","1649","0.4093682281068029","5","true","1649","0.4582147044375398","25","true","1649","0.28793651156765215","35","true","1649","0.418712760505583","45","true","1649","0.23196986092607033","65","true","1649","0.1926378570414771","75","true","1649","0.10575532986865396","95","true","1649","0.43726092614219525","105","true","1649","0.3043765072851311","115","true","1649","0.17690240700346518","125","true","1649","0.1746035952067473","135","true"
"1650","0.1527133477623052","0","true","1650","0.1379008499455326","85","true","1650","0.2539384221872827","55","true","1650","0.29767079425455373","15","true","1650","0.40914120929457287","5","true","1650","0.457965143116337","25","true","1650","0.2877637014497012","35","true","1650","0.41849023688425735","45","true","1650","0.2318549619711555","65","true","1650","0.1925269501987893","75","true","1650","0.10569184920813421","95","true","1650","0.43702765727331966","105","true","1650","0.30422458395762353","115","true","1650","0.17679858554619868","125","true","1650","0.1745077544835984","135","true"
"1651","0.15262090626850236","0","true","1651","0.13781737485476653","85","true","1651","0.25378470643535334","55","true","1651","0.2974906061224384","15","true","1651","0.4088935451242977","5","true","1651","0.4576879245067024","25","true","1651","0.28758951034712876","35","true","1651","0.4182369134963129","45","true","1651","0.23171461393122136","65","true","1651","0.19241040846138083","75","true","1651","0.10562787109118013","95","true","1651","0.43676311268659246","105","true","1651","0.3040404286404579","115","true","1651","0.176691564610638","125","true","1651","0.1744021202496495","135","true"
"1652","0.15253838072291942","0","true","1652","0.13773465218378111","85","true","1652","0.2536366681837188","55","true","1652","0.2973180341440671","15","true","1652","0.4086670881515153","5","true","1652","0.45743822190583683","25","true","1652","0.28741711923792346","35","true","1652","0.4180149469797979","45","true","1652","0.2316000084094007","65","true","1652","0.19229977340469753","75","true","1652","0.10556454434481555","95","true","1652","0.4365304272122682","105","true","1652","0.30388889244259315","115","true","1652","0.1765879963205266","125","true","1652","0.1743065173706648","135","true"
"1653","0.15244615679261536","0","true","1653","0.13765137851256964","85","true","1653","0.25348332074225344","55","true","1653","0.29713827717058217","15","true","1653","0.40842001010547446","5","true","1653","0.4571616570800171","25","true","1653","0.287243348307308","35","true","1653","0.4177622172657835","45","true","1653","0.23145998422051955","65","true","1653","0.19218350993831015","75","true","1653","0.10550072055742449","95","true","1653","0.43626650313293797","105","true","1653","0.3037051627615517","115","true","1653","0.17648123211477054","125","true","1653","0.1742011325354951","135","true"
"1654","0.15236383656459557","0","true","1654","0.13756885610846287","85","true","1654","0.25333485515709137","55","true","1654","0.29696612662599253","15","true","1654","0.408194112920586","5","true","1654","0.45691257422092096","25","true","1654","0.28707137468708044","35","true","1654","0.41754080581226766","45","true","1654","0.23134567104960788","65","true","1654","0.19207314567838604","75","true","1654","0.10543754716696714","95","true","1654","0.43603439891571477","105","true","1654","0.30355334788758026","115","true","1654","0.17637791607183498","125","true","1654","0.17410576663141802","135","true"
"1655","0.15227182941691164","0","true","1655","0.13748578312772106","85","true","1655","0.2531818751720931","55","true","1655","0.2967867992548416","15","true","1655","0.40794761889104453","5","true","1655","0.45663666083069093","25","true","1655","0.28689802240768003","35","true","1655","0.4172886676445066","45","true","1655","0.23120596955742814","65","true","1655","0.1919571594793049","75","true","1655","0.10537387715056197","95","true","1655","0.4357710931192681","105","true","1655","0.30337004272581236","115","true","1655","0.17627140766840996","125","true","1655","0.17400063029891114","135","true"
"1656","0.15218971375608062","0","true","1656","0.13740346026507055","85","true","1656","0.25303377070747446","55","true","1656","0.2966150686130914","15","true","1656","0.407722279452435","5","true","1656","0.4563881954501509","25","true","1656","0.2867264647640005","35","true","1656","0.4170670303348343","45","true","1656","0.2310913675239702","65","true","1656","0.19184706503167945","75","true","1656","0.10531085656045934","95","true","1656","0.43553956803206795","105","true","1656","0.30321861333752814","115","true","1656","0.1761683429571173","125","true","1656","0.1739055005046981","135","true"
"1657","0.15209792261388755","0","true","1657","0.13732058724922913","85","true","1657","0.2528811568530067","55","true","1657","0.2964361692954719","15","true","1657","0.40747636734178816","5","true","1657","0.45611293115856455","25","true","1657","0.2865535296224058","35","true","1657","0.4168154820656335","45","true","1657","0.23095198792956492","65","true","1657","0.19173135510102102","75","true","1657","0.10524733975915629","95","true","1657","0.4352768783046662","105","true","1657","0.3030357311823185","115","true","1657","0.1760620894330177","125","true","1657","0.17380061178304268","135","true"
"1658","0.15201519443488984","0","true","1658","0.13723846320611077","85","true","1658","0.2527334121998699","55","true","1658","0.29626485703301214","15","true","1658","0.4072515836177214","5","true","1658","0.45586508100432543","25","true","1658","0.28638238645013836","35","true","1658","0.41659362481462325","45","true","1658","0.2308370796261741","65","true","1658","0.1916215294859896","75","true","1658","0.10518447141653506","95","true","1658","0.43504519191647384","105","true","1658","0.3028846858629433","115","true","1658","0.17595927514225426","125","true","1658","0.17370571723783768","135","true"
"1659","0.15192361901655557","0","true","1659","0.13715578943309506","85","true","1659","0.25258116315637597","55","true","1659","0.29608638422757055","15","true","1659","0.4070062513384336","5","true","1659","0.45559046348564813","25","true","1659","0.28620986694022865","35","true","1659","0.4163426647996747","45","true","1659","0.2306980211444716","65","true","1659","0.19150609482967274","75","true","1659","0.1051211072771275","95","true","1659","0.4347831164996567","105","true","1659","0.302702225208809","115","true","1659","0.17585327557891556","125","true","1659","0.17360107523950163","135","true"
"1660","0.15184109538900598","0","true","1660","0.1370738634910618","85","true","1660","0.2524330256899296","55","true","1660","0.295915488828201","15","true","1660","0.4067811778404052","5","true","1660","0.45534322631634666","25","true","1660","0.28603913674148723","35","true","1660","0.41612135934382877","45","true","1660","0.23058340410140102","65","true","1660","0.19139653707225807","75","true","1660","0.10505839063177735","95","true","1660","0.434552006351429","105","true","1660","0.30255156254844173","115","true","1660","0.17575071080196042","125","true","1660","0.17350641508661088","135","true"
"1661","0.15174973492246627","0","true","1661","0.13699138824227056","85","true","1661","0.25228114059625334","55","true","1661","0.2957374410009879","15","true","1661","0.4065364238224507","5","true","1661","0.45506925325598785","25","true","1661","0.28586703136438646","35","true","1661","0.41587098548140766","45","true","1661","0.23044466559111138","65","true","1661","0.19128137670097511","75","true","1661","0.10499517860371972","95","true","1661","0.4342905430503752","105","true","1661","0.3023695218970889","115","true","1661","0.1756449642852324","125","true","1661","0.1734020189283157","135","true"
"1662","0.151667415102102","0","true","1662","0.13690965968633165","85","true","1662","0.2521333616971509","55","true","1662","0.29556696095581275","15","true","1662","0.4063110800861453","5","true","1662","0.454822626841087","25","true","1662","0.2856967126484913","35","true","1662","0.4156502298092238","45","true","1662","0.23032970893528107","65","true","1662","0.1911720858308987","75","true","1662","0.10493261310807739","95","true","1662","0.4340600070415015","105","true","1662","0.3022192404926642","115","true","1662","0.17554264811973103","125","true","1662","0.17330759231518256","135","true"
"1663","0.15157626881898772","0","true","1663","0.13682738224661628","85","true","1663","0.25198183924420786","55","true","1663","0.29538933658023836","15","true","1663","0.40606690275436275","5","true","1663","0.45454929593553345","25","true","1663","0.2855250199125246","35","true","1663","0.41540044000765575","45","true","1663","0.23019128963904592","65","true","1663","0.19105719876008687","75","true","1663","0.10486955264346917","95","true","1663","0.4337991536718852","105","true","1663","0.30203761835294507","115","true","1663","0.1754371537398514","125","true","1663","0.17320344111787778","135","true"
"1664","0.1514941520651365","0","true","1664","0.13674585036521644","85","true","1664","0.25183441761786834","55","true","1664","0.29521927038762247","15","true","1664","0.40584127063982617","5","true","1664","0.4543032780552574","25","true","1664","0.28535511119595897","35","true","1664","0.41518023211734456","45","true","1664","0.2300766232470377","65","true","1664","0.1909481738117408","75","true","1664","0.10480713775260253","95","true","1664","0.43356918971189823","105","true","1664","0.3018877168081918","115","true","1664","0.1753350852877893","125","true","1664","0.173109247196058","135","true"
"1665","0.15140321920075167","0","true","1665","0.13666377002286037","85","true","1665","0.2516832565028516","55","true","1665","0.29504206794441257","15","true","1665","0.405597668436561","5","true","1665","0.45403058701200694","25","true","1665","0.28518382961660965","35","true","1665","0.4149310242949452","45","true","1665","0.2299385220326037","65","true","1665","0.1908335590615537","75","true","1665","0.1047442283061724","95","true","1665","0.43330894409982623","105","true","1665","0.30170651169606205","115","true","1665","0.17522984213935724","125","true","1665","0.17300534008489588","135","true"
"1666","0.1513213047763101","0","true","1666","0.13658243410785917","85","true","1666","0.2515361908609116","55","true","1666","0.2948724141099377","15","true","1666","0.4053725885107148","5","true","1666","0.4537851754572762","25","true","1666","0.28501432942297683","35","true","1666","0.4147113621943721","45","true","1666","0.22982414484298924","65","true","1666","0.19072479907397263","75","true","1666","0.10468196347776469","95","true","1666","0.4330795501083407","105","true","1666","0.30155698862146263","115","true","1666","0.17512802050703397","125","true","1666","0.17291137801003267","135","true"
"1667","0.15123058456960967","0","true","1667","0.1365005501545571","85","true","1667","0.251385389787254","55","true","1667","0.29469563208709","15","true","1667","0.4051295593809122","5","true","1667","0.45351312199477184","25","true","1667","0.2848434575228432","35","true","1667","0.41446273427938746","45","true","1667","0.22968636058349107","65","true","1667","0.19061045566925203","75","true","1667","0.10461920450685476","95","true","1667","0.43281991009029014","105","true","1667","0.30137619905993895","115","true","1667","0.17502302768898417","125","true","1667","0.17280771411434323","135","true"
"1668","0.15114887174102193","0","true","1668","0.13641940950120857","85","true","1668","0.2512386788475306","55","true","1668","0.2945263891235116","15","true","1668","0.4049050296461429","5","true","1668","0.4532683145671392","25","true","1668","0.2846743643828239","35","true","1668","0.41424361598601434","45","true","1668","0.2295722715399691","65","true","1668","0.19050195968608524","75","true","1668","0.10455708920118889","95","true","1668","0.43259108399694274","105","true","1668","0.30122705307268843","115","true","1668","0.17492145198698744","125","true","1668","0.17271331431068185","135","true"
"1669","0.15105836343459017","0","true","1669","0.13633772123204616","85","true","1669","0.25108823652486745","55","true","1669","0.294350026016252","15","true","1669","0.40466257154455837","5","true","1669","0.45299689641470375","25","true","1669","0.2845039006915767","35","true","1669","0.4139955659165616","45","true","1669","0.22943480311389725","65","true","1669","0.1903878866563331","75","true","1669","0.10449448016573908","95","true","1669","0.4323320474196991","105","true","1669","0.3010466775918066","115","true","1669","0.1748167086025641","125","true","1669","0.17260989316438802","135","true"
"1670","0.15097685147182663","0","true","1670","0.13625677513897844","85","true","1670","0.25094187901132103","55","true","1670","0.29418119244345636","15","true","1670","0.4044385900128447","5","true","1670","0.45275269092629034","25","true","1670","0.2843352131428868","35","true","1670","0.4137769894573893","45","true","1670","0.22932100116526255","65","true","1670","0.19027965372581698","75","true","1670","0.1044325138456821","95","true","1670","0.4321037871640879","105","true","1670","0.3008979073157725","115","true","1670","0.17471537794574415","125","true","1670","0.172515724731497","135","true"
"1671","0.15088655431185544","0","true","1671","0.13617528185241207","85","true","1671","0.25079179415545305","55","true","1671","0.2940052467541959","15","true","1671","0.40419670090398535","5","true","1671","0.45248190582406167","25","true","1671","0.28416515619722715","35","true","1671","0.413529515181398","45","true","1671","0.22918384745643167","65","true","1671","0.19016585010516757","75","true","1671","0.10437005420821459","95","true","1671","0.4318453518846836","105","true","1671","0.30071794445254535","115","true","1671","0.1746108831024752","125","true","1671","0.17241254547029394","135","true"
"1672","0.15080524248839147","0","true","1672","0.1360945296216072","85","true","1672","0.25064578879815086","55","true","1672","0.29383682109915743","15","true","1672","0.40397326559684066","5","true","1672","0.452237557319548","25","true","1672","0.2839968727845753","35","true","1672","0.4133114785929092","45","true","1672","0.22907033155654458","65","true","1672","0.19005787928009807","75","true","1672","0.10430823633920222","95","true","1672","0.4316176554163087","105","true","1672","0.30056954851822754","115","true","1672","0.17450979660991928","125","true","1672","0.17231860757210699","135","true"
"1673","0.15071515572465888","0","true","1673","0.13601323061944376","85","true","1673","0.2504960601310074","55","true","1673","0.29366129133744945","15","true","1673","0.4037319434549071","5","true","1673","0.45196740346212894","25","true","1673","0.28382722112819264","35","true","1673","0.4130645780680628","45","true","1673","0.22893349145406158","65","true","1673","0.18994434410729039","75","true","1673","0.10424592556480604","95","true","1673","0.43135981930196204","105","true","1673","0.3003899968166037","115","true","1673","0.17440554941959077","125","true","1673","0.17221566933580346","135","true"
"1674","0.1506340433174541","0","true","1674","0.13593267155621772","85","true","1674","0.25035040566608674","55","true","1674","0.29349327213418813","15","true","1674","0.40350905240332263","5","true","1674","0.4517236538826128","25","true","1674","0.2836593404032389","35","true","1674","0.41284707939616516","45","true","1674","0.22882026056181756","65","true","1674","0.18983663444499582","75","true","1674","0.10418425561482736","95","true","1674","0.4311326845801659","105","true","1674","0.3002419738610946","115","true","1674","0.17430470621459784","125","true","1674","0.1721219611402618","135","true"
"1675","0.15054416620330288","0","true","1675","0.1358515661435947","85","true","1675","0.2502010319156893","55","true","1675","0.2933181568166856","15","true","1675","0.4032682952121512","5","true","1675","0.45145412902946086","25","true","1675","0.2834900925867692","35","true","1675","0.41260075058984286","45","true","1675","0.22868373296005035","65","true","1675","0.18972336676334606","75","true","1675","0.1041220931711431","95","true","1675","0.4308754455082207","105","true","1675","0.30006283187191735","115","true","1675","0.17420070579322877","125","true","1675","0.17201926307275567","135","true"
"1676","0.15046325249278014","0","true","1676","0.13577119955657754","85","true","1676","0.2500557270853215","55","true","1676","0.2931505426062253","15","true","1676","0.4030459464565393","5","true","1676","0.4512109762141617","25","true","1676","0.28332261310808343","35","true","1676","0.4123837878898129","45","true","1676","0.228570232362571","65","true","1676","0.18961591732566005","75","true","1676","0.10406057061072532","95","true","1676","0.4306482041803583","105","true","1676","0.2999151805388624","115","true","1676","0.17410010500328435","125","true","1676","0.17192578375178413","135","true"
"1677","0.15037358428509673","0","true","1677","0.1356902870419431","85","true","1677","0.2499067069857474","55","true","1677","0.29297584025663875","15","true","1677","0.4028057522095449","5","true","1677","0.45094207813536896","25","true","1677","0.2831537676890679","35","true","1677","0.41213802877903233","45","true","1677","0.22843401649107964","65","true","1677","0.1895029161830345","75","true","1677","0.1039985559679299","95","true","1677","0.4303915604353164","105","true","1677","0.29973644681982853","115","true","1677","0.1739963504711012","125","true","1677","0.17182332500103814","135","true"
"1678","0.15029286855512147","0","true","1678","0.13561011224305922","85","true","1678","0.24976175053810187","55","true","1678","0.2928086295869652","15","true","1678","0.40258394379968276","5","true","1678","0.4506995199338426","25","true","1678","0.28298668802208854","35","true","1678","0.4119216001154591","45","true","1678","0.22832016730303226","65","true","1678","0.18939572603626909","75","true","1678","0.10393718027012322","95","true","1678","0.4301641458719656","105","true","1678","0.2995885887587209","115","true","1678","0.17389599122785246","125","true","1678","0.17173007373052146","135","true"
"1679","0.15020340851431485","0","true","1679","0.13552939193815264","85","true","1679","0.24961308282944825","55","true","1679","0.29263433873602057","15","true","1679","0.402344310499802","5","true","1679","0.4504312464100725","25","true","1679","0.2828182435649325","35","true","1679","0.41167640868681893","45","true","1679","0.22818426244154236","65","true","1679","0.18928299048505703","75","true","1679","0.10387531290091481","95","true","1679","0.42990809578513706","105","true","1679","0.2994102622177931","115","true","1679","0.17379248170926445","125","true","1679","0.17162785344853898","135","true"
"1680","0.1501228900521747","0","true","1680","0.13544940824260102","85","true","1680","0.24946847351865672","55","true","1680","0.29246753016204","15","true","1680","0.4021222206138953","5","true","1680","0.45018928068215014","25","true","1680","0.28265156228192584","35","true","1680","0.4114597484648133","45","true","1680","0.22807069728230264","65","true","1680","0.18917605869997603","75","true","1680","0.10381408354127745","95","true","1680","0.4296812393977392","105","true","1680","0.2992627741154744","115","true","1680","0.1736923631484954","125","true","1680","0.17153482940829803","135","true"
"1681","0.15003363744215556","0","true","1681","0.13536887946243298","85","true","1681","0.2493201569470047","55","true","1681","0.2922936493474372","15","true","1681","0.4018831467609738","5","true","1681","0.44992162950457454","25","true","1681","0.2824835173578581","35","true","1681","0.41121512316846087","45","true","1681","0.22793510233742612","65","true","1681","0.18906358779706287","75","true","1681","0.10375236292086053","95","true","1681","0.42942578087253247","105","true","1681","0.29908485332230234","115","true","1681","0.1735890977720694","125","true","1681","0.1714328467510993","135","true"
"1682","0.1499533155385397","0","true","1682","0.13528908618866795","85","true","1682","0.24917589353312586","55","true","1682","0.29212724143093527","15","true","1682","0.4016615948094169","5","true","1682","0.4496795260065351","25","true","1682","0.28231723303787765","35","true","1682","0.4109989945008","45","true","1682","0.22782125445672133","65","true","1682","0.1889569134488554","75","true","1682","0.10369127937744381","95","true","1682","0.42919948065131847","105","true","1682","0.2989377338385815","115","true","1682","0.17348921903367628","125","true","1682","0.1713400491248678","135","true"
"1683","0.14986426962669971","0","true","1683","0.13520874825150128","85","true","1683","0.24902792685050523","55","true","1683","0.2919537691973064","15","true","1683","0.4014230784229505","5","true","1683","0.449412495409144","25","true","1683","0.28214958622490977","35","true","1683","0.4107549333401701","45","true","1683","0.22768596867616508","65","true","1683","0.188844706255596","75","true","1683","0.1036297049835142","95","true","1683","0.42894461160105046","105","true","1683","0.2987602173695562","115","true","1683","0.17338619693211235","125","true","1683","0.17123830325246586","135","true"
"1684","0.14978414357567893","0","true","1684","0.13512914472121307","85","true","1684","0.24888400809948943","55","true","1684","0.2917877605069073","15","true","1684","0.4012020624786583","5","true","1684","0.4491709814310402","25","true","1684","0.28198369745375595","35","true","1684","0.4105393343147429","45","true","1684","0.22757240378028087","65","true","1684","0.18873828842385018","75","true","1684","0.10356876673684774","95","true","1684","0.4287188655458388","105","true","1684","0.29861275184537767","115","true","1684","0.17328655716007932","125","true","1684","0.17114573122786708","135","true"
"1685","0.1496953036328701","0","true","1685","0.1350489969485433","85","true","1685","0.24873639006384324","55","true","1685","0.2916146954057763","15","true","1685","0.40096410158750845","5","true","1685","0.44890456922378574","25","true","1685","0.28181644733664224","35","true","1685","0.4102958353026938","45","true","1685","0.22743742607934356","65","true","1685","0.18862634400604242","75","true","1685","0.10350733804957796","95","true","1685","0.42846458389367637","105","true","1685","0.29843563870667933","115","true","1685","0.17318377747018604","125","true","1685","0.17104422130424438","135","true"
"1686","0.1496153727318765","0","true","1686","0.13496958248663893","85","true","1686","0.2485928147474977","55","true","1686","0.29144908451690194","15","true","1686","0.40074361973256073","5","true","1686","0.448663642651812","25","true","1686","0.28165095270682244","35","true","1686","0.41008076401650095","45","true","1686","0.22732414314693808","65","true","1686","0.1885201817747193","75","true","1686","0.10344654458265498","95","true","1686","0.4282393900138161","105","true","1686","0.2982878675592388","115","true","1686","0.1730843758125608","125","true","1686","0.17095187407276793","135","true"
"1687","0.14952673803239078","0","true","1687","0.1348896242031753","85","true","1687","0.24844554412264727","55","true","1687","0.2912764251066431","15","true","1687","0.40050621237489925","5","true","1687","0.4483978466549804","25","true","1687","0.28148409787701983","35","true","1687","0.4098378251752589","45","true","1687","0.22718947244602164","65","true","1687","0.18840849920257788","75","true","1687","0.10338526108467948","95","true","1687","0.4279856936927179","105","true","1687","0.29811115673722505","115","true","1687","0.1729818376752311","125","true","1687","0.1708505992658528","135","true"
"1688","0.14944700158219795","0","true","1688","0.13481039813775947","85","true","1688","0.24830231101860126","55","true","1688","0.2911112106014732","15","true","1688","0.40028626270048584","5","true","1688","0.4481575053853825","25","true","1688","0.2813189959877088","35","true","1688","0.409623279734359","45","true","1688","0.2270764704606251","65","true","1688","0.1883018773277566","75","true","1688","0.10332461188294227","95","true","1688","0.427761050007032","105","true","1688","0.2979637526852637","115","true","1688","0.17288267328410098","125","true","1688","0.17075847602283187","135","true"
"1689","0.14935857140374695","0","true","1689","0.13473062867140576","85","true","1689","0.24815538657421155","55","true","1689","0.29093895544727116","15","true","1689","0.40004940692373997","5","true","1689","0.44789232342953317","25","true","1689","0.28115253504333737","35","true","1689","0.40938089909546294","45","true","1689","0.2269421056852046","65","true","1689","0.18819045609856858","75","true","1689","0.10326347305934289","95","true","1689","0.4275079369596906","105","true","1689","0.2977874427724322","115","true","1689","0.1727803758442879","125","true","1689","0.17065743550447515","135","true"
"1690","0.14927902870845003","0","true","1690","0.13465159033376203","85","true","1690","0.24801249446588197","55","true","1690","0.29077413591470314","15","true","1690","0.3998299875301071","5","true","1690","0.44765256536854836","25","true","1690","0.2809878245003376","35","true","1690","0.40916612228414884","45","true","1690","0.22682938363519045","65","true","1690","0.18808408927215278","75","true","1690","0.10320296761066824","95","true","1690","0.42728313188060135","105","true","1690","0.2976404044934269","115","true","1690","0.17268144787575576","125","true","1690","0.17056553544906358","135","true"
"1691","0.1491908023321448","0","true","1691","0.13457200901559788","85","true","1691","0.24786591497742694","55","true","1691","0.2906022835885124","15","true","1691","0.39959368139090495","5","true","1691","0.44738799529445344","25","true","1691","0.2808217560461412","35","true","1691","0.4089242983348083","45","true","1691","0.2266953237157843","65","true","1691","0.1879729284628903","75","true","1691","0.10314197294895981","95","true","1691","0.42703060047878066","105","true","1691","0.2974644940888799","115","true","1691","0.17257939028244856","125","true","1691","0.17046472839501567","135","true"
"1692","0.14911145269914097","0","true","1692","0.1344931577401698","85","true","1692","0.24772336265398423","55","true","1692","0.29043785762412155","15","true","1692","0.3993747903873017","5","true","1692","0.4471488183582513","25","true","1692","0.28065743546184385","35","true","1692","0.40871004494604785","45","true","1692","0.22658223873273176","65","true","1692","0.18786681577781442","75","true","1692","0.10308161074364473","95","true","1692","0.426806342916903","105","true","1692","0.2973178202666033","115","true","1692","0.17248069789660925","125","true","1692","0.1703730507301654","135","true"
"1693","0.14902342940947205","0","true","1693","0.1344137639044318","85","true","1693","0.2475771269027127","55","true","1693","0.2902664067046268","15","true","1693","0.39913903195141787","5","true","1693","0.4468848580168356","25","true","1693","0.2804917581091509","35","true","1693","0.40846877573415524","45","true","1693","0.226448482983775","65","true","1693","0.1877559144697992","75","true","1693","0.10302075973376064","95","true","1693","0.426554391120612","105","true","1693","0.29714230797600905","115","true","1693","0.1723788793028096","125","true","1693","0.17027247632005316","135","true"
"1694","0.14894427214944092","0","true","1694","0.13433509902880433","85","true","1694","0.2474349131590467","55","true","1694","0.2901016570283692","15","true","1694","0.39892066745604277","5","true","1694","0.44664626013145936","25","true","1694","0.28032782610249696","35","true","1694","0.4082550438966503","45","true","1694","0.22633567706308122","65","true","1694","0.18765005502328572","75","true","1694","0.10296054026450799","95","true","1694","0.42633067911890066","105","true","1694","0.296995997300492","115","true","1694","0.1722804216637262","125","true","1694","0.17018102025249177","135","true"
"1695","0.14885645123425845","0","true","1695","0.13425589201286753","85","true","1695","0.2472890199319482","55","true","1695","0.2899306065230459","15","true","1695","0.3986854547983446","5","true","1695","0.44638290738374037","25","true","1695","0.2801625384691818","35","true","1695","0.4080143274792584","45","true","1695","0.22620222442330346","65","true","1695","0.1875394123021635","75","true","1695","0.102899832398786","95","true","1695","0.42607930489772206","105","true","1695","0.2968208817360459","115","true","1695","0.17217884122642446","125","true","1695","0.1700806776697957","135","true"
"1696","0.1487774856611426","0","true","1696","0.1341774128777485","85","true","1696","0.24714714356863468","55","true","1696","0.2897662488912987","15","true","1696","0.3984676149382929","5","true","1696","0.4461448864850488","25","true","1696","0.2799989936656235","35","true","1696","0.4078011153305749","45","true","1696","0.22608969656413108","65","true","1696","0.18743311308219543","75","true","1696","0.10283975516069038","95","true","1696","0.42585613650840093","105","true","1696","0.2966749329035406","115","true","1696","0.1720806175021051","125","true","1696","0.16998869912892461","135","true"
"1697","0.14868986641163665","0","true","1697","0.13409839202210788","85","true","1697","0.24700159165840582","55","true","1697","0.28959559739018487","15","true","1697","0.39823294614268734","5","true","1697","0.44588213920207764","25","true","1697","0.27983409437606777","35","true","1697","0.4075609497738431","45","true","1697","0.22595654597722642","65","true","1697","0.18732272844551567","75","true","1697","0.1027791899338584","95","true","1697","0.42560533784143484","105","true","1697","0.2965002126839272","115","true","1697","0.17197927438225696","125","true","1697","0.16988858799869558","135","true"
"1698","0.14861109184262253","0","true","1698","0.13402009797130962","85","true","1698","0.24686005148167273","55","true","1698","0.2894316304143508","15","true","1698","0.39801562905389865","5","true","1698","0.44564404883856734","25","true","1698","0.2796709354075302","35","true","1698","0.40734749593716435","45","true","1698","0.2258442951834834","65","true","1698","0.18721668189317361","75","true","1698","0.10271925442439205","95","true","1698","0.42538271112594245","105","true","1698","0.29635462439687044","115","true","1698","0.17188128374463144","125","true","1698","0.16979683079199331","135","true"
"1699","0.14852367355330334","0","true","1699","0.1339412626195618","85","true","1699","0.2467148396866835","55","true","1699","0.2892613765141071","15","true","1699","0.3977815022132787","5","true","1699","0.445381905280427","25","true","1699","0.27950642309258455","35","true","1699","0.40710787976308366","45","true","1699","0.22571144559808134","65","true","1699","0.18710655443323645","75","true","1699","0.10265883133355418","95","true","1699","0.4251324860017507","105","true","1699","0.2961802981472252","115","true","1699","0.17178017710713459","125","true","1699","0.16969695030329215","135","true"
"1700","0.1484450893088021","0","true","1700","0.13386315299998292","85","true","1700","0.2465736345083779","55","true","1700","0.2890977988121282","15","true","1700","0.39756470604048466","5","true","1700","0.4451443889408136","25","true","1700","0.27934364859742766","35","true","1700","0.40689494325602515","45","true","1700","0.22559947087839274","65","true","1700","0.18700075965462568","75","true","1700","0.10259903705255298","95","true","1700","0.4249103990306855","105","true","1700","0.29603506911420185","115","true","1700","0.1716824187320313","125","true","1700","0.16960541364456685","135","true"
"1701","0.14835787127748082","0","true","1701","0.13378450249880783","85","true","1701","0.24642876163263858","55","true","1701","0.2889279411159989","15","true","1701","0.3973311192566771","5","true","1701","0.4448828469966651","25","true","1701","0.27917952189437395","35","true","1701","0.4066558745467091","45","true","1701","0.22546692124802942","65","true","1701","0.1868908884679896","75","true","1701","0.10253875559717546","95","true","1701","0.4246607454472362","105","true","1701","0.2958611354660736","115","true","1701","0.17158154774570225","125","true","1701","0.16950576299025158","135","true"
"1702","0.14827947668110925","0","true","1702","0.13370657666041502","85","true","1702","0.24628789027019363","55","true","1702","0.2887647513123184","15","true","1702","0.39711484215334997","5","true","1702","0.44464590264235","25","true","1702","0.27901713051735477","35","true","1702","0.40644345352892275","45","true","1702","0.22535522161570987","65","true","1702","0.18678534457342022","75","true","1702","0.1024791020468251","95","true","1702","0.4244384765966475","105","true","1702","0.2957162644017803","115","true","1702","0.1714840208128254","125","true","1702","0.1694144460970169","135","true"
"1703","0.14819245820887852","0","true","1703","0.133628110359558","85","true","1703","0.24614335512332144","55","true","1703","0.28859528843009286","15","true","1703","0.3968817935370628","5","true","1703","0.44438496021122187","25","true","1703","0.27885338806986804","35","true","1703","0.40620493037544336","45","true","1703","0.22522297089879922","65","true","1703","0.18667572876087712","75","true","1703","0.1024189617287225","95","true","1703","0.4241893929836213","105","true","1703","0.2955427219930938","115","true","1703","0.17138338465037659","125","true","1703","0.16931502447372052","135","true"
"1704","0.1481142525874403","0","true","1704","0.13355036765536812","85","true","1704","0.24600281639972355","55","true","1704","0.2884324851556166","15","true","1704","0.396666033665364","5","true","1704","0.44414858581320826","25","true","1704","0.2786913784621031","35","true","1704","0.40599226649360576","45","true","1704","0.225110300715025","65","true","1704","0.18657043486483926","75","true","1704","0.10235944841354466","95","true","1704","0.4239676613120149","105","true","1704","0.29539755927558387","115","true","1704","0.17128608834328338","125","true","1704","0.16922392656717378","135","true"
"1705","0.14802743297865514","0","true","1705","0.13347208490762172","85","true","1705","0.2458586177969101","55","true","1705","0.28826341570359104","15","true","1705","0.39643352133613463","5","true","1705","0.44388824080393907","25","true","1705","0.27852801892021445","35","true","1705","0.4057542874393891","45","true","1705","0.22497834860440658","65","true","1705","0.18646107353138977","75","true","1705","0.10229944873686615","95","true","1705","0.4237191456840477","105","true","1705","0.2952244071306392","115","true","1705","0.1711856861813002","125","true","1705","0.16912473317528212","135","true"
"1706","0.14794941566212208","0","true","1706","0.13339452469368396","85","true","1706","0.24571841054066637","55","true","1706","0.28810099759564994","15","true","1706","0.3962174561298972","5","true","1706","0.44365243434277574","25","true","1706","0.2783663897391427","35","true","1706","0.4055421367214061","45","true","1706","0.2248659537356071","65","true","1706","0.18635602875252916","75","true","1706","0.10224007516370485","95","true","1706","0.4234979492852256","105","true","1706","0.2950796009686638","115","true","1706","0.1710886196873782","125","true","1706","0.16903385348028288","135","true"
"1707","0.14786279422438078","0","true","1707","0.13331642485487033","85","true","1707","0.2455745473026449","55","true","1707","0.28793232019658926","15","true","1707","0.3959854786965659","5","true","1707","0.44339268467395676","25","true","1707","0.27820341175920177","35","true","1707","0.40530469987320855","45","true","1707","0.22473429919594926","65","true","1707","0.1862469210073579","75","true","1707","0.10218021563492048","95","true","1707","0.42324999966620613","105","true","1707","0.29490683773624654","115","true","1707","0.1709884507062966","125","true","1707","0.1689348875239127","135","true"
"1708","0.14778496454587423","0","true","1708","0.13323904649024831","85","true","1708","0.24543467034775096","55","true","1708","0.2877702858989014","15","true","1708","0.3957699285125942","5","true","1708","0.44315744413968183","25","true","1708","0.2780421616685473","35","true","1708","0.40509306050045796","45","true","1708","0.22462160985416707","65","true","1708","0.1861421244684515","75","true","1708","0.10212098131292845","95","true","1708","0.4230293366429343","105","true","1708","0.2947623868590683","115","true","1708","0.1708916132167414","125","true","1708","0.16884422526896103","135","true"
"1709","0.14769854058999943","0","true","1709","0.1331611289192014","85","true","1709","0.245291141300764","55","true","1709","0.28760199918200147","15","true","1709","0.39553848410995524","5","true","1709","0.44289828773960016","25","true","1709","0.2778795639131855","35","true","1709","0.4048561639738495","45","true","1709","0.2244902521875857","65","true","1709","0.1860332694249027","75","true","1709","0.10206126144081562","95","true","1709","0.4227819510659501","105","true","1709","0.29459001119423844","115","true","1709","0.17079167660082517","125","true","1709","0.16874548595593825","135","true"
"1710","0.1476208978857719","0","true","1710","0.13308393176595573","85","true","1710","0.2451515934866717","55","true","1710","0.2874403473446351","15","true","1710","0.3953234471316846","5","true","1710","0.44266285649554654","25","true","1710","0.2777186915829211","35","true","1710","0.40464503413625075","45","true","1710","0.224377837203309","65","true","1710","0.18592872025283455","75","true","1710","0.10200216588144081","95","true","1710","0.4225618195299061","105","true","1710","0.2944459143371048","115","true","1710","0.17069506731061804","125","true","1710","0.1686550403731537","135","true"
"1711","0.14753467072579188","0","true","1711","0.13300619582450365","85","true","1711","0.24500839746243885","55","true","1711","0.2872724499454852","15","true","1711","0.39509253390321986","5","true","1711","0.4424042917429206","25","true","1711","0.2775564727210152","35","true","1711","0.4044086760555637","45","true","1711","0.2242467753825127","65","true","1711","0.1858201170283878","75","true","1711","0.1019425851770708","95","true","1711","0.4223149960371901","105","true","1711","0.2942739249011602","115","true","1711","0.17059536224793662","125","true","1711","0.16855652691499182","135","true"
"1712","0.14745721433520864","0","true","1712","0.13292917924767433","85","true","1712","0.24486917763402463","55","true","1712","0.2871111792248212","15","true","1712","0.3948780083225927","5","true","1712","0.4421694237554255","25","true","1712","0.2773959768273256","35","true","1712","0.4041973119188206","45","true","1712","0.22413463378222528","65","true","1712","0.18571581435412507","75","true","1712","0.10188362789404305","95","true","1712","0.4220946764305382","105","true","1712","0.29413018080526854","115","true","1712","0.1704989803558225","125","true","1712","0.16846629724009196","135","true"
"1713","0.14737118328833862","0","true","1713","0.132851624300622","85","true","1713","0.24472631346971074","55","true","1713","0.28694366978536684","15","true","1713","0.3946476244204208","5","true","1713","0.44191144859570824","25","true","1713","0.27723413553396076","35","true","1713","0.40396149085002314","45","true","1713","0.22400386678468606","65","true","1713","0.1856074620703712","75","true","1713","0.10182418587076765","95","true","1713","0.42184841349213065","105","true","1713","0.29395857626570887","115","true","1713","0.17039950603822868","125","true","1713","0.16836800885197056","135","true"
"1714","0.1472939125538595","0","true","1714","0.13277478766821108","85","true","1714","0.24458742047724377","55","true","1714","0.2867827788440623","15","true","1714","0.3944336084378368","5","true","1714","0.44167714187883833","25","true","1714","0.2770740147592067","35","true","1714","0.4037506339514602","45","true","1714","0.22389199759944148","65","true","1714","0.18550340502894028","75","true","1714","0.10176536638008529","95","true","1714","0.4216286228777577","105","true","1714","0.29381518367817117","115","true","1714","0.1703033507466941","125","true","1714","0.1682779943242502","135","true"
"1715","0.14720807694048313","0","true","1715","0.13269741308332283","85","true","1715","0.24444488701542721","55","true","1715","0.28661565601256805","15","true","1715","0.3942037520226633","5","true","1715","0.44141975426702085","25","true","1715","0.27691254971564067","35","true","1715","0.4035153480342391","45","true","1715","0.2237615244073672","65","true","1715","0.18539530281155744","75","true","1715","0.10170606255352346","95","true","1715","0.42138291855207133","105","true","1715","0.2936439627086618","115","true","1715","0.1702041063698021","125","true","1715","0.16817993022499364","135","true"
"1716","0.14713099120764456","0","true","1716","0.13262075576627713","85","true","1716","0.24430631971453814","55","true","1716","0.28645514351951945","15","true","1716","0.3939894485862543","5","true","1716","0.44118600684413023","25","true","1716","0.2767528027483227","35","true","1716","0.4033049965850722","45","true","1716","0.22364992667276198","65","true","1716","0.18529149054202035","75","true","1716","0.10164738037344018","95","true","1716","0.4211636550641799","105","true","1716","0.2935009203824707","115","true","1716","0.17010817688505347","125","true","1716","0.1680901300873038","135","true"
"1717","0.14704535035129554","0","true","1717","0.1325435609142595","85","true","1717","0.24416411580317926","55","true","1717","0.28628840595053257","15","true","1717","0.3937601182902204","5","true","1717","0.4409292047446866","25","true","1717","0.27659171264195004","35","true","1717","0.4030702439677351","45","true","1717","0.22351974627306886","65","true","1717","0.18518363752075026","75","true","1717","0.10158821426146496","95","true","1717","0.4209185074186245","105","true","1717","0.2933300816628069","115","true","1717","0.17000916164821703","125","true","1717","0.1679922894993601","135","true"
"1718","0.1469684489686925","0","true","1718","0.1324670822864536","85","true","1718","0.2440258730548289","55","true","1718","0.28612827058083945","15","true","1718","0.39354632226544917","5","true","1718","0.4406952959050587","25","true","1718","0.27643233817667295","35","true","1718","0.4028603961875413","45","true","1718","0.22340841902921613","65","true","1718","0.18508006916618105","75","true","1718","0.10152966891247663","95","true","1718","0.4206997692001393","105","true","1718","0.2931867356077421","115","true","1718","0.169913457180159","125","true","1718","0.16790270299808738","135","true"
"1719","0.14688300219603628","0","true","1719","0.1323900665409382","85","true","1719","0.24388399754723888","55","true","1719","0.28596191693515294","15","true","1719","0.393317516264132","5","true","1719","0.44043907770976504","25","true","1719","0.27627162170098885","35","true","1719","0.4026261750269672","45","true","1719","0.22327853041350146","65","true","1719","0.1849724644748054","75","true","1719","0.10147064003520193","95","true","1719","0.42045517631106943","105","true","1719","0.293016278203319","115","true","1719","0.1698146702864496","125","true","1719","0.16780508514750708","135","true"
"1720","0.1468062845153045","0","true","1720","0.13231376597915723","85","true","1720","0.24374607821768726","55","true","1720","0.28580141859191294","15","true","1720","0.39310422587217636","5","true","1720","0.44020499070593355","25","true","1720","0.2761126184384262","35","true","1720","0.4024168291436364","45","true","1720","0.22316747270500448","65","true","1720","0.18486913918226705","75","true","1720","0.1014122310400336","95","true","1720","0.4202355586418771","105","true","1720","0.29287328107072347","115","true","1720","0.1697191900486634","125","true","1720","0.16771571153255302","135","true"
"1721","0.14672103115612026","0","true","1721","0.13223692871668383","85","true","1721","0.24360452997249696","55","true","1721","0.2856354479655529","15","true","1721","0.39287594234960255","5","true","1721","0.43994935482282904","25","true","1721","0.27595227429299163","35","true","1721","0.40218313760522545","45","true","1721","0.2230378748695196","65","true","1721","0.18476178195858398","75","true","1721","0.10135333891980129","95","true","1721","0.41999151940921636","105","true","1721","0.2927032036717277","115","true","1721","0.16962063070484887","125","true","1721","0.1676183156489685","135","true"
"1722","0.1466437441554572","0","true","1722","0.13216080560060675","85","true","1722","0.24346693293327257","55","true","1722","0.285475325400407","15","true","1722","0.39266315581992106","5","true","1722","0.4397158237661215","25","true","1722","0.2757936409398504","35","true","1722","0.4019742918549117","45","true","1722","0.22292649029926465","65","true","1722","0.184658698879105","75","true","1722","0.10129506580339429","95","true","1722","0.41977242576337875","105","true","1722","0.29256055422850935","115","true","1722","0.1695253739145712","125","true","1722","0.16752915417372913","135","true"
"1723","0.1465586839790329","0","true","1723","0.1320841462006064","85","true","1723","0.24332571081440177","55","true","1723","0.28530973646455987","15","true","1723","0.3924353929685174","5","true","1723","0.43946076818389057","25","true","1723","0.2756336678302565","35","true","1723","0.4017411281125365","45","true","1723","0.22279718259027437","65","true","1723","0.18455158826490597","75","true","1723","0.10123630996476123","95","true","1723","0.41952893827743715","105","true","1723","0.292390855531161","115","true","1723","0.16942704133109407","125","true","1723","0.1674319794903337","135","true"
"1724","0.14648158070079212","0","true","1724","0.13200819991278917","85","true","1724","0.24318843494227105","55","true","1724","0.2851499883670263","15","true","1724","0.39222310853880143","5","true","1724","0.43922779112645977","25","true","1724","0.2754754030992423","35","true","1724","0.401532058821775","45","true","1724","0.22268606669330623","65","true","1724","0.18444874655345753","75","true","1724","0.10117817225426022","95","true","1724","0.4193103668161929","105","true","1724","0.29224785818021576","115","true","1724","0.16933200720919572","125","true","1724","0.16734302941167933","135","true"
"1725","0.14639671304105817","0","true","1725","0.13193171775756737","85","true","1725","0.24304753781889776","55","true","1725","0.28498477979902687","15","true","1725","0.39199586455934676","5","true","1725","0.4389733138430725","25","true","1725","0.2753157997370759","35","true","1725","0.40129942147599185","45","true","1725","0.22255704811468902","65","true","1725","0.1843418816945042","75","true","1725","0.10111955222398544","95","true","1725","0.4190674291760908","105","true","1725","0.2920785372890337","115","true","1725","0.16923390060015217","125","true","1725","0.16724607516520676","135","true"
"1726","0.14631979284185295","0","true","1726","0.13185594768342626","85","true","1726","0.24291058199583465","55","true","1726","0.2848254048647015","15","true","1726","0.3917840804754725","5","true","1726","0.4387401569603283","25","true","1726","0.27515790234685794","35","true","1726","0.40109085006896983","45","true","1726","0.2224456506653737","65","true","1726","0.18423928050997718","75","true","1726","0.10106154944872577","95","true","1726","0.41884937806923206","105","true","1726","0.29193588638449497","115","true","1726","0.16913908837111702","125","true","1726","0.16715733574346173","135","true"
"1727","0.1462351170358102","0","true","1727","0.1317796421581465","85","true","1727","0.24277000874236482","55","true","1727","0.2846605753479974","15","true","1727","0.3915573535770492","5","true","1727","0.4384862564065318","25","true","1727","0.27499866744966645","35","true","1727","0.4008587373085133","45","true","1727","0.22231692054346086","65","true","1727","0.18413266055597835","75","true","1727","0.10100306475575775","95","true","1727","0.41860698838284943","105","true","1727","0.2917669420058002","115","true","1727","0.16904120695423558","125","true","1727","0.16706060117416574","135","true"
"1728","0.1461583792752422","0","true","1728","0.1317040476859416","85","true","1728","0.24263337185552072","55","true","1728","0.2845015722785186","15","true","1728","0.3913460680930303","5","true","1728","0.4382529493315954","25","true","1728","0.27484113612484345","35","true","1728","0.40065066204202426","45","true","1728","0.2222051960836301","65","true","1728","0.18403029906116072","75","true","1728","0.10094519644725271","95","true","1728","0.4183894558086726","105","true","1728","0.29162463632803554","115","true","1728","0.16894661584613968","125","true","1728","0.16697207167308847","135","true"
"1729","0.14607389466294435","0","true","1729","0.1316279181786087","85","true","1729","0.24249312135155798","55","true","1729","0.28433712050263504","15","true","1729","0.39111985649297654","5","true","1729","0.43799962392735753","25","true","1729","0.27468226841610077","35","true","1729","0.4004190720639653","45","true","1729","0.2220767537737552","65","true","1729","0.18392392316574965","75","true","1729","0.10088684662271671","95","true","1729","0.4181476121925982","105","true","1729","0.2914560671740887","115","true","1729","0.1688489588427604","125","true","1729","0.16687555602472254","135","true"
"1730","0.14599733870358603","0","true","1730","0.13155249869942745","85","true","1730","0.24235680229323178","55","true","1730","0.2841784880056486","15","true","1730","0.39090906787091734","5","true","1730","0.43776686754371463","25","true","1730","0.27452510188716645","35","true","1730","0.4002114912028937","45","true","1730","0.22196474088456275","65","true","1730","0.1838211352603202","75","true","1730","0.10082911231464498","95","true","1730","0.4179305963378544","105","true","1730","0.29131410550914155","115","true","1730","0.16875458808725127","125","true","1730","0.16678723571148557","135","true"
"1731","0.14591304462812205","0","true","1731","0.1314765446008712","85","true","1731","0.24221687342354747","55","true","1731","0.2840144126661534","15","true","1731","0.39068336979477936","5","true","1731","0.4375141153107217","25","true","1731","0.2743666000962385","35","true","1731","0.3999804222125918","45","true","1731","0.22183658572238923","65","true","1731","0.18371500296513527","75","true","1731","0.10077089689183051","95","true","1731","0.41768929691733603","105","true","1731","0.29114591029810855","115","true","1731","0.16865715472230483","125","true","1731","0.16669093823128264","135","true"
"1732","0.14583666983549975","0","true","1732","0.1314012995086121","85","true","1732","0.24208087109115586","55","true","1732","0.28385614945527804","15","true","1732","0.3904730763048277","5","true","1732","0.4372819076987949","25","true","1732","0.27420979709954746","35","true","1732","0.39977333402986615","45","true","1732","0.22172484068884005","65","true","1732","0.18361245423801595","75","true","1732","0.10071329612002364","95","true","1732","0.4174727959771824","105","true","1732","0.2910042914376657","115","true","1732","0.16856300355458073","125","true","1732","0.16660282637645302","135","true"
"1733","0.1457525656429764","0","true","1733","0.13132552021247101","85","true","1733","0.24194126274565922","55","true","1733","0.28369244925374676","15","true","1733","0.39024788998631277","5","true","1733","0.4370297266678267","25","true","1733","0.2740516599616585","35","true","1733","0.3995427842409216","45","true","1733","0.221596971691903","65","true","1733","0.1835065647026999","75","true","1733","0.10065521463437195","95","true","1733","0.41723203888607674","105","true","1733","0.290836468893584","115","true","1733","0.16846579305656773","125","true","1733","0.1665067463151056","135","true"
"1734","0.14567637138555314","0","true","1734","0.13125044890382745","85","true","1734","0.2418055760417072","55","true","1734","0.2835345540485395","15","true","1734","0.39003731130720726","5","true","1734","0.43679806591691817","25","true","1734","0.2738952192393928","35","true","1734","0.39933618701746804","45","true","1734","0.22148549357714206","65","true","1734","0.1834042543246968","75","true","1734","0.10059774693680201","95","true","1734","0.4170153685431366","105","true","1734","0.2906951916349425","115","true","1734","0.16837186071535729","125","true","1734","0.16641884219262515","135","true"
"1735","0.14559245642507762","0","true","1735","0.1311748438065326","85","true","1735","0.2416662871154159","55","true","1735","0.2833712276925207","15","true","1735","0.3898126354366386","5","true","1735","0.4365464541277955","25","true","1735","0.2737374454955913","35","true","1735","0.3991061546516746","45","true","1735","0.22135790976747782","65","true","1735","0.18329860671275863","75","true","1735","0.10053979892589371","95","true","1735","0.41677515231701723","105","true","1735","0.29052774048768737","115","true","1735","0.16827487231632768","125","true","1735","0.16632297880426536","135","true"
"1736","0.14551644207423628","0","true","1736","0.1310999456809767","85","true","1736","0.2415309149474674","55","true","1736","0.2832136992184428","15","true","1736","0.3896025497983551","5","true","1736","0.43631533833603603","25","true","1736","0.27358058647272854","35","true","1736","0.39889930639247434","45","true","1736","0.22124669763898858","65","true","1736","0.18319653385850107","75","true","1736","0.10048246384266092","95","true","1736","0.41655899448257155","105","true","1736","0.29038680363372243","115","true","1736","0.1681811580438695","125","true","1736","0.1662352816914313","135","true"
"1737","0.14543271569789895","0","true","1737","0.1310245141817356","85","true","1737","0.24139194434047806","55","true","1737","0.2830507454214241","15","true","1737","0.38937838262355745","5","true","1737","0.4360642938375688","25","true","1737","0.2734231753182563","35","true","1737","0.3986697901057123","45","true","1737","0.22111939804310884","65","true","1737","0.18309112733729363","75","true","1737","0.10042464884620368","95","true","1737","0.41631931727055627","105","true","1737","0.29021972261897344","115","true","1737","0.16808439097940236","125","true","1737","0.16613963423361117","135","true"
"1738","0.1453568806279253","0","true","1738","0.13094978864150222","85","true","1738","0.24125688562112696","55","true","1738","0.28289358240980694","15","true","1738","0.38916878831597534","5","true","1738","0.43583372111186663","25","true","1738","0.27326667741570576","35","true","1738","0.3984634306682857","45","true","1738","0.22100782876138092","65","true","1738","0.182989291185212","75","true","1738","0.10036744591952416","95","true","1738","0.4161036701610763","105","true","1738","0.29007844770442837","115","true","1738","0.16799089402142484","125","true","1738","0.16605214341105679","135","true"
"1739","0.1452733421907828","0","true","1739","0.13087453014228295","85","true","1739","0.24111823223858608","55","true","1739","0.2827309998911806","15","true","1739","0.38894512809280524","5","true","1739","0.4355832419618023","25","true","1739","0.2731096276010991","35","true","1739","0.3982344286966373","45","true","1739","0.22088081276783988","65","true","1739","0.1828841249259102","75","true","1739","0.10030976347934054","95","true","1739","0.4158645301207538","105","true","1739","0.2899117359528741","115","true","1739","0.16789434753060792","125","true","1739","0.1659567111447286","135","true"
"1740","0.14519768577884878","0","true","1740","0.13079997659235396","85","true","1740","0.24098348588542715","55","true","1740","0.28257420107919207","15","true","1740","0.38873602341368146","5","true","1740","0.43535321041779296","25","true","1740","0.2729534895742075","35","true","1740","0.39802855638171725","45","true","1740","0.22076950869222267","65","true","1740","0.1827825246582143","75","true","1740","0.10025269225353421","95","true","1740","0.41564939196094","105","true","1740","0.2897708002321803","115","true","1740","0.16780106713630916","125","true","1740","0.16586942589640397","135","true"
"1741","0.14511433463890686","0","true","1741","0.13072489049786923","85","true","1741","0.24084514863750212","55","true","1741","0.28241198856422123","15","true","1741","0.38851286840598126","5","true","1741","0.43510329468276554","25","true","1741","0.27279679985573785","35","true","1741","0.39780006696932824","45","true","1741","0.22064277533476445","65","true","1741","0.1826775978357928","75","true","1741","0.1001951419135494","95","true","1741","0.41541078725832176","105","true","1741","0.28960445648922273","115","true","1741","0.16770474046171885","125","true","1741","0.16577420808590088","135","true"
"1742","0.14503885626505417","0","true","1742","0.1306505083459576","85","true","1742","0.24071071357310245","55","true","1742","0.28225555269483216","15","true","1742","0.38830425166090515","5","true","1742","0.4348730792341834","25","true","1742","0.2726410204655641","35","true","1742","0.39759468008547943","45","true","1742","0.2205317355423281","65","true","1742","0.18257623263845005","75","true","1742","0.10013820193502787","95","true","1742","0.41519615628105644","105","true","1742","0.2894638587782278","115","true","1742","0.16761167588374679","125","true","1742","0.16568712769905386","135","true"
"1743","0.1449556917832508","0","true","1743","0.13057559406364913","85","true","1743","0.2405726913749527","55","true","1743","0.2820937089146172","15","true","1743","0.3880816001404574","5","true","1743","0.43462372540434724","25","true","1743","0.2724846896052054","35","true","1743","0.397366701484513","45","true","1743","0.2204052838591043","65","true","1743","0.18247154443166194","75","true","1743","0.10008078324125778","95","true","1743","0.41495808509052834","105","true","1743","0.28929788179498334","115","true","1743","0.16751556827142813","125","true","1743","0.16559212361207046","135","true"
"1744","0.14488039083037424","0","true","1744","0.13050138272018336","85","true","1744","0.2404385665268232","55","true","1744","0.28193763473656824","15","true","1744","0.3878727026632301","5","true","1744","0.43439404863781417","25","true","1744","0.27232926761848775","35","true","1744","0.39716179834808685","45","true","1744","0.22029450743117257","65","true","1744","0.1823704134943758","75","true","1744","0.10002397405851238","95","true","1744","0.4147439595368288","105","true","1744","0.2891576209150006","115","true","1744","0.16742271876586082","125","true","1744","0.16550453169223553","135","true"
"1745","0.14479741237056304","0","true","1745","0.13042663966020615","85","true","1745","0.24030085829857184","55","true","1745","0.2817761584280135","15","true","1745","0.38765055334899","5","true","1745","0.43414525479552446","25","true","1745","0.2721732943838838","35","true","1745","0.39693432881867785","45","true","1745","0.22016833646471715","65","true","1745","0.1822659630857307","75","true","1745","0.0999666865590516","95","true","1745","0.4145064200411032","105","true","1745","0.28899200944826803","115","true","1745","0.16732682946530764","125","true","1745","0.16540974100970848","135","true"
"1746","0.14472228822439423","0","true","1746","0.1303525985383147","85","true","1746","0.2401670425991387","55","true","1746","0.28162044469578174","15","true","1746","0.3874421417571353","5","true","1746","0.43391611484876347","25","true","1746","0.2720182285730075","35","true","1746","0.3967291707179016","45","true","1746","0.22005782248684283","65","true","1746","0.18216506560191936","75","true","1746","0.09991000772264146","95","true","1746","0.4142921007792807","105","true","1746","0.28885208422604525","115","true","1746","0.16723419429163341","125","true","1746","0.16532235376442536","135","true"
"1747","0.14463949515332764","0","true","1747","0.13027802611352163","85","true","1747","0.24002964726584403","55","true","1747","0.2814593346015622","15","true","1747","0.3872204929346198","5","true","1747","0.43366787908512","25","true","1747","0.2718626117374394","35","true","1747","0.3965022089497563","45","true","1747","0.21993193128404714","65","true","1747","0.182060852177662","75","true","1747","0.09985285096765138","95","true","1747","0.41405509156830855","105","true","1747","0.2886868370382729","115","true","1747","0.16713852255576864","125","true","1747","0.16522777575883932","135","true"
"1748","0.14456454720241874","0","true","1748","0.13020415462901755","85","true","1748","0.23989613965242093","55","true","1748","0.28130398007532864","15","true","1748","0.3870117925205699","5","true","1748","0.43343927410439903","25","true","1748","0.27170790088040425","35","true","1748","0.3962975325162587","45","true","1748","0.2198216788459878","65","true","1748","0.1819601873444371","75","true","1748","0.09979630203019162","95","true","1748","0.4138412754322701","105","true","1748","0.2885472463059612","115","true","1748","0.16704610097686678","125","true","1748","0.16514059248139007","135","true"
"1749","0.14448193888973165","0","true","1749","0.1301297522549438","85","true","1749","0.23975905614404813","55","true","1749","0.28114323494385707","15","true","1749","0.3867906429248439","5","true","1749","0.43319159451919653","25","true","1749","0.2715526392227583","35","true","1749","0.3960710767833923","45","true","1749","0.2196960664580758","65","true","1749","0.18185621009452602","75","true","1749","0.09973927557188865","95","true","1749","0.4136047947034517","105","true","1749","0.2883823621652149","115","true","1749","0.16695064606202287","125","true","1749","0.16504622642854355","135","true"
"1750","0.14440639175271597","0","true","1750","0.13005604982630928","85","true","1750","0.23962585555880817","55","true","1750","0.280988238389474","15","true","1750","0.38658242637763457","5","true","1750","0.43296352265927923","25","true","1750","0.27139828210314676","35","true","1750","0.3958668803527693","45","true","1750","0.21958607465376978","65","true","1750","0.18175577711267155","75","true","1750","0.09968285608803865","95","true","1750","0.41339147995469877","105","true","1750","0.2882431047603376","115","true","1750","0.16685843734414418","125","true","1750","0.1649592464154491","135","true"
"1751","0.1443239680131311","0","true","1751","0.12998181692115726","85","true","1751","0.23948908281020156","55","true","1751","0.2808278569748681","15","true","1751","0.3863617743077843","5","true","1751","0.43271639736095774","25","true","1751","0.2712433744078824","35","true","1751","0.39564092893704284","45","true","1751","0.21946074013627334","65","true","1751","0.18165203523075793","75","true","1751","0.09962595948068245","95","true","1751","0.41315552591362875","105","true","1751","0.2880785824402689","115","true","1751","0.16676319851004365","125","true","1751","0.16486509159443571","135","true"
"1752","0.14424859718253336","0","true","1752","0.12990828296952847","85","true","1752","0.23935618820014945","55","true","1752","0.28067321716382665","15","true","1752","0.38615403996349085","5","true","1752","0.4324888567850554","25","true","1752","0.2710893698148277","35","true","1752","0.39543721085251654","45","true","1752","0.21935096189927172","65","true","1752","0.1815518333047092","75","true","1752","0.09956966900713415","95","true","1752","0.4129420092582119","105","true","1752","0.2879396572056909","115","true","1752","0.16667120192279117","125","true","1752","0.16477831414543725","135","true"
"1753","0.14416635738938482","0","true","1753","0.12983421895415245","85","true","1753","0.23921972515100456","55","true","1753","0.2805131982258769","15","true","1753","0.38593388372633947","5","true","1753","0.4322422838906511","25","true","1753","0.27093481487194576","35","true","1753","0.39521176204359265","45","true","1753","0.21922590433832573","65","true","1753","0.18144832598811586","75","true","1753","0.09951290180701607","95","true","1753","0.41270658051861203","105","true","1753","0.28777549548550524","115","true","1753","0.1665761784325273","125","true","1753","0.16468436983862683","135","true"
"1754","0.14409116225809473","0","true","1754","0.1297608529033044","85","true","1754","0.23908713546794924","55","true","1754","0.28035891393527473","15","true","1754","0.38572662992863865","5","true","1754","0.4320152727703739","25","true","1754","0.2707811616001002","35","true","1754","0.3950085206559681","45","true","1754","0.21911638501429956","65","true","1754","0.1813483543259388","75","true","1754","0.09945673990248245","95","true","1754","0.4124935629963609","105","true","1754","0.2876369012694024","115","true","1754","0.16648439324883724","125","true","1754","0.1645977942566676","135","true"
"1755","0.14400910578756052","0","true","1755","0.12968695720119547","85","true","1755","0.23895098106278526","55","true","1755","0.28019925623941183","15","true","1755","0.38550696783870203","5","true","1755","0.4317692504054705","25","true","1755","0.2706269582051115","35","true","1755","0.39478357275126646","45","true","1755","0.21899160347385863","65","true","1755","0.18124508077563928","75","true","1755","0.09940010166791384","95","true","1755","0.41225865777825366","105","true","1755","0.28747309893382755","115","true","1755","0.16638958436885498","125","true","1755","0.1645040597496877","135","true"
"1756","0.14393408575124164","0","true","1756","0.1296137584775271","85","true","1756","0.23881869526331234","55","true","1756","0.28004532625192163","15","true","1756","0.3853001929388288","5","true","1756","0.43154276692077986","25","true","1756","0.2704736550546151","35","true","1756","0.39458080641888815","45","true","1756","0.21888234216890617","65","true","1756","0.18114533858900964","75","true","1756","0.09934406789311738","95","true","1756","0.4120454403567384","105","true","1756","0.28733483458965636","115","true","1756","0.1662980098649777","125","true","1756","0.16441768534089457","135","true"
"1757","0.1438522119823274","0","true","1757","0.12954003051479815","85","true","1757","0.2386828484514447","55","true","1757","0.2798860285691845","15","true","1757","0.385081023318272","5","true","1757","0.43129729321945975","25","true","1757","0.27031980200850897","35","true","1757","0.3943563577235418","45","true","1757","0.2187578357171605","65","true","1757","0.18104229800960747","75","true","1757","0.09928755818441821","95","true","1757","0.4118110572848631","105","true","1757","0.2871713904289114","115","true","1757","0.1662034148650545","125","true","1757","0.1643241599226119","135","true"
"1758","0.14377736643940128","0","true","1758","0.12946699854731722","85","true","1758","0.23855086549688953","55","true","1758","0.27973245167302185","15","true","1758","0.3848747256749764","5","true","1758","0.431071335558621","25","true","1758","0.2701668477849583","35","true","1758","0.3941540648122507","45","true","1758","0.21864883154146708","65","true","1758","0.1809427845137904","75","true","1758","0.09923165210207945","95","true","1758","0.4115976422484318","105","true","1758","0.2870334548153788","115","true","1758","0.1661120503205357","125","true","1758","0.16423738435003976","135","true"
"1759","0.14369567475392434","0","true","1759","0.12939343775268808","85","true","1759","0.23841532523240266","55","true","1759","0.2795735127800258","15","true","1759","0.3846560468535702","5","true","1759","0.4308264086634172","25","true","1759","0.2700133438941714","35","true","1759","0.3939301136390619","45","true","1759","0.21852459925081852","65","true","1759","0.18083997611349847","75","true","1759","0.09917527048156691","95","true","1759","0.41136377995169976","105","true","1759","0.28687036762514273","115","true","1759","0.16601766847376265","125","true","1759","0.16414406765438633","135","true"
"1760","0.1436210031055549","0","true","1760","0.1293205719729965","85","true","1760","0.23828364408882316","55","true","1760","0.279420287768918","15","true","1760","0.38445022483307484","5","true","1760","0.4306002459151146","25","true","1760","0.2698607374085886","35","true","1760","0.39372829252215297","45","true","1760","0.21841585131863317","65","true","1760","0.18074069052732802","75","true","1760","0.09911949165639311","95","true","1760","0.41115086128517536","105","true","1760","0.2867321855406065","115","true","1760","0.1659265131714246","125","true","1760","0.16405749290146968","135","true"
"1761","0.14353949288812834","0","true","1761","0.12924717777777914","85","true","1761","0.23814840933054346","55","true","1761","0.2792617064478232","15","true","1761","0.3842320351481526","5","true","1761","0.4303558643907587","25","true","1761","0.26970758148497426","35","true","1761","0.39350483719155016","45","true","1761","0.21829189226567142","65","true","1761","0.18063811351794817","75","true","1761","0.09906323768837019","95","true","1761","0.41091751800408277","105","true","1761","0.28656945444779114","115","true","1761","0.16583234375418768","125","true","1761","0.16396438422218396","135","true"
"1762","0.14346499453820616","0","true","1762","0.12917447762005826","85","true","1762","0.2380170289686934","55","true","1762","0.2791088321209777","15","true","1762","0.38402668712411014","5","true","1762","0.4301302251080087","25","true","1762","0.26955532155377626","35","true","1762","0.39330348624972994","45","true","1762","0.21818339969528386","65","true","1762","0.18053905506380716","75","true","1762","0.09900758568704413","95","true","1762","0.4107044983911255","105","true","1762","0.28643159980361016","115","true","1762","0.1657413969801107","125","true","1762","0.16387800960139326","135","true"
"1763","0.14338366517622303","0","true","1763","0.12910124945814214","85","true","1763","0.23788209868016238","55","true","1763","0.27895060715945785","15","true","1763","0.38380898492052506","5","true","1763","0.42988638711191574","25","true","1763","0.2694025124145734","35","true","1763","0.3930805250897244","45","true","1763","0.21805971296076274","65","true","1763","0.18043670866070977","75","true","1763","0.09895145893778844","95","true","1763","0.4104716727117655","105","true","1763","0.2862692236132453","115","true","1763","0.1656474392720721","125","true","1763","0.16378510823540607","135","true"
"1764","0.14330933953135","0","true","1764","0.129028714359138","85","true","1764","0.23775101807546478","55","true","1764","0.2787980823215313","15","true","1764","0.3836041092739759","5","true","1764","0.4296612695038651","25","true","1764","0.26925059785954136","35","true","1764","0.39287964271106873","45","true","1764","0.21795147487448038","65","true","1764","0.18033787656450956","75","true","1764","0.09889593332895712","95","true","1764","0.41025914708437095","105","true","1764","0.28613102155339337","115","true","1764","0.16555670031557598","125","true","1764","0.16369893306233682","135","true"
"1765","0.14322819041496757","0","true","1765","0.12895565166697542","85","true","1765","0.23761639122491243","55","true","1765","0.27864021251274224","15","true","1765","0.38338689290405864","5","true","1765","0.4294179732017677","25","true","1765","0.26909813432734453","35","true","1765","0.39265717405721196","45","true","1765","0.21782805954329437","65","true","1765","0.18023575998661348","75","true","1765","0.0988399333667097","95","true","1765","0.41002683726155986","105","true","1765","0.2859689994573835","115","true","1765","0.1654629535996555","125","true","1765","0.1636062383097534","135","true"
"1766","0.14315403688444145","0","true","1766","0.1288832810659844","85","true","1766","0.23748560935743307","55","true","1766","0.2784880359738098","15","true","1766","0.38318171479350205","5","true","1766","0.42919337548569575","25","true","1766","0.26894656397559336","35","true","1766","0.3924567586371244","45","true","1766","0.21772007506741953","65","true","1766","0.18013715347777406","75","true","1766","0.0987845337209733","95","true","1766","0.4098148039299803","105","true","1766","0.28583112372932307","115","true","1766","0.1653724217532813","125","true","1766","0.16352026190310848","135","true"
"1767","0.1430730674065656","0","true","1767","0.12881038328257605","85","true","1767","0.23735128491775126","55","true","1767","0.27833052011635856","15","true","1767","0.3829649830543655","5","true","1767","0.4289506190515975","25","true","1767","0.26879444487832205","35","true","1767","0.3922347808324654","45","true","1767","0.21759693022858048","65","true","1767","0.18003526594752645","75","true","1767","0.09872866011592751","95","true","1767","0.4095830082264","105","true","1767","0.28566945454169335","115","true","1767","0.16527888531563803","125","true","1767","0.16342777306719045","135","true"
"1768","0.1429990854023648","0","true","1768","0.12873817662143036","85","true","1768","0.2372208007721725","55","true","1768","0.278178690691883","15","true","1768","0.3827602754164323","5","true","1768","0.42872653945286987","25","true","1768","0.2686432175622704","35","true","1768","0.39203483077363555","45","true","1768","0.21748867538279062","65","true","1768","0.17993688425895654","75","true","1768","0.09867338600582835","95","true","1768","0.4093714655085561","105","true","1768","0.2855319040235661","115","true","1768","0.16518855987512973","125","true","1768","0.16334199474876251","135","true"
"1769","0.14291829495863465","0","true","1769","0.1286654431883109","85","true","1769","0.23708677772088876","55","true","1769","0.2780215275897972","15","true","1769","0.3825440266732592","5","true","1769","0.4284843210689982","25","true","1769","0.26849144173313916","35","true","1769","0.3918133421686787","45","true","1769","0.21736580042494724","65","true","1769","0.17983522500231305","75","true","1769","0.09861763833011884","95","true","1769","0.40914018219470943","105","true","1769","0.28537058656366576","115","true","1769","0.16509523300514378","125","true","1769","0.1632497111359101","135","true"
"1770","0.14284448389540294","0","true","1770","0.12859339991136431","85","true","1770","0.23695659028648336","55","true","1770","0.2778700441005986","15","true","1770","0.3823397879069562","5","true","1770","0.42826075782102163","25","true","1770","0.26834055629047954","35","true","1770","0.3916138558810411","45","true","1770","0.21725779834002426","65","true","1770","0.17973706737039044","75","true","1770","0.09856248933013037","95","true","1770","0.40892912841614687","105","true","1770","0.2852333601387143","115","true","1770","0.16500511326943024","125","true","1770","0.16316413023056414","135","true"
"1771","0.1427638718841753","0","true","1771","0.12852083027258815","85","true","1771","0.2368228676057348","55","true","1771","0.2777132325632958","15","true","1771","0.3821240205322909","5","true","1771","0.4280190756777818","25","true","1771","0.268189122567968","35","true","1771","0.3913928548337042","45","true","1771","0.21713519235901974","65","true","1771","0.1796356356167954","75","true","1771","0.09850686715782217","95","true","1771","0.4086983557703138","105","true","1771","0.28507239323118677","115","true","1771","0.1649119952596845","125","true","1771","0.16307205115029857","135","true"
"1772","0.14269023117920693","0","true","1772","0.12844894982670166","85","true","1772","0.23669297587634006","55","true","1772","0.27756209383552133","15","true","1772","0.38192024904386357","5","true","1772","0.4277960270219582","25","true","1772","0.26803857784163687","35","true","1772","0.39119383073439723","45","true","1772","0.2170268792318648","65","true","1772","0.17953770128134733","75","true","1772","0.09845184284433807","95","true","1772","0.4084877892641605","105","true","1772","0.28493548978772565","115","true","1772","0.16482208053086148","125","true","1772","0.16298666698595446","135","true"
"1773","0.14260979700154108","0","true","1773","0.12837654342882865","85","true","1773","0.2365595525528472","55","true","1773","0.2774056326777786","15","true","1773","0.3817049614175705","5","true","1773","0.42755487931788716","25","true","1773","0.2678874850694601","35","true","1773","0.39097331560996973","45","true","1773","0.21690454164492465","65","true","1773","0.1794364962637141","75","true","1773","0.09839634575141568","95","true","1773","0.40825752557235434","105","true","1773","0.2847748722624789","115","true","1773","0.16472917067712367","125","true","1773","0.16289479175090038","135","true"
"1774","0.14253632607476574","0","true","1774","0.12830482526335657","85","true","1774","0.23642995552683932","55","true","1774","0.27725483754287233","15","true","1774","0.38150165562046234","5","true","1774","0.42733234350356863","25","true","1774","0.26773727990760854","35","true","1774","0.39077475212329504","45","true","1774","0.2167964805047942","65","true","1774","0.17933878446799786","75","true","1774","0.09834144570273912","95","true","1774","0.4080474446792772","105","true","1774","0.284638290693866","115","true","1774","0.16463946026043597","125","true","1774","0.16280960365851577","135","true"
"1775","0.14245606913440834","0","true","1775","0.128232581555438","85","true","1775","0.23629683055188053","55","true","1775","0.2770987255847964","15","true","1775","0.3812868461296851","5","true","1775","0.42709172844528964","25","true","1775","0.2675865269346876","35","true","1775","0.39055472129439683","45","true","1775","0.21667441041441987","65","true","1775","0.1792378054226893","75","true","1775","0.09828607326709568","95","true","1775","0.40781768823520104","105","true","1775","0.28447802138604283","115","true","1775","0.1645467578616407","125","true","1775","0.16271793158438372","135","true"
"1776","0.1423827674083762","0","true","1776","0.12816102512221372","85","true","1776","0.23616752723214895","55","true","1776","0.2769482728794696","15","true","1776","0.3810840044444971","5","true","1776","0.42686826101018255","25","true","1776","0.2674366601906517","35","true","1776","0.3903558898330705","45","true","1776","0.2165666004017575","65","true","1776","0.17914031541337286","75","true","1776","0.0982312970634285","95","true","1776","0.40760809130336384","105","true","1776","0.28434115031305096","115","true","1776","0.16445725106546444","125","true","1776","0.16263220204301612","135","true"
"1777","0.14230268711174607","0","true","1777","0.12808894355577827","85","true","1777","0.2360346996015347","55","true","1777","0.27679250894646656","15","true","1777","0.38086967148361717","5","true","1777","0.42662817762378763","25","true","1777","0.2672862458710844","35","true","1777","0.3901363420885075","45","true","1777","0.2164447969144674","65","true","1777","0.17903956158018197","75","true","1777","0.09817604886485515","95","true","1777","0.4073788404083676","105","true","1777","0.2841812284062383","115","true","1777","0.16436475542369533","125","true","1777","0.16254073286301443","135","true"
"1778","0.14222955401161314","0","true","1778","0.12801754830910042","85","true","1778","0.23590568899545677","55","true","1778","0.27664239751266817","15","true","1778","0.3806665482453218","5","true","1778","0.4264052219850221","25","true","1778","0.2671367164033564","35","true","1778","0.38993724180112127","45","true","1778","0.21633723717360115","65","true","1778","0.17894229260732486","75","true","1778","0.09812139608828722","95","true","1778","0.4071697257933884","105","true","1778","0.2840446780387696","115","true","1778","0.16427545155952036","125","true","1778","0.1624551993069218","135","true"
"1779","0.1421496497677864","0","true","1779","0.12794562833814024","85","true","1779","0.23577315770950427","55","true","1779","0.27648698043541386","15","true","1779","0.38045269063394804","5","true","1779","0.4261656684895249","25","true","1779","0.2669866395963882","35","true","1779","0.3897181759349409","45","true","1779","0.21621569939990812","65","true","1779","0.17884176322945558","75","true","1779","0.09806627170846234","95","true","1779","0.4069409787564258","105","true","1779","0.28388510237695","115","true","1779","0.16418316197999255","125","true","1779","0.162363932341019","135","true"
"1780","0.14207668472129986","0","true","1780","0.12787439373475884","85","true","1780","0.23564443882891997","55","true","1780","0.2763372091203008","15","true","1780","0.38025002962323623","5","true","1780","0.4259432229127537","25","true","1780","0.2668374462685873","35","true","1780","0.3895195340230338","45","true","1780","0.21610838907902855","65","true","1780","0.17874471454648977","75","true","1780","0.09801174194296097","95","true","1780","0.40673234482133547","105","true","1780","0.28374887162024176","115","true","1780","0.16409406036240495","125","true","1780","0.16227859410645032","135","true"
"1781","0.141996955941995","0","true","1781","0.12780263481571577","85","true","1781","0.23551220289242789","55","true","1781","0.27618213773471145","15","true","1781","0.3800366457682288","5","true","1781","0.42570419753513716","25","true","1781","0.2666877058385825","35","true","1781","0.38930094842593893","45","true","1781","0.2159871161334174","65","true","1781","0.17864440887053776","75","true","1781","0.09795674096543967","95","true","1781","0.40650409995892167","105","true","1781","0.28358964105255363","115","true","1781","0.16400197615344736","125","true","1781","0.16218752867765882","135","true"
"1782","0.1419241583794786","0","true","1782","0.1277315603148185","85","true","1782","0.2353837747536149","55","true","1782","0.2760327053906197","15","true","1782","0.3798344454231856","5","true","1782","0.42548226029381625","25","true","1782","0.2665388475194262","35","true","1782","0.38910276333474575","45","true","1782","0.2158800543845559","65","true","1782","0.1785475797342488","75","true","1782","0.09790233379683905","95","true","1782","0.40629594507412164","105","true","1782","0.2834537288167863","115","true","1782","0.16391307610011197","125","true","1782","0.1621023851038487","135","true"
"1783","0.14184460447904168","0","true","1783","0.12765996190657028","85","true","1783","0.2352518331758382","55","true","1783","0.27587797853782225","15","true","1783","0.37962153373853136","5","true","1783","0.4252437612689879","25","true","1783","0.26638944233583906","35","true","1783","0.3888846564046254","45","true","1783","0.21575904538546142","65","true","1783","0.17844749701018253","75","true","1783","0.09784745580704261","95","true","1783","0.40606820071029087","105","true","1783","0.2832948421974944","115","true","1783","0.16382119657315003","125","true","1783","0.16201152053820753","135","true"
"1784","0.14177197383338133","0","true","1784","0.12758904696976875","85","true","1784","0.23512369479948697","55","true","1784","0.27572888402223755","15","true","1784","0.37941979250425556","5","true","1784","0.4250216348778272","25","true","1784","0.26624091789911475","35","true","1784","0.3886869265863754","45","true","1784","0.21565223136446865","65","true","1784","0.17835088668069074","75","true","1784","0.09779317082303335","95","true","1784","0.40586052325351224","105","true","1784","0.28315924739776444","115","true","1784","0.16373249740479334","125","true","1784","0.16192657096735932","135","true"
"1785","0.14169259422877137","0","true","1785","0.12751760853361546","85","true","1785","0.23499204659411213","55","true","1785","0.2755745005485409","15","true","1785","0.37920735141102807","5","true","1785","0.42478366083814195","25","true","1785","0.26609184683646125","35","true","1785","0.3884692967282643","45","true","1785","0.2155314854342534","65","true","1785","0.17825102616183258","75","true","1785","0.09773841540823881","95","true","1785","0.4056332777197757","105","true","1785","0.28300070358623153","115","true","1785","0.16364082187433152","125","true","1785","0.16183590659391736","135","true"
"1786","0.14162012993540066","0","true","1786","0.12744685262493177","85","true","1786","0.23486419700530115","55","true","1786","0.27542574272407","15","true","1786","0.3790060677395928","5","true","1786","0.4245620405204078","25","true","1786","0.2659436551609976","35","true","1786","0.38827202064214245","45","true","1786","0.2154249183007778","65","true","1786","0.17815463390257436","75","true","1786","0.09768425219835761","95","true","1786","0.405426076076038","105","true","1786","0.2828654251425232","115","true","1786","0.16355232291472444","125","true","1786","0.16175115037118667","135","true"
"1787","0.14154092404617502","0","true","1787","0.12737557362458227","85","true","1787","0.23473284119042123","55","true","1787","0.27527170148093577","15","true","1787","0.37879409566591293","5","true","1787","0.4243245897147476","25","true","1787","0.265794917098827","35","true","1787","0.3880548662681815","45","true","1787","0.21530443456571025","65","true","1787","0.17805499484558185","75","true","1787","0.09762961894768739","95","true","1787","0.4051993277113422","105","true","1787","0.28270722300318174","115","true","1787","0.16346085069832916","125","true","1787","0.1616606855219858","135","true"
"1788","0.14146862554306106","0","true","1788","0.1273049762104354","85","true","1788","0.23460455646876333","55","true","1788","0.27512327921527796","15","true","1788","0.37859326801632676","5","true","1788","0.42410347376356394","25","true","1788","0.265647057068466","35","true","1788","0.387858042380289","45","true","1788","0.2151981134831768","65","true","1788","0.17795881992329107","75","true","1788","0.09757557710330664","95","true","1788","0.4049926002729124","105","true","1788","0.2825722598403401","115","true","1788","0.16337255127426997","125","true","1788","0.1615761219954638","135","true"
"1789","0.14138959279136104","0","true","1789","0.12723385611199384","85","true","1789","0.2344734924707361","55","true","1789","0.27496957905929176","15","true","1789","0.3783817633973232","5","true","1789","0.42386654444861227","25","true","1789","0.2654986508913328","35","true","1789","0.38764136190968546","45","true","1789","0.21507789107340966","65","true","1789","0.1778594015881384","75","true","1789","0.0975210656077182","95","true","1789","0.4047663474235979","105","true","1789","0.28241439824266396","115","true","1789","0.16328128169255252","125","true","1789","0.1614858560055222","135","true"
"1790","0.14131745951899025","0","true","1790","0.12716341666118638","85","true","1790","0.2343454958105874","55","true","1790","0.27482149122521016","15","true","1790","0.3781813902354912","5","true","1790","0.4236459311647477","25","true","1790","0.2653511213949015","35","true","1790","0.3874435456110095","45","true","1790","0.21497181520899872","65","true","1790","0.17776344327282806","75","true","1790","0.09746714472203578","95","true","1790","0.4045600925899502","105","true","1790","0.28227974929036737","115","true","1790","0.16319318113385006","125","true","1790","0.1614014845262194","135","true"
"1791","0.14123859932952654","0","true","1791","0.12709245493313887","85","true","1791","0.2342147226544431","55","true","1791","0.2746681310180532","15","true","1791","0.3779703515132616","5","true","1791","0.42340952160494594","25","true","1791","0.2652030459923374","35","true","1791","0.3872273382752891","45","true","1791","0.21485185325854725","65","true","1791","0.17766424492278743","75","true","1791","0.09741275457431144","95","true","1791","0.4043343336097102","105","true","1791","0.2821222271088437","115","true","1791","0.16310211351044945","125","true","1791","0.16131141673351504","135","true"
"1792","0.14116663073089059","0","true","1792","0.12702217291684367","85","true","1792","0.2340870130902992","55","true","1792","0.2745203764933466","15","true","1792","0.377770431311947","5","true","1792","0.42318940929677096","25","true","1792","0.26505584592362047","35","true","1792","0.3870299735417173","45","true","1792","0.21474602178317348","65","true","1792","0.17756850248773143","75","true","1792","0.09735895424234056","95","true","1792","0.40412854978748536","105","true","1792","0.2819878913015769","115","true","1792","0.16301421114990625","125","true","1792","0.16122723665534475","135","true"
"1793","0.14108794253092913","0","true","1793","0.12695136903004497","85","true","1793","0.2339565298054105","55","true","1793","0.2743673551017673","15","true","1793","0.3775598569355189","5","true","1793","0.42295351776427553","25","true","1793","0.26490810019010674","35","true","1793","0.3868142377705123","45","true","1793","0.21462631942989413","65","true","1793","0.17746952338935476","75","true","1793","0.09730468503707727","95","true","1793","0.4039032830373251","105","true","1793","0.2818307074156786","115","true","1793","0.16292334481147264","125","true","1793","0.16113736640079884","135","true"
"1794","0.14101613805151095","0","true","1794","0.12688124392179195","85","true","1794","0.23382910637607293","55","true","1794","0.2742199327692421","15","true","1794","0.3773603881743048","5","true","1794","0.42273390474772005","25","true","1794","0.26476122844781863","35","true","1794","0.38661732308149316","45","true","1794","0.21452015216361858","65","true","1794","0.17737399611106952","75","true","1794","0.09725100485563629","95","true","1794","0.4036979686402906","105","true","1794","0.2816966836927058","115","true","1794","0.16283563998486816","125","true","1794","0.1610533770805612","135","true"
"1795","0.14093762127085865","0","true","1795","0.12681059734945244","85","true","1795","0.2336989119961308","55","true","1795","0.2740672490650276","15","true","1795","0.3771502765995975","5","true","1795","0.4224985295223594","25","true","1795","0.2646138112827586","35","true","1795","0.38640205731140326","45","true","1795","0.21440070887176801","65","true","1795","0.17727523553417027","75","true","1795","0.0971968561892356","95","true","1795","0.40347319248848645","105","true","1795","0.2815398369868635","115","true","1795","0.16274497426104584","125","true","1795","0.1609637037080219","135","true"
"1796","0.1408659803586185","0","true","1796","0.12674062862511543","85","true","1796","0.23357177374468302","55","true","1796","0.2739201578124701","15","true","1796","0.3769512577648488","5","true","1796","0.422278018188607","25","true","1796","0.2644672667705161","35","true","1796","0.38620559115317826","45","true","1796","0.21429367845645933","65","true","1796","0.17717992269239685","75","true","1796","0.09714329575693804","95","true","1796","0.403268345937497","105","true","1796","0.2814061242922017","115","true","1796","0.16265746630712008","125","true","1796","0.16087990450538758","135","true"
"1797","0.14078763442960923","0","true","1797","0.12667013884278777","85","true","1797","0.2334418673076726","55","true","1797","0.2737678106724187","15","true","1797","0.37674160745463475","5","true","1797","0.42204315833421957","25","true","1797","0.26432017707820765","35","true","1797","0.38599079382773155","45","true","1797","0.21417449398568267","65","true","1797","0.17708137991003178","75","true","1797","0.09708926722759603","95","true","1797","0.40304405875955623","105","true","1797","0.2812496136557766","115","true","1797","0.16256700053053103","125","true","1797","0.16079042736161375","135","true"
"1798","0.14071615653497094","0","true","1798","0.12660032598057158","85","true","1798","0.23331501328145626","55","true","1798","0.2736210493925669","15","true","1798","0.3765430370394605","5","true","1798","0.4218231452738722","25","true","1798","0.26417395870450266","35","true","1798","0.3857947746932976","45","true","1798","0.21406770830395747","65","true","1798","0.17698561778323563","75","true","1798","0.09703582614484058","95","true","1798","0.40283967848251395","105","true","1798","0.2811162109381689","115","true","1798","0.16247968879096789","125","true","1798","0.1607068176391082","135","true"
"1799","0.1406379808924515","0","true","1799","0.12652999246613794","85","true","1799","0.23318539382963324","55","true","1799","0.2734690376984599","15","true","1799","0.3763338464633275","5","true","1799","0.4215887990820534","25","true","1799","0.2640271953941113","35","true","1799","0.38558044426291244","45","true","1799","0.21394878179934415","65","true","1799","0.17688729244002271","75","true","1799","0.09698191735253787","95","true","1799","0.4026158786611348","105","true","1799","0.28096003526542546","115","true","1799","0.16238942229719514","125","true","1799","0.16061753607375318","135","true"
"1800","0.14056666546828872","0","true","1800","0.12646033494656533","85","true","1800","0.23305882308022446","55","true","1800","0.27332260528897667","15","true","1800","0.37613572296754344","5","true","1800","0.4213692826265771","25","true","1800","0.2638813020722839","35","true","1800","0.3853848706519842","45","true","1800","0.21384166957804648","65","true","1800","0.176791744423012","75","true","1800","0.09692859522149845","95","true","1800","0.4024119630929501","105","true","1800","0.280826941478315","115","true","1800","0.16230230611660615","125","true","1800","0.16053411519674063","135","true"
"1801","0.14048865954960488","0","true","1801","0.12639015718022428","85","true","1801","0.23292948966009114","55","true","1801","0.27317092792755104","15","true","1801","0.37592699060185664","5","true","1801","0.42113544839648465","25","true","1801","0.2637348640578153","35","true","1801","0.3851710055739309","45","true","1801","0.2137230005050287","65","true","1801","0.1766936357968061","75","true","1801","0.0968748057679904","95","true","1801","0.40218864901798174","105","true","1801","0.28067109966839365","115","true","1801","0.1622122382441774","125","true","1801","0.16044502856233622","135","true"
"1802","0.14041750605122758","0","true","1802","0.12632065448612315","85","true","1802","0.23280320124327714","55","true","1802","0.27302482329099614","15","true","1802","0.3757293125319478","5","true","1802","0.4209164268847669","25","true","1802","0.2635892947060267","35","true","1802","0.3849758759929033","45","true","1802","0.21361557028914668","65","true","1802","0.17659830117562303","75","true","1802","0.09682160219260634","95","true","1802","0.4019845187695591","105","true","1802","0.2805383137698973","115","true","1802","0.1621253169700855","125","true","1802","0.16036179589900393","135","true"
"1803","0.14033966929621025","0","true","1803","0.12625063195037695","85","true","1803","0.23267415290555915","55","true","1803","0.2728734791539169","15","true","1803","0.3755210368598126","5","true","1803","0.4206831029230791","25","true","1803","0.26344318090630053","35","true","1803","0.3847624747312664","45","true","1803","0.21349715811049416","65","true","1803","0.1765004085474769","75","true","1803","0.0967679316814131","95","true","1803","0.40176168921370015","105","true","1803","0.2803828047267876","115","true","1803","0.16203544706045683","125","true","1803","0.16027290355094462","135","true"
"1804","0.14026867718135103","0","true","1804","0.12618128356686753","85","true","1804","0.23254814588131476","55","true","1804","0.27272770119772033","15","true","1804","0.3753238027288964","5","true","1804","0.4204645747013872","25","true","1804","0.26329793444750643","35","true","1804","0.3845677876931777","45","true","1804","0.21338941876021672","65","true","1804","0.17640528661133079","75","true","1804","0.09671484626737936","95","true","1804","0.40155802169120614","105","true","1804","0.2802497161207382","115","true","1804","0.161948069800387","125","true","1804","0.16018985847228712","135","true"
"1805","0.14019100903230267","0","true","1805","0.12611141574650933","85","true","1805","0.2324193816809375","55","true","1805","0.27257668918155326","15","true","1805","0.37511598224012077","5","true","1805","0.4202317593222613","25","true","1805","0.26315214378612906","35","true","1805","0.3843548487188182","45","true","1805","0.21327126293587553","65","true","1805","0.17630760926547734","75","true","1805","0.09666129430377617","95","true","1805","0.40133567505682566","105","true","1805","0.280094539090771","115","true","1805","0.16185839755797263","125","true","1805","0.1601011597688141","135","true"
"1806","0.14012017776110341","0","true","1806","0.12604222116099156","85","true","1806","0.23229365511340208","55","true","1806","0.27243123681798803","15","true","1806","0.3749191905679105","5","true","1806","0.4200137227442021","25","true","1806","0.26300721914805314","35","true","1806","0.3841606027433131","45","true","1806","0.21316318292038006","65","true","1806","0.17621269930672706","75","true","1806","0.09660832665853362","95","true","1806","0.40113246871263925","105","true","1806","0.2799617573152961","115","true","1806","0.16177121498745597","125","true","1806","0.16001830164861783","135","true"
"1807","0.14004267766278422","0","true","1807","0.12597250754309278","85","true","1807","0.2321651741094677","55","true","1807","0.27228055582417277","15","true","1807","0.37471182375896805","5","true","1807","0.419781414269233","25","true","1807","0.2628617505533916","35","true","1807","0.38394812453383115","45","true","1807","0.21304528292982675","65","true","1807","0.17611523653056183","75","true","1807","0.09655489284954108","95","true","1807","0.40091060340914775","105","true","1807","0.2798069112105863","115","true","1807","0.16168173975792752","125","true","1807","0.15992979595080334","135","true"
"1808","0.13997200669778284","0","true","1808","0.1259034662452336","85","true","1808","0.23203897087523753","55","true","1808","0.2721354279703281","15","true","1808","0.37451547307173605","5","true","1808","0.41956386769571175","25","true","1808","0.26271714666849916","35","true","1808","0.3837543181471243","45","true","1808","0.21293744732562872","65","true","1808","0.17602053784469845","75","true","1808","0.09650204258226688","95","true","1808","0.40070717821781826","105","true","1808","0.2796744352346864","115","true","1808","0.16159475122994327","125","true","1808","0.15984712416563107","135","true"
"1809","0.13989467409739734","0","true","1809","0.12583390631913127","85","true","1809","0.23191077254878714","55","true","1809","0.27198507690515106","15","true","1809","0.3743085584457295","5","true","1809","0.4193320644538909","25","true","1809","0.2625719990736547","35","true","1809","0.38354229918682203","45","true","1809","0.21281980232710626","65","true","1809","0.17592328892876216","75","true","1809","0.09644872653664133","95","true","1809","0.40048579303648246","105","true","1809","0.27951991897212575","115","true","1809","0.16150547236186044","125","true","1809","0.15975881083736276","135","true"
"1810","0.13982416290351435","0","true","1810","0.12576501780085228","85","true","1810","0.2317848491643798","55","true","1810","0.2718402724829059","15","true","1810","0.3741126472762709","5","true","1810","0.41911500625307113","25","true","1810","0.2624277148791264","35","true","1810","0.3833489309216615","45","true","1810","0.21271221031860738","65","true","1810","0.17582880081439162","75","true","1810","0.09639599325823926","95","true","1810","0.40028282707251656","105","true","1810","0.27938774776938446","115","true","1810","0.16141867723224837","125","true","1810","0.15967632476653826","135","true"
"1811","0.13974699725069784","0","true","1811","0.12569561105813656","85","true","1811","0.23165693258095577","55","true","1811","0.27169025025747384","15","true","1811","0.3739061833428955","5","true","1811","0.41888370658074603","25","true","1811","0.26228288722190835","35","true","1811","0.383137369701506","45","true","1811","0.21259481947406067","65","true","1811","0.17573176505235277","75","true","1811","0.09634279458646319","95","true","1811","0.4000619204350593","105","true","1811","0.27923356027061547","115","true","1811","0.16132959407704292","125","true","1811","0.15958820317450376","135","true"
"1812","0.13967664529522325","0","true","1812","0.1256268748136014","85","true","1812","0.2315312881191831","55","true","1812","0.2715457681934703","15","true","1812","0.37371071023049246","5","true","1812","0.4186671351280094","25","true","1812","0.2621389216596144","35","true","1812","0.38294372747264055","45","true","1812","0.21248747024927386","65","true","1812","0.1756374868111787","75","true","1812","0.09629017790955424","95","true","1812","0.39985941216802073","105","true","1812","0.2791016928191742","115","true","1812","0.1612429917044877","125","true","1812","0.15950590220009653","135","true"
"1813","0.13959964604202854","0","true","1813","0.12555762074810328","85","true","1813","0.23140365234844484","55","true","1813","0.2713960737236834","15","true","1813","0.37350469550599935","5","true","1813","0.41843633736884295","25","true","1813","0.26199441288251424","35","true","1813","0.382732622881972","45","true","1813","0.2123703327243294","65","true","1813","0.1755406634998164","75","true","1813","0.09623709622382681","95","true","1813","0.39963898250309904","105","true","1813","0.27894783301056386","115","true","1813","0.16115410361644775","125","true","1813","0.15941797171376793","135","true"
"1814","0.13952945279460885","0","true","1814","0.12548903627370533","85","true","1814","0.23127828588620722","55","true","1814","0.27125191294930073","15","true","1814","0.3733096589963852","5","true","1814","0.41822025104674954","25","true","1814","0.2618507648989883","35","true","1814","0.38253941703397554","45","true","1814","0.212263225474859","65","true","1814","0.17544659443662297","75","true","1814","0.09618459576273959","95","true","1814","0.39943693040932","105","true","1814","0.278815048025355","115","true","1814","0.16106769336246315","125","true","1814","0.15933585522057805","135","true"
"1815","0.1394526193954929","0","true","1815","0.12541993438148413","85","true","1815","0.23115093000190864","55","true","1815","0.27110254515582644","15","true","1815","0.3731040920035457","5","true","1815","0.4179899535516797","25","true","1815","0.2617065739491541","35","true","1815","0.3823287675752564","45","true","1815","0.21214634043880456","65","true","1815","0.17534998287580986","75","true","1815","0.09613163067696716","95","true","1815","0.3992169761524867","105","true","1815","0.2786615155099226","115","true","1815","0.1609789996987173","125","true","1815","0.15924811521219667","135","true"
"1816","0.13938258432811798","0","true","1816","0.12535150117583438","85","true","1816","0.23102584062017237","55","true","1816","0.2709587046071546","15","true","1816","0.37290872030466077","5","true","1816","0.41777435074992825","25","true","1816","0.26156324249556784","35","true","1816","0.38213528812033176","45","true","1816","0.21203947435982645","65","true","1816","0.17525612229844492","75","true","1816","0.0960792460477286","95","true","1816","0.39901537871503023","105","true","1816","0.27852903426025094","115","true","1816","0.16089278092763074","125","true","1816","0.15916618258773987","135","true"
"1817","0.1393059162399287","0","true","1817","0.1252825509551656","85","true","1817","0.2308987637001393","55","true","1817","0.2708096624154015","15","true","1817","0.37270359999646235","5","true","1817","0.4175445518771285","25","true","1817","0.2614193683247782","35","true","1817","0.3819250926923228","45","true","1817","0.21192284098559114","65","true","1817","0.17515972179113004","75","true","1817","0.09602639717751534","95","true","1817","0.39879589830869633","105","true","1817","0.27837582797077887","115","true","1817","0.16080428104813257","125","true","1817","0.15907863243230108","135","true"
"1818","0.13923603882691898","0","true","1818","0.12521367654562454","85","true","1818","0.23077395048391441","55","true","1818","0.2706661410332155","15","true","1818","0.3725086632813074","5","true","1818","0.41732873322211667","25","true","1818","0.2612763523569157","35","true","1818","0.3817320478903903","45","true","1818","0.21181621527583303","65","true","1818","0.17506606901048824","75","true","1818","0.09597412799784134","95","true","1818","0.3985947540173195","105","true","1818","0.2782418267834158","115","true","1818","0.16071825312706953","125","true","1818","0.1589968830667936","135","true"
"1819","0.13915953550888222","0","true","1819","0.12514487782224784","85","true","1819","0.23064715161002217","55","true","1819","0.2705174233733072","15","true","1819","0.3723039881915924","5","true","1819","0.41709943172034625","25","true","1819","0.26113279392155475","35","true","1819","0.381522305006934","45","true","1819","0.21169983273996718","65","true","1819","0.17496987886268028","75","true","1819","0.0959213949604799","95","true","1819","0.39837574591071656","105","true","1819","0.27808894665880957","115","true","1819","0.1606299463945821","125","true","1819","0.1589095221420316","135","true"
"1820","0.13908981522687586","0","true","1820","0.12507615466034655","85","true","1820","0.23052261364834017","55","true","1820","0.2703742201030413","15","true","1820","0.37210948502132213","5","true","1820","0.4168840945356621","25","true","1820","0.26099009239978727","35","true","1820","0.38132969341603357","45","true","1820","0.2115934466016891","65","true","1820","0.17487643319268636","75","true","1820","0.09586924084976602","95","true","1820","0.3981750532618332","105","true","1820","0.277955250185168","115","true","1820","0.1605441086934508","125","true","1820","0.15882795542837547","135","true"
"1821","0.1390134761405823","0","true","1821","0.12500750693550552","85","true","1821","0.23039609190649146","55","true","1821","0.27022582590979044","15","true","1821","0.37190525369035543","5","true","1821","0.41665528877576324","25","true","1821","0.2608468486608192","35","true","1821","0.38112040159747373","45","true","1821","0.2114773140843446","65","true","1821","0.1747804527134368","75","true","1821","0.09581662326422828","95","true","1821","0.397956515910976","105","true","1821","0.27780269516311246","115","true","1821","0.1604559944735312","125","true","1821","0.15874078311474848","135","true"
"1822","0.13894391246852233","0","true","1822","0.1249389345235826","85","true","1822","0.2302718282923832","55","true","1822","0.27008293970151254","15","true","1822","0.37171118263245045","5","true","1822","0.4164404314689255","25","true","1822","0.26070446055007984","35","true","1822","0.38092822178199354","45","true","1822","0.21137056341967544","65","true","1822","0.17468721347102883","75","true","1822","0.09576458384354056","95","true","1822","0.39775627340762065","105","true","1822","0.2776693023891104","115","true","1822","0.16037034636500727","125","true","1822","0.15865939844851668","135","true"
"1823","0.1388677370779146","0","true","1823","0.12487043730070782","85","true","1823","0.23014558277248606","55","true","1823","0.26993486791439547","15","true","1823","0.3715073936068844","5","true","1823","0.41621211982886575","25","true","1823","0.26056153047302383","35","true","1823","0.3807193795551394","45","true","1823","0.21125468043534448","65","true","1823","0.17459144197241533","75","true","1823","0.09571208133046845","95","true","1823","0.39753820527527","105","true","1823","0.2775170714119234","115","true","1823","0.16028242402599138","125","true","1823","0.15857241412919185","135","true"
"1824","0.13879832949703647","0","true","1824","0.12480201514328278","85","true","1824","0.23002159260295985","55","true","1824","0.2697922977227816","15","true","1824","0.371313753235116","5","true","1824","0.4159963536958956","25","true","1824","0.2604194547427827","35","true","1824","0.3805269282003014","45","true","1824","0.21114816874874567","65","true","1824","0.1744984084775284","75","true","1824","0.09566015622253422","95","true","1824","0.39733841142706117","105","true","1824","0.27738398132794834","115","true","1824","0.16019696488550283","125","true","1824","0.15849121090861376","135","true"
"1825","0.13872231726839623","0","true","1825","0.12473366792797977","85","true","1825","0.22989562239890565","55","true","1825","0.2696445472859126","15","true","1825","0.37111040506795545","5","true","1825","0.4157685353203776","25","true","1825","0.2602768372976881","35","true","1825","0.3803185344827766","45","true","1825","0.21103253448327539","65","true","1825","0.17440284527463817","75","true","1825","0.09560776840423055","95","true","1825","0.3971208109826871","105","true","1825","0.2772320733425552","115","true","1825","0.16010923379848996","125","true","1825","0.1584044139694524","135","true"
"1826","0.13865306526221502","0","true","1826","0.12466539553174114","85","true","1826","0.22977190477492548","55","true","1826","0.26950229207022197","15","true","1826","0.3709164356558684","5","true","1826","0.41555324817852646","25","true","1826","0.2601350729219274","35","true","1826","0.38012651320335294","45","true","1826","0.21092626098459408","65","true","1826","0.17431001685018777","75","true","1826","0.09555595723342938","95","true","1826","0.39692146430579134","105","true","1826","0.277098699545628","115","true","1826","0.16002396300420202","125","true","1826","0.15832339159539918","135","true"
"1827","0.13857721566415035","0","true","1827","0.12459719783177849","85","true","1827","0.2296462089845672","55","true","1827","0.269354861932328","15","true","1827","0.37071352732126456","5","true","1827","0.41532592145632813","25","true","1827","0.2599927670833487","35","true","1827","0.3799185665331104","45","true","1827","0.2108108746273815","65","true","1827","0.17421466126110122","75","true","1827","0.09550368373384874","95","true","1827","0.39670433002553657","105","true","1827","0.2769471138237759","115","true","1827","0.15993642254304","125","true","1827","0.15823678142494216","135","true"
"1828","0.1385081187184484","0","true","1828","0.12452907470557192","85","true","1828","0.22952276301103114","55","true","1828","0.26921292065637764","15","true","1828","0.3705199870051703","5","true","1828","0.41511111172735166","25","true","1828","0.25985131304053816","35","true","1828","0.3797269739089675","45","true","1828","0.21070483852993216","65","true","1828","0.17412203723296707","75","true","1828","0.0954519861262034","95","true","1828","0.3965054290426326","105","true","1828","0.2768140416709781","115","true","1828","0.1598513394758401","125","true","1828","0.15815593930091223","135","true"
"1829","0.13843243122188092","0","true","1829","0.12446102603086943","85","true","1829","0.22939734073616172","55","true","1829","0.26906580977077305","15","true","1829","0.3703175170669161","5","true","1829","0.4148842750542766","25","true","1829","0.25970931778751055","35","true","1829","0.3795194728303287","45","true","1829","0.21058969927390486","65","true","1829","0.1740268885787414","75","true","1829","0.09539982657094317","95","true","1829","0.39628875940927594","105","true","1829","0.27666277716733273","115","true","1829","0.15976398901711011","125","true","1829","0.15806951529036528","135","true"
"1830","0.13836348882469546","0","true","1830","0.124393051685686","85","true","1830","0.22927416552188046","55","true","1830","0.26892350716710584","15","true","1830","0.37012440443563155","5","true","1830","0.41466925251236125","25","true","1830","0.2595681730605829","35","true","1830","0.37932830744755724","45","true","1830","0.21048389979445026","65","true","1830","0.1739344682757512","75","true","1830","0.09534824215411061","95","true","1830","0.39609030264951894","105","true","1830","0.27653000565951696","115","true","1830","0.15967909306059308","125","true","1830","0.15798885282247005","135","true"
"1831","0.13828796290284792","0","true","1831","0.12432515154830298","85","true","1831","0.2291490158682113","55","true","1831","0.2687767148597002","15","true","1831","0.36992237146377804","5","true","1831","0.41444290466710343","25","true","1831","0.25942648737659785","35","true","1831","0.37912125051117757","45","true","1831","0.21036900683604717","65","true","1831","0.1738395258804042","75","true","1831","0.09529619617040204","95","true","1831","0.3958740961524395","105","true","1831","0.2763790613332836","115","true","1831","0.15959193198359495","125","true","1831","0.15790261436568923","135","true"
"1832","0.13821917454445865","0","true","1832","0.12425732549726735","85","true","1832","0.22902611052588664","55","true","1832","0.2686347252402766","15","true","1832","0.3697296851122893","5","true","1832","0.41422835752915477","25","true","1832","0.2592856509529243","35","true","1832","0.37893051096205843","45","true","1832","0.21026344319477955","65","true","1832","0.17374730863431762","75","true","1832","0.09524472457366451","95","true","1832","0.3956760821514257","105","true","1832","0.2762465894756858","115","true","1832","0.1595072225240482","125","true","1832","0.15782213096263875","135","true"
"1833","0.13814380967284226","0","true","1833","0.12418957341139099","85","true","1833","0.2289012326030263","55","true","1833","0.2684882504718795","15","true","1833","0.3695280876831114","5","true","1833","0.414002496919815","25","true","1833","0.2591442738259052","35","true","1833","0.37872389672489265","45","true","1833","0.2101487957339318","65","true","1833","0.17365257182481145","75","true","1833","0.09519279179036372","95","true","1833","0.3954603372865667","105","true","1833","0.2760959642905846","115","true","1833","0.15942025021078535","125","true","1833","0.15773607745611606","135","true"
"1834","0.13807517484575912","0","true","1834","0.12412189516974989","85","true","1834","0.22877859624923017","55","true","1834","0.2683465728108355","15","true","1834","0.3693358262125402","5","true","1834","0.4137884236249308","25","true","1834","0.25900374469727144","35","true","1834","0.37853358160786316","45","true","1834","0.21004346715445418","65","true","1834","0.17356055697030404","75","true","1834","0.09514143264461994","95","true","1834","0.39526276458629833","105","true","1834","0.2759637910928004","115","true","1834","0.15933572663717424","125","true","1834","0.15765577252920493","135","true"
"1835","0.13799997050216123","0","true","1835","0.12405429065168358","85","true","1835","0.22865398917066304","55","true","1835","0.26820041454677734","15","true","1835","0.36913466290850283","5","true","1835","0.41356304866652943","25","true","1835","0.25886267511954963","35","true","1835","0.3783274086331312","45","true","1835","0.20992906439456616","65","true","1835","0.17346602507652936","75","true","1835","0.09508961269219912","95","true","1835","0.39504747985613153","105","true","1835","0.27581348401704175","115","true","1835","0.1592489424723392","125","true","1835","0.15756990337205393","135","true"
"1836","0.1379314887011123","0","true","1836","0.12398675973679427","85","true","1836","0.22853162092581628","55","true","1836","0.26805904782272144","15","true","1836","0.368942824926073","5","true","1836","0.41334877135232356","25","true","1836","0.25872245228213175","35","true","1836","0.3781375165527516","45","true","1836","0.20982397010387369","65","true","1836","0.17337421195117672","75","true","1836","0.09503836562995542","95","true","1836","0.39485034700498184","105","true","1836","0.27568160849300233","115","true","1836","0.1591646041762924","125","true","1836","0.1574897763351471","135","true"
"1837","0.13785644436558395","0","true","1837","0.12391930230494617","85","true","1837","0.22840728380888164","55","true","1837","0.2679132050328288","15","true","1837","0.3687420943357977","5","true","1837","0.4131238808347217","25","true","1837","0.25858168925042224","35","true","1837","0.3779317834099046","45","true","1837","0.2097098112518041","65","true","1837","0.1732798843059367","75","true","1837","0.09498665814049406","95","true","1837","0.3946355209184721","105","true","1837","0.27553161849926294","115","true","1837","0.159078007547252","125","true","1837","0.1574040909290888","135","true"
"1838","0.1377881150875033","0","true","1838","0.12385191823626485","85","true","1838","0.22828518279723306","55","true","1838","0.26777214822881756","15","true","1838","0.3685506784548021","5","true","1838","0.41291007536524676","25","true","1838","0.2584417717047629","35","true","1838","0.3777423129768246","45","true","1838","0.20960495048026562","65","true","1838","0.17318827225019867","75","true","1838","0.0949355227958557","95","true","1838","0.3944375026990743","105","true","1838","0.275399470532474","115","true","1838","0.15899385392304707","125","true","1838","0.1573241411986076","135","true"
"1839","0.13771323024234705","0","true","1839","0.12378460741113645","85","true","1839","0.22816111476310413","55","true","1839","0.26762661988738884","15","true","1839","0.3683503791730332","5","true","1839","0.41268566771559173","25","true","1839","0.25830131422014074","35","true","1839","0.3775370182415111","45","true","1839","0.20949103474630895","65","true","1839","0.17309414818919314","75","true","1839","0.09488392740303186","95","true","1839","0.39422313449108565","105","true","1839","0.2752497969071846","115","true","1839","0.15890744421982803","125","true","1839","0.1572386389479562","135","true"
"1840","0.1376450529863628","0","true","1840","0.12371736971020698","85","true","1840","0.2280392801127098","55","true","1840","0.26748587199090257","15","true","1840","0.36815938401280063","5","true","1840","0.41247233254707183","25","true","1840","0.2581617009711254","35","true","1840","0.3773479680724368","45","true","1840","0.20938640672764855","65","true","1840","0.17300273654639822","75","true","1840","0.09483290341169426","95","true","1840","0.3940255553932882","105","true","1840","0.2751179455821804","115","true","1840","0.15882347466437696","125","true","1840","0.15715886594286452","135","true"
"1841","0.13757032711612044","0","true","1841","0.12365020501438169","85","true","1841","0.22791548028637282","55","true","1841","0.26734065707668386","15","true","1841","0.3679595146403724","5","true","1841","0.4122484061993264","25","true","1841","0.2580215480390021","35","true","1841","0.37714311032646913","45","true","1841","0.20927273332551627","65","true","1841","0.172908815408208","75","true","1841","0.09478141975077586","95","true","1841","0.39381164358254267","105","true","1841","0.27496858730553425","115","true","1841","0.15873725127965146","125","true","1841","0.15707354625451334","135","true"
"1842","0.1375023013835427","0","true","1842","0.12358311320482424","85","true","1842","0.22779391112907535","55","true","1842","0.26720021707960273","15","true","1842","0.3677689388262349","5","true","1842","0.41203553979469865","25","true","1842","0.2578822380958355","35","true","1842","0.37695447904413015","45","true","1842","0.20916833729679518","65","true","1842","0.17281760352453762","75","true","1842","0.0947305067500161","95","true","1842","0.3936145021673844","105","true","1842","0.2748364785712336","115","true","1842","0.15865346519248638","125","true","1842","0.15699394939630373","135","true"
"1843","0.13742773397498328","0","true","1843","0.1235160941629561","85","true","1843","0.22767037863930903","55","true","1843","0.2670553145757635","15","true","1843","0.36756949797003846","5","true","1843","0.41181209318960393","25","true","1843","0.25774238872593536","35","true","1843","0.37675005687545116","45","true","1843","0.20905490544359734","65","true","1843","0.17272388465060892","75","true","1843","0.09467913445785231","95","true","1843","0.3934010452790073","105","true","1843","0.2746874349277568","115","true","1843","0.1585674275215577","125","true","1843","0.15690881167971138","135","true"
"1844","0.1373598592692924","0","true","1844","0.12344914777045586","85","true","1844","0.22754907411071706","55","true","1844","0.2669151814743436","15","true","1844","0.36737934013329854","5","true","1844","0.4115996940184824","25","true","1844","0.257603381102118","35","true","1844","0.37656184310856783","45","true","1844","0.20895074064519567","65","true","1844","0.17263287187508214","75","true","1844","0.09462833208652043","95","true","1844","0.3932043401137862","105","true","1844","0.2745556217868688","115","true","1844","0.1584838243048167","125","true","1844","0.1568293903923913","135","true"
"1845","0.13728544981140003","0","true","1845","0.12338227390925843","85","true","1845","0.22742580809007204","55","true","1845","0.26677059036845285","15","true","1845","0.3671803264062491","5","true","1845","0.4113767256035211","25","true","1845","0.25746383430845493","35","true","1845","0.3763578551112176","45","true","1845","0.20883754956142256","65","true","1845","0.17253935460971104","75","true","1845","0.09457707080153314","95","true","1845","0.39299133667927166","105","true","1845","0.2744068917642324","115","true","1845","0.158397971745605","125","true","1845","0.1567444340595677","135","true"
"1846","0.13721731614965252","0","true","1846","0.12331547246155444","85","true","1846","0.22730476732953986","55","true","1846","0.26663076316330275","15","true","1846","0.3669905851841477","5","true","1846","0.4111647921421605","25","true","1846","0.25732512802176","35","true","1846","0.3761700574944686","45","true","1846","0.2087336152370214","65","true","1846","0.17244854029416906","75","true","1846","0.0945263787000437","95","true","1846","0.39279506633751027","105","true","1846","0.2742753732467582","115","true","1846","0.158314550804018","125","true","1846","0.156665187769646","135","true"
"1847","0.13714306435519927","0","true","1847","0.12324874330978954","85","true","1847","0.22718176691431824","55","true","1847","0.2664864824473053","15","true","1847","0.3667919972051519","5","true","1847","0.4109423003715208","25","true","1847","0.257185882822614","35","true","1847","0.37596650226855166","45","true","1847","0.2086206641465252","65","true","1847","0.17235522398448608","75","true","1847","0.094475228062219","95","true","1847","0.39258251489468693","105","true","1847","0.27412695583699265","115","true","1847","0.15822888275704614","125","true","1847","0.1565804122351386","135","true"
"1848","0.13707508139803784","0","true","1848","0.12318208633666364","85","true","1848","0.2270609890649255","55","true","1848","0.266346960143362","15","true","1848","0.3666026712408359","5","true","1848","0.41073013233018335","25","true","1848","0.25704747689506413","35","true","1848","0.3757791194425415","45","true","1848","0.20851695954308871","65","true","1848","0.17226460748357708","75","true","1848","0.09442464587254258","95","true","1848","0.39238667795609916","105","true","1848","0.2739957309771508","115","true","1848","0.15814564349792085","125","true","1848","0.15650134037161187","135","true"
"1849","0.1370009867594443","0","true","1849","0.12311550142513031","85","true","1849","0.22693825339516066","55","true","1849","0.26620298881355475","15","true","1849","0.3664045076347598","5","true","1849","0.4105081160424373","25","true","1849","0.25690853231295874","35","true","1849","0.3755759955941942","45","true","1849","0.20840424767306542","65","true","1849","0.1721714914795319","75","true","1849","0.09437360552342229","95","true","1849","0.39217457704909586","105","true","1849","0.27384762517662264","115","true","1849","0.15806015936630036","125","true","1849","0.15641674505249206","135","true"
"1850","0.13693315401487616","0","true","1850","0.12304898845839604","85","true","1850","0.22681773760369225","55","true","1850","0.26606377042006074","15","true","1850","0.3662148369872344","5","true","1850","0.4102964118154769","25","true","1850","0.2567704257708031","35","true","1850","0.37538902620542136","45","true","1850","0.2083007720408231","65","true","1850","0.1720810721506957","75","true","1850","0.09432313288907712","95","true","1850","0.3919791720995534","105","true","1850","0.2737166930128262","115","true","1850","0.15797710119950842","125","true","1850","0.15633715479612878","135","true"
"1851","0.13685921602674717","0","true","1851","0.12298254731991957","85","true","1851","0.2266952658231287","55","true","1851","0.26592010747706935","15","true","1851","0.3660170967944767","5","true","1851","0.41007486947648364","25","true","1851","0.25663178083248195","35","true","1851","0.3751863323467791","45","true","1851","0.20818829862179458","65","true","1851","0.17198815580504198","75","true","1851","0.0942722024717504","95","true","1851","0.39176752027876527","105","true","1851","0.2735688978222145","115","true","1851","0.15789180038892553","125","true","1851","0.1562527394857637","135","true"
"1852","0.1367915330049107","0","true","1852","0.12291617789341126","85","true","1852","0.22657501124005477","55","true","1852","0.2657811920075492","15","true","1852","0.3658278399365548","5","true","1852","0.4098636275566035","25","true","1852","0.2564939727061735","35","true","1852","0.37499908142022514","45","true","1852","0.20808505121422347","65","true","1852","0.1718972907574807","75","true","1852","0.09422183903779399","95","true","1852","0.391572545910264","105","true","1852","0.2734382573970484","115","true","1852","0.15780892272688854","125","true","1852","0.15617332364174769","135","true"
"1853","0.13671775116402346","0","true","1853","0.12284988006283229","85","true","1853","0.2264528024961281","55","true","1853","0.26563783645630457","15","true","1853","0.3656305217920367","5","true","1853","0.40964255763882756","25","true","1853","0.2563556264425779","35","true","1853","0.3747968165435152","45","true","1853","0.20797281548001947","65","true","1853","0.17180457377217462","75","true","1853","0.09417101819688904","95","true","1853","0.3913613417323189","105","true","1853","0.27329077182132183","115","true","1853","0.15772380464559033","125","true","1853","0.15608908776060326","135","true"
"1854","0.13665021737717697","0","true","1854","0.12278365371239411","85","true","1854","0.22633280827558416","55","true","1854","0.26549922292854167","15","true","1854","0.36544167738086325","5","true","1854","0.40943177652524254","25","true","1854","0.25621811576675063","35","true","1854","0.3746099774863177","45","true","1854","0.20786979555382673","65","true","1854","0.17171390565837508","75","true","1854","0.09412025214934354","95","true","1854","0.3911667965429462","105","true","1854","0.27316042218152026","115","true","1854","0.15764110690326624","125","true","1854","0.156009845762093","135","true"
"1855","0.13657659118246943","0","true","1855","0.12271749872655768","85","true","1855","0.2262108617194012","55","true","1855","0.2653561737782569","15","true","1855","0.36524477992537785","5","true","1855","0.4092111775077182","25","true","1855","0.256080067212997","35","true","1855","0.3744081402139652","45","true","1855","0.20775779674156714","65","true","1855","0.1716213873902402","75","true","1855","0.09406954080659066","95","true","1855","0.3909560385706709","105","true","1855","0.2730132452299139","115","true","1855","0.15755617096204683","125","true","1855","0.15592578873312635","135","true"
"1856","0.13650920614497955","0","true","1856","0.12265141499003288","85","true","1856","0.22609112701916842","55","true","1856","0.2652178612142709","15","true","1856","0.3650563466238915","5","true","1856","0.4090001790610712","25","true","1856","0.2559428530264434","35","true","1856","0.37422171168689367","45","true","1856","0.20765500355667266","65","true","1856","0.1715309155729455","75","true","1856","0.09401888408025431","95","true","1856","0.39076192116457253","105","true","1856","0.2728825519730643","115","true","1856","0.15747365255691617","125","true","1856","0.15584672001572783","135","true"
"1857","0.13643573509753876","0","true","1857","0.12258540238777775","85","true","1857","0.22596944180548748","55","true","1857","0.26507511747841817","15","true","1857","0.3648598685040724","5","true","1857","0.40878004979354643","25","true","1857","0.2558051012218005","35","true","1857","0.3740203006472344","45","true","1857","0.20754324090674978","65","true","1857","0.17143859538157147","75","true","1857","0.09396828188214869","95","true","1857","0.3905516079669597","105","true","1857","0.27273568299998946","115","true","1857","0.15738889816910295","125","true","1857","0.15576284126437384","135","true"
"1858","0.13636849832586917","0","true","1858","0.12251946080499788","85","true","1858","0.22584996578697303","55","true","1858","0.2649371049044417","15","true","1858","0.3646710920409925","5","true","1858","0.4085695102627723","25","true","1858","0.25566818256744933","35","true","1858","0.373834281316839","45","true","1858","0.2074400767606205","65","true","1858","0.17134831922626886","75","true","1858","0.09391773412427772","95","true","1858","0.3903579169543072","105","true","1858","0.2726052796563963","115","true","1858","0.1573065585211553","125","true","1858","0.1556839452661273","135","true"
"1859","0.1362951819289198","0","true","1859","0.12245359012714573","85","true","1859","0.22572854107418433","55","true","1859","0.2647946656007296","15","true","1859","0.3644750323140888","5","true","1859","0.4083498492357493","25","true","1859","0.2555307265553163","35","true","1859","0.373633295144088","45","true","1859","0.2073285498376309","65","true","1859","0.17125619647399667","75","true","1859","0.09386724071883455","95","true","1859","0.3901480471064823","105","true","1859","0.27245871767808644","115","true","1859","0.15722198510259555","125","true","1859","0.1556002442202853","135","true"
"1860","0.13622809294161986","0","true","1860","0.12238779023991997","85","true","1860","0.22560932290240193","55","true","1860","0.2646569520471861","15","true","1860","0.3642866655173797","5","true","1860","0.408139767136259","25","true","1860","0.2553941024802102","35","true","1860","0.3734476836826684","45","true","1860","0.2072251459463555","65","true","1860","0.17116611534890264","75","true","1860","0.09381680157820112","95","true","1860","0.3899547811034407","105","true","1860","0.2723279697531122","115","true","1860","0.15713982363431603","125","true","1860","0.15552152038165218","135","true"
"1861","0.13615493070051266","0","true","1861","0.1223220610292648","85","true","1861","0.22548815785250806","55","true","1861","0.2645148161975367","15","true","1861","0.3640910228398731","5","true","1861","0.4079205728467121","25","true","1861","0.2552569413080941","35","true","1861","0.37324712101688823","45","true","1861","0.20711385424606207","65","true","1861","0.1710741894008098","75","true","1861","0.09376641661494751","95","true","1861","0.38974535318662895","105","true","1861","0.27218171413025877","115","true","1861","0.15705543060336313","125","true","1861","0.15543799647167278","135","true"
"1862","0.1360879890182063","0","true","1862","0.12225640238136933","85","true","1862","0.22536919669605857","55","true","1862","0.26437740069901744","15","true","1862","0.3639030643861955","5","true","1862","0.40771094670030184","25","true","1862","0.2551206108633678","35","true","1862","0.37306191610246275","45","true","1862","0.20701013863779738","65","true","1862","0.17098430267685552","75","true","1862","0.0937160857418316","95","true","1862","0.3895525108153242","105","true","1862","0.2720512552548808","115","true","1862","0.15697344673971902","125","true","1862","0.1553594442355227","135","true"
"1863","0.13601498044040683","0","true","1863","0.12219081418266688","85","true","1863","0.2252482904746551","55","true","1863","0.26423556732954373","15","true","1863","0.3637078374203231","5","true","1863","0.4074922176516429","25","true","1863","0.2549837435828617","35","true","1863","0.37286177558953226","45","true","1863","0.2068990816964681","65","true","1863","0.17089257290074134","75","true","1863","0.09366580887179843","95","true","1863","0.38934352341681816","105","true","1863","0.2719053050106453","115","true","1863","0.15688923351721917","125","true","1863","0.1552760968941946","135","true"
"1864","0.13594818558578128","0","true","1864","0.12212529631983435","85","true","1864","0.22512958550570736","55","true","1864","0.26409844892478584","15","true","1864","0.36352028599202185","5","true","1864","0.40728304598645937","25","true","1864","0.25484770582371963","35","true","1864","0.37267628240608497","45","true","1864","0.20679559247091983","65","true","1864","0.1708028799515581","75","true","1864","0.09361558591797978","95","true","1864","0.3891511033053056","105","true","1864","0.27177450044525303","115","true","1864","0.15680742668564662","125","true","1864","0.1551977157057924","135","true"
"1865","0.13587533018085857","0","true","1865","0.12205984867979157","85","true","1865","0.2250089372819637","55","true","1865","0.26395691706576935","15","true","1865","0.36332547340574534","5","true","1865","0.40706478068850305","25","true","1865","0.25471113149048075","35","true","1865","0.37247656306931853","45","true","1865","0.2066847695381916","65","true","1865","0.17071134571792917","75","true","1865","0.09356541679369361","95","true","1865","0.38894255501843245","105","true","1865","0.2716288549466221","115","true","1865","0.1567233926949255","125","true","1865","0.1551145443683295","135","true"
"1866","0.13580868167865337","0","true","1866","0.12199447114970062","85","true","1866","0.22489048767623532","55","true","1866","0.2638200947976335","15","true","1866","0.36313832769081916","5","true","1866","0.40685606203900965","25","true","1866","0.2545753854761757","35","true","1866","0.3722914749200904","45","true","1866","0.20658150596374636","65","true","1866","0.1706218459198339","75","true","1866","0.09351530141244364","95","true","1866","0.38875055580066464","105","true","1866","0.2714977159125155","115","true","1866","0.1566417623253162","125","true","1866","0.15503633367532238","135","true"
"1867","0.13573597895826867","0","true","1867","0.12192916361696524","85","true","1867","0.22477009662287548","55","true","1867","0.26367886348350206","15","true","1867","0.3629439281577941","5","true","1867","0.40663825900793954","25","true","1867","0.25443910314990364","35","true","1867","0.3720921754153152","45","true","1867","0.20647091629245956","65","true","1867","0.17053050660188965","75","true","1867","0.09346523968791877","95","true","1867","0.38854244522475423","105","true","1867","0.2713523745228407","115","true","1867","0.15655790699216562","125","true","1867","0.15495333777935058","135","true"
"1868","0.13566947633526463","0","true","1868","0.1218639259692301","85","true","1868","0.22465190155961395","55","true","1868","0.2635423363989502","15","true","1868","0.36275718684986513","5","true","1868","0.4064299919148825","25","true","1868","0.2543036479437148","35","true","1868","0.3719074909921183","45","true","1868","0.20636787764064388","65","true","1868","0.17044119933387047","75","true","1868","0.09341523153399266","95","true","1868","0.38835021208273884","105","true","1868","0.2712215237490294","115","true","1868","0.15647645251685383","125","true","1868","0.15487529703175545","135","true"
"1869","0.1355969258131602","0","true","1869","0.12179875809438025","85","true","1869","0.22453176685289758","55","true","1869","0.26340140466825557","15","true","1869","0.36256319904941064","5","true","1869","0.4062126496732168","25","true","1869","0.2541676566881299","35","true","1869","0.37170860998089256","45","true","1869","0.20625752048682536","65","true","1869","0.1703500543074887","75","true","1869","0.09336527686472314","95","true","1869","0.3881425381725342","105","true","1869","0.2710764855010353","115","true","1869","0.1563927752695186","125","true","1869","0.15479247601729998","135","true"
"1870","0.13553056859816856","0","true","1870","0.12173365988054038","85","true","1870","0.22441382551486136","55","true","1870","0.2632651718183293","15","true","1870","0.36237686084769455","5","true","1870","0.4060048326835915","25","true","1870","0.25403249135734146","35","true","1870","0.3715243279811488","45","true","1870","0.2061547060322888","65","true","1870","0.17026093895119077","75","true","1870","0.09331537559435182","95","true","1870","0.3879500706281728","105","true","1870","0.27094592205516066","115","true","1870","0.1563114961232679","125","true","1870","0.15471460466749065","135","true"
"1871","0.1354581697901567","0","true","1871","0.12166863121607428","85","true","1871","0.22429394633456495","55","true","1871","0.2631245387137255","15","true","1871","0.3621832834647631","5","true","1871","0.4057879497601494","25","true","1871","0.2538967902401634","35","true","1871","0.37132586413073154","45","true","1871","0.2060445806551348","65","true","1871","0.17016998759491342","75","true","1871","0.09326552763730356","95","true","1871","0.38774283234258083","105","true","1871","0.27080118598568675","115","true","1871","0.1562279963924328","125","true","1871","0.15463195797696316","135","true"
"1872","0.13539195751400807","0","true","1872","0.12160367198958412","85","true","1872","0.22417625790800466","55","true","1872","0.2629885991535239","15","true","1872","0.36199734707403897","5","true","1872","0.40558058142716713","25","true","1872","0.25376191385604313","35","true","1872","0.37114198325744246","45","true","1872","0.20594198967563337","65","true","1872","0.17008106353462463","75","true","1872","0.09321573290818594","95","true","1872","0.3875507837202262","105","true","1872","0.2706709089393888","115","true","1872","0.15614689201242318","125","true","1872","0.15455425547965781","135","true"
"1873","0.13531970993796005","0","true","1873","0.12153878208990986","85","true","1873","0.22405663343740273","55","true","1873","0.2628482637217451","15","true","1873","0.36180417879918625","5","true","1873","0.40536415635703527","25","true","1873","0.25362650194896946","35","true","1873","0.3709439352407629","45","true","1873","0.2058320953374927","65","true","1873","0.1699903052296435","75","true","1873","0.09316599132178884","95","true","1873","0.38734397967341716","105","true","1873","0.27052647408936775","115","true","1873","0.1560635692311999","125","true","1873","0.1544717825578437","135","true"
"1874","0.1352536421334938","0","true","1874","0.12147396140612857","85","true","1874","0.2239391971120426","55","true","1874","0.26271261651040345","15","true","1874","0.36161864292976725","5","true","1874","0.40515723524008984","25","true","1874","0.2534919135867476","35","true","1874","0.3707597707127073","45","true","1874","0.20572972711387214","65","true","1874","0.1699015718522805","75","true","1874","0.09311630279308387","95","true","1874","0.38715234862434994","105","true","1874","0.27039648251826387","115","true","1874","0.15598263905701495","125","true","1874","0.15439424837009236","135","true"
"1875","0.13518154530932883","0","true","1875","0.12140920982755388","85","true","1875","0.22381982653788907","55","true","1875","0.26257257780224225","15","true","1875","0.3614258824591224","5","true","1875","0.40494126656458873","25","true","1875","0.2533567899654327","35","true","1875","0.3705621375726686","45","true","1875","0.20562006308022937","65","true","1875","0.1698110059824232","75","true","1875","0.09306666723722402","95","true","1875","0.38694597743638387","105","true","1875","0.27025234793269975","115","true","1875","0.15589949266092912","125","true","1875","0.15431194866413814","135","true"
"1876","0.13511562151138234","0","true","1876","0.12134452724373525","85","true","1876","0.22370264150690836","55","true","1876","0.2624372220029103","15","true","1876","0.36124074582682586","5","true","1876","0.4047347912292236","25","true","1876","0.2532224887042806","35","true","1876","0.3703776838140865","45","true","1876","0.20551791689640875","65","true","1876","0.16972246267751728","75","true","1876","0.09301708456954304","95","true","1876","0.3867547626176497","105","true","1876","0.2701226409163635","115","true","1876","0.1558187361345431","125","true","1876","0.1542345822453102","135","true"
"1877","0.1350436749610568","0","true","1877","0.12127991354445744","85","true","1877","0.223583524019418","55","true","1877","0.2622974790731963","15","true","1877","0.36104839186206183","5","true","1877","0.40451927749587474","25","true","1877","0.25308765244831455","35","true","1877","0.370180464600128","45","true","1877","0.20540848243586754","65","true","1877","0.1696320886292332","75","true","1877","0.092967554705555","95","true","1877","0.3865488229144454","105","true","1877","0.2699788056443101","115","true","1877","0.15573576556152152","125","true","1877","0.154152455204711","135","true"
"1878","0.13497789470645472","0","true","1878","0.12121536861973979","85","true","1878","0.22346658947943274","55","true","1878","0.2621617437033474","15","true","1878","0.36086365318818026","5","true","1878","0.40431324651375045","25","true","1878","0.2529536373713239","35","true","1878","0.3699964102989645","45","true","1878","0.20530621787282943","65","true","1878","0.16954373478891643","75","true","1878","0.09291807756095384","95","true","1878","0.3863580229888243","105","true","1878","0.26984938226625005","115","true","1878","0.15565518212728677","125","true","1878","0.15407525601648286","135","true"
"1879","0.13490609795395128","0","true","1879","0.12115089235983567","85","true","1879","0.22334772427226282","55","true","1879","0.26202229596733495","15","true","1879","0.36067170443648444","5","true","1879","0.40409818627624317","25","true","1879","0.2528190875642115","35","true","1879","0.3697996036977417","45","true","1879","0.20519701243779068","65","true","1879","0.16945355195126274","75","true","1879","0.09286865305161292","95","true","1879","0.38615251340212814","105","true","1879","0.2697058453607893","115","true","1879","0.1555723868176446","125","true","1879","0.15399330109306983","135","true"
"1880","0.13484046078149506","0","true","1880","0.12108648465523182","85","true","1880","0.2232310394233074","55","true","1880","0.2618868512162237","15","true","1880","0.36048736244775614","5","true","1880","0.4038925982251044","25","true","1880","0.2526853577583735","35","true","1880","0.3696159475728168","45","true","1880","0.20509496903324495","65","true","1880","0.1693653869702541","75","true","1880","0.09281928109358441","95","true","1880","0.38596212703810384","105","true","1880","0.2695767047084282","115","true","1880","0.155491410007999","125","true","1880","0.15391626859941274","135","true"
"1881","0.134768813352812","0","true","1881","0.12102214539664775","85","true","1881","0.22311242569353945","55","true","1881","0.2617476977352374","15","true","1881","0.3602958176218009","5","true","1881","0.40367799004326327","25","true","1881","0.2525510934875136","35","true","1881","0.3694195522765507","45","true","1881","0.20498599189773312","65","true","1881","0.16927539473488204","75","true","1881","0.09276996160309897","95","true","1881","0.3857570462054587","105","true","1881","0.269433465226649","115","true","1881","0.15540878970512545","125","true","1881","0.15383448524734078","135","true"
"1882","0.13470331880326922","0","true","1882","0.12095787447503509","85","true","1882","0.22299598973904852","55","true","1882","0.2616125426749038","15","true","1882","0.3601118710503812","5","true","1882","0.403472843506907","25","true","1882","0.2524176480436981","35","true","1882","0.3692356378036612","45","true","1882","0.20488416894318692","65","true","1882","0.1691874180104737","75","true","1882","0.0927206944965652","95","true","1882","0.3855670720771884","105","true","1882","0.2693046063913027","115","true","1882","0.15532798578487536","125","true","1882","0.15375701855059865","135","true"
"1883","0.13463182022640974","0","true","1883","0.12089367178157699","85","true","1883","0.22287762668717004","55","true","1883","0.26147368251424835","15","true","1883","0.359920728868295","5","true","1883","0.40325868594665915","25","true","1883","0.25228366840036276","35","true","1883","0.3690396528579056","45","true","1883","0.20477541938429988","65","true","1883","0.16909761577161467","75","true","1883","0.09267147969056914","95","true","1883","0.38536241864190324","105","true","1883","0.2691616633942797","115","true","1883","0.15524553993254794","125","true","1883","0.15367540654499853","135","true"
"1884","0.1345664678425038","0","true","1884","0.12082953720768756","85","true","1884","0.2227614388339605","55","true","1884","0.26133881622067423","15","true","1884","0.35973717645172754","5","true","1884","0.40305397951490196","25","true","1884","0.25215050641329784","35","true","1884","0.36885613505788845","45","true","1884","0.20467381617427494","65","true","1884","0.16900982670365838","75","true","1884","0.09262231710187388","95","true","1884","0.38517285542918733","105","true","1884","0.26903308547113663","115","true","1884","0.15516490835055413","125","true","1884","0.1535981064329226","135","true"
"1885","0.13449511764746538","0","true","1885","0.12076547064501117","85","true","1885","0.22264332566384704","55","true","1885","0.2612002484496134","15","true","1885","0.35954643563706595","5","true","1885","0.40284027114824505","25","true","1885","0.2520168104926121","35","true","1885","0.3686605591644325","45","true","1885","0.20456529347216768","65","true","1885","0.1689202138581103","75","true","1885","0.09257320664741903","95","true","1885","0.3849686280403065","105","true","1885","0.2688904380239091","115","true","1885","0.15508263639490696","125","true","1885","0.15351666523120844","135","true"
"1886","0.13442990697386512","0","true","1886","0.12070147198542186","85","true","1886","0.22252738512209996","55","true","1886","0.26106567000270164","15","true","1886","0.3593632761182538","5","true","1886","0.40263600341689165","25","true","1886","0.25188393106086343","35","true","1886","0.3684774367694464","45","true","1886","0.20446390930418415","65","true","1886","0.16883261184900375","75","true","1886","0.09252414824432023","95","true","1886","0.3847794744285588","105","true","1886","0.2687621401120096","115","true","1886","0.15500217660236817","125","true","1886","0.1534395311718818","135","true"
"1887","0.13435870469262895","0","true","1887","0.1206375411210228","85","true","1887","0.22240952104099715","55","true","1887","0.2609273936944375","15","true","1887","0.35917293539997086","5","true","1887","0.40242274282186147","25","true","1887","0.2517505179617846","35","true","1887","0.3682822686355643","45","true","1887","0.20435561274205272","65","true","1887","0.1687431877961176","75","true","1887","0.0924751418098688","95","true","1887","0.38457567174083185","105","true","1887","0.26861978728356045","115","true","1887","0.15492007799187965","125","true","1887","0.15335826023376112","135","true"
"1888","0.13429363527593818","0","true","1888","0.12057367794414561","85","true","1888","0.22229382702424022","55","true","1888","0.26079310217799107","15","true","1888","0.35899016752714846","5","true","1888","0.40221891239267277","25","true","1888","0.25161792018773543","35","true","1888","0.36809954038315035","45","true","1888","0.20425444691661343","65","true","1888","0.16865577225079093","75","true","1888","0.09242618726153111","95","true","1888","0.3843869264210497","105","true","1888","0.2684917684857765","115","true","1888","0.15483978944232027","125","true","1888","0.153281291697524","135","true"
"1889","0.13422258044245886","0","true","1889","0.12050988234734977","85","true","1889","0.2221762112427459","55","true","1889","0.2606551164096429","15","true","1889","0.358800225639568","5","true","1889","0.40200609815331156","25","true","1889","0.25148478901303295","35","true","1889","0.36790477872157196","45","true","1889","0.2041463757806787","65","true","1889","0.16856653639245717","75","true","1889","0.0923772845169483","95","true","1889","0.384183547094901","105","true","1889","0.26834970934901153","115","true","1889","0.15475786362780053","125","true","1889","0.15320019048498562","135","true"
"1890","0.13415765183120623","0","true","1890","0.12044615422342203","85","true","1890","0.22206076296783547","55","true","1890","0.2605211109113444","15","true","1890","0.3586178481662729","5","true","1890","0.40180270363397314","25","true","1890","0.25135247200286365","35","true","1890","0.3677224433546254","45","true","1890","0.2040454276012533","65","true","1890","0.16847930671835964","75","true","1890","0.09232843349393563","95","true","1890","0.3839952087636358","105","true","1890","0.2682219687720261","115","true","1890","0.15467774577705828","125","true","1890","0.15312338694442343","135","true"
"1891","0.13408674398140116","0","true","1891","0.12038249346537583","85","true","1891","0.22194339469988206","55","true","1891","0.26038341476392823","15","true","1891","0.35842830384906027","5","true","1891","0.40159033434029767","25","true","1891","0.25121962185909896","35","true","1891","0.36752808688350774","45","true","1891","0.20393758118074526","65","true","1891","0.16839025845899477","75","true","1891","0.09227963411048218","95","true","1891","0.3837922514651349","105","true","1891","0.26808020240375335","115","true","1891","0.154595992211637","125","true","1891","0.15304245492172552","135","true"
"1892","0.13402195572602998","0","true","1892","0.12031889996645063","85","true","1892","0.22182819138698573","55","true","1892","0.2602496943753192","15","true","1892","0.3582463155341049","5","true","1892","0.40138737434438854","25","true","1892","0.2510875847227671","35","true","1892","0.3673461431502495","45","true","1892","0.2038368499537545","65","true","1892","0.1683032140660814","75","true","1892","0.09223088628475028","95","true","1892","0.3836036698744624","105","true","1892","0.26795273915804063","115","true","1892","0.15451604451785075","125","true","1892","0.15296581585165694","135","true"
"1893","0.13395119439776915","0","true","1893","0.12025537362011143","85","true","1893","0.2217110698498226","55","true","1893","0.2601122869337272","15","true","1893","0.358057167532239","5","true","1893","0.40117544859235876","25","true","1893","0.25095501472027354","35","true","1893","0.36715219059314796","45","true","1893","0.20372922754089612","65","true","1893","0.16821435281261463","75","true","1893","0.09218218993507511","95","true","1893","0.38340113361792894","105","true","1893","0.2678112646389498","115","true","1893","0.15443446265696487","125","true","1893","0.15288505248531498","135","true"
"1894","0.1338865460506272","0","true","1894","0.12019191432004805","85","true","1894","0.22159611072240165","55","true","1894","0.25997885075018806","15","true","1894","0.35787556713968294","5","true","1894","0.40097292173932025","25","true","1894","0.25082325657149396","35","true","1894","0.36697063724709655","45","true","1894","0.2036287125756963","65","true","1894","0.16812749311333305","75","true","1894","0.09213354497996426","95","true","1894","0.3832110417321384","105","true","1894","0.26768407783875486","115","true","1894","0.15435468458056237","125","true","1894","0.1528085773627802","135","true"
"1895","0.13381593078372284","0","true","1895","0.12012852196017461","85","true","1895","0.2214792351365776","55","true","1895","0.25984173110316794","15","true","1895","0.35768681420342785","5","true","1895","0.40076143813080795","25","true","1895","0.2506909658243571","35","true","1895","0.3667770873329367","45","true","1895","0.20352131346568803","65","true","1895","0.1680388182751931","75","true","1895","0.09208495133809719","95","true","1895","0.3830089262037986","105","true","1895","0.2675428942533969","115","true","1895","0.15427327388194392","125","true","1895","0.15272798212155508","135","true"
"1896","0.13375142189905234","0","true","1896","0.12006519643462892","85","true","1896","0.22136451942136967","55","true","1896","0.2597085782238974","15","true","1896","0.3575056005025502","5","true","1896","0.4005593430459126","25","true","1896","0.25055948578058196","35","true","1896","0.3665959231328801","45","true","1896","0.20342101407455548","65","true","1896","0.16795214268447028","75","true","1896","0.09203640892832486","95","true","1896","0.3828192414825762","105","true","1896","0.2674159830167159","115","true","1896","0.15419366488562988","125","true","1896","0.15265167042580408","135","true"
"1897","0.13368095223524884","0","true","1897","0.1200019376377719","85","true","1897","0.22124788901071563","55","true","1897","0.2595717454640324","15","true","1897","0.35731724138742765","5","true","1897","0.4003483001886703","25","true","1897","0.2504274734066196","35","true","1897","0.3664027745959292","45","true","1897","0.20331383756555943","65","true","1897","0.16786365367357226","75","true","1897","0.09198791766966927","95","true","1897","0.3826175453595611","105","true","1897","0.26727508945348266","115","true","1897","0.15411242480929394","125","true","1897","0.15257124278069037","135","true"
"1898","0.13361658236917642","0","true","1898","0.11993874546418697","85","true","1898","0.22113341593771743","55","true","1898","0.25943887499202767","15","true","1898","0.35713641315269945","5","true","1898","0.40014663550299134","25","true","1898","0.25029627058901893","35","true","1898","0.3662219983058974","45","true","1898","0.20321375306367512","65","true","1898","0.16777716160880154","75","true","1898","0.09193947748132295","95","true","1898","0.38242826651000095","105","true","1898","0.267148452902043","115","true","1898","0.154032984358038","125","true","1898","0.15249509399317124","135","true"
"1899","0.13354625785214003","0","true","1899","0.1198756198086795","85","true","1899","0.22101702992932915","55","true","1899","0.2593023282157161","15","true","1899","0.3569484466194612","5","true","1899","0.39993603201062133","25","true","1899","0.25016453570976155","35","true","1899","0.36602924988573643","45","true","1899","0.2031067984567995","65","true","1899","0.16768885783953377","75","true","1899","0.09189108828264857","95","true","1899","0.38222698847499564","105","true","1899","0.2670078484531472","115","true","1899","0.1539519143662706","125","true","1899","0.15241483341738538","135","true"
"1900","0.13348202656266692","0","true","1900","0.1198125605662762","85","true","1900","0.22090279873177934","55","true","1900","0.25916910634078205","15","true","1900","0.35676800263051806","5","true","1900","0.39973479636100206","25","true","1900","0.2500336092432035","35","true","1900","0.3658488602749736","45","true","1900","0.20300637433127522","65","true","1900","0.1676025487205619","75","true","1900","0.09184274999317847","95","true","1900","0.38203811420964573","105","true","1900","0.2668814857123878","115","true","1900","0.1538726419272953","125","true","1900","0.1523388470217328","135","true"
"1901","0.1334118467379757","0","true","1901","0.11974956763222454","85","true","1901","0.22078665635600025","55","true","1901","0.25903284498098145","15","true","1901","0.3565804274451182","5","true","1901","0.39952463085292583","25","true","1901","0.2499021509838748","35","true","1901","0.36565651071646943","45","true","1901","0.20289964122174248","65","true","1901","0.16751442960977297","75","true","1901","0.09179446253261424","95","true","1901","0.3818372529508604","105","true","1901","0.2667411694738429","115","true","1901","0.15379174148464161","125","true","1901","0.1522587529907014","135","true"
"1902","0.13334775358496773","0","true","1902","0.11968664090199214","85","true","1902","0.2206726662703624","55","true","1902","0.2588999047282149","15","true","1902","0.3564003664867333","5","true","1902","0.3993238228819492","25","true","1902","0.24977149999690634","35","true","1902","0.36547650655940644","45","true","1902","0.20279943149741952","65","true","1902","0.16742830285888713","75","true","1902","0.09174622582082621","95","true","1902","0.3816487819876938","105","true","1902","0.2666150796728948","115","true","1902","0.1537126365274107","125","true","1902","0.15218292847272513","135","true"
"1903","0.13327771800010166","0","true","1903","0.11962378027126631","85","true","1903","0.2205567667607666","55","true","1903","0.2587639278874963","15","true","1903","0.3562131814203012","5","true","1903","0.3991140939833767","25","true","1903","0.24964031748640378","35","true","1903","0.3652845546126841","45","true","1903","0.2026929191909608","65","true","1903","0.167340367825873","75","true","1903","0.09169803977785308","95","true","1903","0.3814483361988347","105","true","1903","0.2664750507444951","115","true","1903","0.15363190510066313","125","true","1903","0.1521030004640735","135","true"
"1904","0.13321376254527945","0","true","1904","0.11956098563595331","85","true","1904","0.2204430170267122","55","true","1904","0.2586312683683775","15","true","1904","0.35603350228235797","5","true","1904","0.39891371233933526","25","true","1904","0.24950994111123134","35","true","1904","0.36510493468891136","45","true","1904","0.20259292318919922","65","true","1904","0.16725442286778805","75","true","1904","0.09164990432390145","95","true","1904","0.3812596204102765","105","true","1904","0.26634923301616187","115","true","1904","0.15355296709686972","125","true","1904","0.15202733731174686","135","true"
"1905","0.13314387074961034","0","true","1905","0.11949825689217788","85","true","1905","0.22032735962008748","55","true","1905","0.25849557515307403","15","true","1905","0.35584670611117103","5","true","1905","0.39870441868123485","25","true","1905","0.24937903348210688","35","true","1905","0.3649133791093264","45","true","1905","0.2024866309944515","65","true","1905","0.16716667133427923","75","true","1905","0.09160181937934536","95","true","1905","0.38105958912989335","105","true","1905","0.2662094905014629","115","true","1905","0.15347240415505606","125","true","1905","0.1519475748052874","135","true"
"1906","0.13308005255653965","0","true","1906","0.11943559393628267","85","true","1906","0.22021384948047923","55","true","1906","0.2583631954828135","15","true","1906","0.35566740758863685","5","true","1906","0.3985044620181007","25","true","1906","0.24924893085457717","35","true","1906","0.36473414220356676","45","true","1906","0.20238684803946497","65","true","1906","0.16708090759612493","75","true","1906","0.09155378486472589","95","true","1906","0.3808712751130425","105","true","1906","0.2660839439822013","115","true","1906","0.15339363257861094","125","true","1906","0.15187207250873605","135","true"
"1907","0.13301030410132134","0","true","1907","0.1193729966648276","85","true","1907","0.2200984334168102","55","true","1907","0.2582277850030007","15","true","1907","0.3554809990940936","5","true","1907","0.39829560223716876","25","true","1907","0.24911829724301815","35","true","1907","0.3645429817516781","45","true","1907","0.20228077526795582","65","true","1907","0.1669933389862737","75","true","1907","0.09150580070075066","95","true","1907","0.380671657044325","105","true","1907","0.26594448698849993","115","true","1907","0.15331323759298274","125","true","1907","0.15179247498645684","135","true"
"1908","0.13294662273540328","0","true","1908","0.11931046497458934","85","true","1908","0.21998516211768518","55","true","1908","0.2580956843005194","15","true","1908","0.3553020799869927","5","true","1908","0.3980960692145638","25","true","1908","0.24898846750259904","35","true","1908","0.3643641266537598","45","true","1908","0.20218120468679668","65","true","1908","0.1669077558975821","75","true","1908","0.09145786680829349","95","true","1908","0.3804837435304177","105","true","1908","0.265819210818401","115","true","1908","0.15323463192000278","125","true","1908","0.15171713303794737","135","true"
"1909","0.1328770171737617","0","true","1909","0.11924799876256076","85","true","1909","0.21986998664013666","55","true","1909","0.25796055566999554","15","true","1909","0.35511605795558593","5","true","1909","0.3978876419531949","25","true","1909","0.24885810704840922","35","true","1909","0.3641733600953023","45","true","1909","0.20207535065292925","65","true","1909","0.16682036963794986","75","true","1909","0.09140998310839386","95","true","1909","0.38028453738197243","105","true","1909","0.26568003845671595","115","true","1909","0.15315440436402372","125","true","1909","0.1516376999840008","135","true"
"1910","0.1328127669493427","0","true","1910","0.11918559792595032","85","true","1910","0.21975695343068977","55","true","1910","0.25782873305790566","15","true","1910","0.35493751706897314","5","true","1910","0.3976885312363614","25","true","1910","0.24872854933817087","35","true","1910","0.36399488560013243","45","true","1910","0.2019759917754736","65","true","1910","0.16673496663064274","75","true","1910","0.09136214952225655","95","true","1910","0.38009702310756815","105","true","1910","0.26555503177948564","115","true","1910","0.15307596407282026","125","true","1910","0.15156251787792957","135","true"
"1911","0.13274330420512234","0","true","1911","0.11912326236218151","85","true","1911","0.21964201778559003","55","true","1911","0.25769388539417243","15","true","1911","0.3547518802922634","5","true","1911","0.39748053514261855","25","true","1911","0.24859846118475132","35","true","1911","0.3638045117059901","45","true","1911","0.20187035579651152","65","true","1911","0.16664776215018737","75","true","1911","0.09131436597125119","95","true","1911","0.37989822759339054","105","true","1911","0.2654161431645382","115","true","1911","0.15299590342215455","125","true","1911","0.15148324877862104","135","true"
"1912","0.13267919104992312","0","true","1912","0.11906099196889235","85","true","1912","0.2195292219181575","55","true","1912","0.25756233999875794","15","true","1912","0.3545737164361977","5","true","1912","0.3972818454023894","25","true","1912","0.24846917465134732","35","true","1912","0.3636264166135278","45","true","1912","0.20177120795544443","65","true","1912","0.16656253865856366","75","true","1912","0.0912666323769118","95","true","1912","0.379711111300344","105","true","1912","0.2652914051274786","115","true","1912","0.15291762799322203","125","true","1912","0.15140822601150303","135","true"
"1913","0.1326098706784237","0","true","1913","0.11899878664393472","85","true","1913","0.21941452535498185","55","true","1913","0.257427772423001","15","true","1913","0.3543884637107869","5","true","1913","0.3970742791299744","25","true","1913","0.24833935794567788","35","true","1913","0.3634364341597067","45","true","1913","0.20166578935149695","65","true","1913","0.1664755153886271","75","true","1913","0.0912189486609364","95","true","1913","0.37951272513979","105","true","1913","0.2651527993776733","115","true","1913","0.15283773372572296","125","true","1913","0.15132912035527968","135","true"
"1914","0.13254521591055202","0","true","1914","0.11893664628537393","85","true","1914","0.21930196608502475","55","true","1914","0.25729650337419846","15","true","1914","0.35421067570030534","5","true","1914","0.3968760090427443","25","true","1914","0.24821034173932657","35","true","1914","0.36325871727493697","45","true","1914","0.20156685188229784","65","true","1914","0.16639047084935055","75","true","1914","0.09117131474518657","95","true","1914","0.3793260055752237","105","true","1914","0.2650283291316638","115","true","1914","0.1527596226417274","125","true","1914","0.15125425642573742","135","true"
"1915","0.13247603782291603","0","true","1915","0.11887457079148803","85","true","1915","0.2191875078563791","55","true","1915","0.25716221501126835","15","true","1915","0.3540258058278104","5","true","1915","0.39666887125096834","25","true","1915","0.24808079563194696","35","true","1915","0.3630691250425388","45","true","1915","0.20146164997630497","65","true","1915","0.1663036282236463","75","true","1915","0.09112373055168699","95","true","1915","0.37912802749298197","105","true","1915","0.264890005369069","115","true","1915","0.15267989423742587","125","true","1915","0.15117531370317702","135","true"
"1916","0.1324115203228541","0","true","1916","0.11881256006076737","85","true","1916","0.21907518444246715","55","true","1916","0.25703122144264806","15","true","1916","0.3538483924829021","5","true","1916","0.3964710194986644","25","true","1916","0.2479520489064128","35","true","1916","0.362891785175446","45","true","1916","0.20136292221723293","65","true","1916","0.16621876207573308","75","true","1916","0.09107619600262508","95","true","1916","0.37894170340925865","105","true","1916","0.26476518384640885","115","true","1916","0.15260194698319363","125","true","1916","0.1511006081119296","135","true"
"1917","0.1323424840765961","0","true","1917","0.118750613991914","85","true","1917","0.2189609638040717","55","true","1917","0.2568972114210408","15","true","1917","0.3536639042699287","5","true","1917","0.39626430885241903","25","true","1917","0.24782277255140422","35","true","1917","0.3627025819506413","45","true","1917","0.20125793633495073","65","true","1917","0.16613209953033384","75","true","1917","0.09102871102035051","95","true","1917","0.37874413213532265","105","true","1917","0.2646271415190645","115","true","1917","0.15252238392428685","125","true","1917","0.15102182781572943","135","true"
"1918","0.13227810341277516","0","true","1918","0.1186887324838411","85","true","1918","0.21884887550786694","55","true","1918","0.25676649246978767","15","true","1918","0.35348686441550903","5","true","1918","0.39606687412247216","25","true","1918","0.24769429446397928","35","true","1918","0.36252561791618326","45","true","1918","0.20115941762703005","65","true","1918","0.16604741121514036","75","true","1918","0.09098127552737481","95","true","1918","0.3785582022900178","105","true","1918","0.26450258706617785","115","true","1918","0.15244459998679336","125","true","1918","0.1509472800655815","135","true"
"1919","0.13220920856724766","0","true","1919","0.11862691543567243","85","true","1919","0.2187348917185399","55","true","1919","0.2566327599216263","15","true","1919","0.353302756673626","5","true","1919","0.3958605892922","25","true","1919","0.24756528701894595","35","true","1919","0.36233680249018524","45","true","1919","0.20105464709701598","65","true","1919","0.1659609281884658","75","true","1919","0.09093388944637097","95","true","1919","0.3783610365596584","105","true","1919","0.2643648253020809","115","true","1919","0.15236520175763354","125","true","1919","0.15086866169054733","135","true"
"1920","0.13214496430990094","0","true","1920","0.11856516274674184","85","true","1920","0.21862303780478073","55","true","1920","0.2565023147285209","15","true","1920","0.3531260891395109","5","true","1920","0.3956629245300518","25","true","1920","0.24743707673043164","35","true","1920","0.3621602131082672","45","true","1920","0.20095633678402178","65","true","1920","0.16587641714967638","75","true","1920","0.09088655270017297","95","true","1920","0.3781754997155333","105","true","1920","0.26424053707778494","115","true","1920","0.1522870452971988","125","true","1920","0.15079427128637832","135","true"
"1921","0.13207621042628495","0","true","1921","0.11850347431659264","85","true","1921","0.21850929012642237","55","true","1921","0.25636885878953625","15","true","1921","0.35294236068522394","5","true","1921","0.39545706452769486","25","true","1921","0.24730833735648242","35","true","1921","0.36197178427730553","45","true","1921","0.2008517809376201","65","true","1921","0.16579011308248093","75","true","1921","0.09083926521177538","95","true","1921","0.3779787382692713","105","true","1921","0.2641030550085457","115","true","1921","0.152207811662809","125","true","1921","0.1507158143294135","135","true"
"1922","0.13201210214743833","0","true","1922","0.11844185004497715","85","true","1922","0.21839766986290737","55","true","1922","0.2562386864989365","15","true","1922","0.3527660643061045","5","true","1922","0.39525917777083835","25","true","1922","0.24718039403117115","35","true","1922","0.3617955683727545","45","true","1922","0.20075367836606398","65","true","1922","0.16570577876609588","75","true","1922","0.09079202690433295","95","true","1922","0.3777935931942459","105","true","1922","0.2639790321751713","115","true","1922","0.1521298183344677","125","true","1922","0.15064158077816672","135","true"
"1923","0.13194348878873383","0","true","1923","0.11838028983185606","85","true","1923","0.21828415756048383","55","true","1923","0.25610550630844847","15","true","1923","0.3525827139608311","5","true","1923","0.3950537416077558","25","true","1923","0.24705192189290132","35","true","1923","0.3616075249380493","45","true","1923","0.2006493365373914","65","true","1923","0.16561965310145654","75","true","1923","0.09074483770116022","95","true","1923","0.37759723477782475","105","true","1923","0.263841828935995","115","true","1923","0.1520507487823188","125","true","1923","0.15056328473826125","135","true"
"1924","0.13187951606219642","0","true","1924","0.11831879357739795","85","true","1924","0.21817277021805612","55","true","1924","0.2559756060682707","15","true","1924","0.35240678757624805","5","true","1924","0.39485626996592976","25","true","1924","0.24692424469855848","35","true","1924","0.36143168134058834","45","true","1924","0.200550885638199","65","true","1924","0.16553549495577993","75","true","1924","0.09069769752573105","95","true","1924","0.3774124802449508","105","true","1924","0.2637180706593683","115","true","1924","0.1519729180771137","125","true","1924","0.15048920754893325","135","true"
"1925","0.13181104279321293","0","true","1925","0.11825736118197874","85","true","1925","0.2180594925595836","55","true","1925","0.2558427007691698","15","true","1925","0.35222381416629156","5","true","1925","0.39465125632627973","25","true","1925","0.24679603896403168","35","true","1925","0.3612440221083243","45","true","1925","0.2004467574525094","65","true","1925","0.1654495471390843","75","true","1925","0.09065060630167823","95","true","1925","0.3772165236093096","105","true","1925","0.2635811453890363","115","true","1925","0.15189401209680367","125","true","1925","0.15041107192715292","135","true"
"1926","0.13174720519456787","0","true","1926","0.11819599254618114","85","true","1926","0.21794833741211475","55","true","1926","0.25571307173087043","15","true","1926","0.35204753050167287","5","true","1926","0.39445355135235805","25","true","1926","0.2466686270718775","35","true","1926","0.3610685496525471","45","true","1926","0.20034798169953522","65","true","1926","0.1653655646147122","75","true","1926","0.09060356395279308","95","true","1926","0.3770321583967439","105","true","1926","0.26345765083846057","115","true","1926","0.1518163435078912","125","true","1926","0.15033715061078276","135","true"
"1927","0.13167887158191507","0","true","1927","0.11813468757079412","85","true","1927","0.21783529366864374","55","true","1927","0.2555804404695992","15","true","1927","0.35186493323481516","5","true","1927","0.3942489592614077","25","true","1927","0.24654068691260786","35","true","1927","0.3608812734338476","45","true","1927","0.2002440667712678","65","true","1927","0.1652797940936465","75","true","1927","0.09055657040302503","95","true","1927","0.37683660229799043","105","true","1927","0.26332100267931197","115","true","1927","0.151737600591134","125","true","1927","0.1502591749102585","135","true"
"1928","0.13161516868851034","0","true","1928","0.11807344615681237","85","true","1928","0.21772436999301828","55","true","1928","0.2554510817881563","15","true","1928","0.3516890183873353","5","true","1928","0.394051667821448","25","true","1928","0.24641353949729958","35","true","1928","0.3607061709591933","45","true","1928","0.20014549850517138","65","true","1928","0.16519598664345486","75","true","1928","0.09050962557648122","95","true","1928","0.37665198891171753","105","true","1928","0.26319777102754954","115","true","1928","0.15166009361377336","125","true","1928","0.1501854089799172","135","true"
"1929","0.13154697430058884","0","true","1929","0.11801226820543578","85","true","1929","0.21761155943861776","55","true","1929","0.25531872371469094","15","true","1929","0.35150679609801544","5","true","1929","0.39384749597283586","25","true","1929","0.24628586408823364","35","true","1929","0.36051927657009525","45","true","1929","0.20004179617433968","65","true","1929","0.16511039286799192","75","true","1929","0.09046272939742604","95","true","1929","0.3764568324407788","105","true","1929","0.2630613991254627","115","true","1929","0.15158151325438798","125","true","1929","0.15010759270583432","135","true"
"1930","0.13148340569152805","0","true","1930","0.1179511536180689","85","true","1930","0.21750086651471745","55","true","1930","0.25518963454858606","15","true","1930","0.35133124891849604","5","true","1930","0.39365061677843216","25","true","1930","0.24615898032784767","35","true","1930","0.36034454292082313","45","true","1930","0.19994343474777154","65","true","1930","0.16502675994712504","75","true","1930","0.09041588179028083","95","true","1930","0.376272606934687","105","true","1930","0.26293842954871705","115","true","1930","0.15150416738593023","125","true","1930","0.15003340175295318","135","true"
"1931","0.13141535009852","0","true","1931","0.11789010229632042","85","true","1931","0.21738828842645933","55","true","1931","0.25505754881641807","15","true","1931","0.3511494004459709","5","true","1931","0.39344686387119693","25","true","1931","0.2460315688473467","35","true","1931","0.36015802918225126","45","true","1931","0.19983994435711533","65","true","1931","0.16494134236951266","75","true","1931","0.09036908267962333","95","true","1931","0.3760778488565634","105","true","1931","0.2628023330530914","115","true","1931","0.15142574907982986","125","true","1931","0.1499557447127084","135","true"
"1932","0.13135191535465332","0","true","1932","0.11782911414200262","85","true","1932","0.21727782553714772","55","true","1932","0.25492872832761815","15","true","1932","0.3509742197899958","5","true","1932","0.3932503956392818","25","true","1932","0.24590494792336098","35","true","1932","0.359983663207416","45","true","1932","0.1997417891254103","65","true","1932","0.16485788343537117","75","true","1932","0.09032233199018741","95","true","1932","0.3758940100212406","105","true","1932","0.2626796247309892","115","true","1932","0.15134856381970707","125","true","1932","0.14988170907793327","135","true"
"1933","0.13128399812851335","0","true","1933","0.11776818905713085","85","true","1933","0.21716547919509127","55","true","1933","0.2547969140937362","15","true","1933","0.3507927439783154","5","true","1933","0.3930470603778344","25","true","1933","0.24577779955318343","35","true","1933","0.35979752894515776","45","true","1933","0.19963851002038163","65","true","1933","0.1647726415101202","75","true","1933","0.0902756296468626","95","true","1933","0.375699649106028","105","true","1933","0.26254380279472705","115","true","1933","0.1512703070648882","125","true","1933","0.14980421077954756","135","true"
"1934","0.13122069683242843","0","true","1934","0.11770732694392302","85","true","1934","0.21705524562619827","55","true","1934","0.25466836144767546","15","true","1934","0.35061792870620573","5","true","1934","0.3928510018306517","25","true","1934","0.2456514406504598","35","true","1934","0.3596235294985844","45","true","1934","0.19954056034154488","65","true","1934","0.1646893560223496","75","true","1934","0.09022897557469368","95","true","1934","0.3755161957370727","105","true","1934","0.2624213549103006","115","true","1934","0.1511932819146027","125","true","1934","0.14973032997950253","135","true"
"1935","0.1311529175468745","0","true","1935","0.1176465277047991","85","true","1935","0.2169431303133748","55","true","1935","0.25453681787254756","15","true","1935","0.35043682440418805","5","true","1935","0.3926480829247474","25","true","1935","0.24552455457574365","35","true","1935","0.35943777354326484","45","true","1935","0.19943749187029408","65","true","1935","0.16460428920622236","75","true","1935","0.0901823696988803","95","true","1935","0.37532223075993576","105","true","1935","0.2622858066897891","115","true","1935","0.15111518621113443","125","true","1935","0.1496529899330255","135","true"
"1936","0.13108974928288758","0","true","1936","0.11758579124238051","85","true","1936","0.21683312535368135","55","true","1936","0.25440853223810955","15","true","1936","0.3502623733809779","5","true","1936","0.3924524327898246","25","true","1936","0.24539845688251039","35","true","1936","0.3592641394835242","45","true","1936","0.1993397471049874","65","true","1936","0.16452117662670135","75","true","1936","0.0901358119447766","95","true","1936","0.3751391616579314","105","true","1936","0.26216315886404284","115","true","1936","0.1510383206742482","125","true","1936","0.1495792634863344","135","true"
"1937","0.13102210751339174","0","true","1937","0.11752511745948971","85","true","1937","0.21672124035607884","55","true","1937","0.25427725848566474","15","true","1937","0.3500816394421848","5","true","1937","0.3922499289545357","25","true","1937","0.24527183229175575","35","true","1937","0.3590787606705812","45","true","1937","0.19923688861834912","65","true","1937","0.16443628437869995","75","true","1937","0.09008930223789074","95","true","1937","0.37494559139907796","105","true","1937","0.26202788375626984","115","true","1937","0.15096038552426147","125","true","1937","0.1495020812038337","135","true"
"1938","0.13095907186753863","0","true","1938","0.11746450625914959","85","true","1938","0.21661146329730166","55","true","1938","0.25414923903516473","15","true","1938","0.34990755153759684","5","true","1938","0.39205468596465676","25","true","1938","0.24514599499959028","35","true","1938","0.35890549086096546","45","true","1938","0.1991393481298772","65","true","1938","0.1643533441715289","75","true","1938","0.09004284050388461","95","true","1938","0.3747629053695671","105","true","1938","0.26190549545532243","115","true","1938","0.15088367910638537","125","true","1938","0.14942850863110993","135","true"
"1939","0.13089156719131825","0","true","1939","0.11740395754458302","85","true","1939","0.21649980790384943","55","true","1939","0.2540182342727755","15","true","1939","0.3497271868203094","5","true","1939","0.3918525959203451","25","true","1939","0.24501963108464203","35","true","1939","0.3587204880306248","45","true","1939","0.19903669898135662","65","true","1939","0.16426862595288377","75","true","1939","0.08999642666857334","95","true","1939","0.37456972861422194","105","true","1939","0.2617704926226135","115","true","1939","0.1508059040140625","125","true","1939","0.1493514836266609","135","true"
"1940","0.1308286637513455","0","true","1940","0.11734347121921229","85","true","1940","0.21639025804062598","55","true","1940","0.25389048018194266","15","true","1940","0.34955346090873074","5","true","1940","0.3916577588135233","25","true","1940","0.24489405338845363","35","true","1940","0.35854758133912296","45","true","1940","0.19893936213565333","65","true","1940","0.1641858575843733","75","true","1940","0.08995006065792492","95","true","1940","0.37438742446768064","105","true","1940","0.261647770757338","115","true","1940","0.1507293562228458","125","true","1940","0.1492780644504969","135","true"
"1941","0.13076129574735407","0","true","1941","0.11728304718665863","85","true","1941","0.21627883154317973","55","true","1941","0.25375974358040715","15","true","1941","0.349373464275925","5","true","1941","0.39145608128581294","25","true","1941","0.2447679493444843","35","true","1941","0.3583629533363737","45","true","1941","0.1988369216814125","65","true","1941","0.1641013128585317","75","true","1941","0.08990374239805987","95","true","1941","0.3741946400060598","105","true","1941","0.26151303967043926","115","true","1941","0.15065174069440973","125","true","1941","0.14920119624017225","135","true"
"1942","0.13069852410271013","0","true","1942","0.11722268535074166","85","true","1942","0.21616950817305308","55","true","1942","0.25363225402836687","15","true","1942","0.3492000992363832","5","true","1942","0.391261648805264","25","true","1942","0.24464263044249687","35","true","1942","0.3581904086356476","45","true","1942","0.19873978784702745","65","true","1942","0.1640187157971912","75","true","1942","0.08985747181525078","95","true","1942","0.37401271655787216","105","true","1942","0.26139057663001336","115","true","1942","0.15057535103952968","125","true","1942","0.14912792998512964","135","true"
"1943","0.1306312923516285","0","true","1943","0.11716238561547894","85","true","1943","0.21605830986637972","55","true","1943","0.2535017847618914","15","true","1943","0.349020469555706","5","true","1943","0.3910603825250144","25","true","1943","0.2445167854679894","35","true","1943","0.35800615431021776","45","true","1943","0.19863755544587158","65","true","1943","0.16393434402980583","75","true","1943","0.08981124883592195","95","true","1943","0.37382032318515723","105","true","1943","0.2612561164568498","115","true","1943","0.15049789458323362","125","true","1943","0.14905121808698915","135","true"
"1944","0.130568652093455","0","true","1944","0.11710214788508538","85","true","1944","0.2159492122897837","55","true","1944","0.2533745589311481","15","true","1944","0.34884746427184504","5","true","1944","0.3908663534191297","25","true","1944","0.24439172456172462","35","true","1944","0.35783397047757787","45","true","1944","0.1985406239939566","65","true","1944","0.16385191774633243","75","true","1944","0.08976507338664898","95","true","1944","0.3736387792555903","105","true","1944","0.26113339318016204","115","true","1944","0.1504216625763849","125","true","1944","0.1489781042795883","135","true"
"1945","0.13050155617768242","0","true","1945","0.1170419720639728","85","true","1945","0.2158382414715464","55","true","1945","0.25324435617732943","15","true","1945","0.3486682004155902","5","true","1945","0.39066549712240867","25","true","1945","0.24426613785845547","35","true","1945","0.3576500886839101","45","true","1945","0.19843859900732044","65","true","1945","0.16376771840525003","75","true","1945","0.08971894539415841","95","true","1945","0.37344677577190294","105","true","1945","0.26099920335838395","115","true","1945","0.15034436470250187","125","true","1945","0.1489015482136687","135","true"
"1946","0.13043904689880542","0","true","1946","0.11698185805674939","85","true","1946","0.21572936899179065","55","true","1946","0.253117393253749","15","true","1946","0.348495553775647","5","true","1946","0.39047187014472856","25","true","1946","0.2441413341527156","35","true","1946","0.3574782646012915","45","true","1946","0.19834186931161626","65","true","1946","0.163685462372517","75","true","1946","0.08967286478532731","95","true","1946","0.37326561018608145","105","true","1946","0.2608767380989801","115","true","1946","0.1502682898573863","125","true","1946","0.14882858638237886","135","true"
"1947","0.13037208640245082","0","true","1947","0.11692180576821923","85","true","1947","0.2156186249625341","55","true","1947","0.2529874561935571","15","true","1947","0.34831665462073136","5","true","1947","0.3902714225727857","25","true","1947","0.24401600492573783","35","true","1947","0.3572947541985188","45","true","1947","0.19824005110355075","65","true","1947","0.16360143492776724","75","true","1947","0.0896268314871829","95","true","1947","0.37307399539645825","105","true","1947","0.2607428178022147","115","true","1947","0.15019115007819872","125","true","1947","0.1487521856706836","135","true"
"1948","0.13030970769737218","0","true","1948","0.11686181510338177","85","true","1948","0.2155099768857894","55","true","1948","0.2528607553663496","15","true","1948","0.34814436551751193","5","true","1948","0.39007819648197317","25","true","1948","0.24389145762858913","35","true","1948","0.3571232887524578","45","true","1948","0.19814352254037357","65","true","1948","0.16351934862081302","75","true","1948","0.08958084542690214","95","true","1948","0.37289320698433975","105","true","1948","0.2606200456001961","115","true","1948","0.15011523191051493","125","true","1948","0.14867937534591277","135","true"
"1949","0.13024288220624533","0","true","1949","0.11680188596743131","85","true","1949","0.2153994589489249","55","true","1949","0.25273108318411047","15","true","1949","0.34796582994545167","5","true","1949","0.3898781563812132","25","true","1949","0.2437663850862155","35","true","1949","0.3569401486043796","45","true","1949","0.19804191047753236","65","true","1949","0.16343549254459724","75","true","1949","0.08953490653181143","95","true","1949","0.3727019796987067","105","true","1949","0.26048639429476006","115","true","1949","0.1500382497403044","125","true","1949","0.14860312951240207","135","true"
"1950","0.13018063367113406","0","true","1950","0.11674201826575657","85","true","1950","0.21529103458420842","55","true","1950","0.25260464364581325","15","true","1950","0.347793897276308","5","true","1950","0.3896846724611996","25","true","1950","0.2436420934089714","35","true","1950","0.3567690406859897","45","true","1950","0.19794558242576082","65","true","1950","0.16335357544061435","75","true","1950","0.0894890147293861","95","true","1950","0.3725215672950567","105","true","1950","0.2603638793802409","115","true","1950","0.1499624877677376","125","true","1950","0.14853047022648713","135","true"
"1951","0.13011394277273697","0","true","1951","0.1166822119039401","85","true","1951","0.21518074204599932","55","true","1951","0.2524752355291914","15","true","1951","0.34761572417319514","5","true","1951","0.3894850389199797","25","true","1951","0.24351727676275778","35","true","1951","0.3565862696610481","45","true","1951","0.19784417587738695","65","true","1951","0.16326989020729438","75","true","1951","0.08944316994725014","95","true","1951","0.37233072632820474","105","true","1951","0.2602304962453125","115","true","1951","0.14988566272277462","125","true","1951","0.14845437879706783","135","true"
"1952","0.13005182400542076","0","true","1952","0.11662246678775784","85","true","1952","0.21507254070516016","55","true","1952","0.2523490564756517","15","true","1952","0.3474441468400015","5","true","1952","0.3892919544292038","25","true","1952","0.24339323991996215","35","true","1952","0.3564155181659967","45","true","1952","0.19774804771844884","65","true","1952","0.16318814178561836","75","true","1952","0.08939737211317576","95","true","1952","0.372150688772572","105","true","1952","0.2601082378222826","115","true","1952","0.14981005646498646","125","true","1952","0.1483818700842646","135","true"
"1953","0.12998526728893897","0","true","1953","0.11656278282317864","85","true","1953","0.21496247287470716","55","true","1953","0.25221991161563345","15","true","1953","0.3472663350964805","5","true","1953","0.38909272620278146","25","true","1953","0.24326867838469093","35","true","1953","0.3562331151372526","45","true","1953","0.19764684605636162","65","true","1953","0.16310462687170554","75","true","1953","0.08935162115508305","95","true","1953","0.3719602329441316","105","true","1953","0.25997512204038786","115","true","1953","0.14973338806352024","125","true","1953","0.14830593258678032","135","true"
"1954","0.12992327788889563","0","true","1954","0.11650315991636372","85","true","1954","0.2148544938724117","55","true","1954","0.2520939922459918","15","true","1954","0.3470951120056108","5","true","1954","0.388900039912363","25","true","1954","0.2431448955941018","35","true","1954","0.3560620621268115","45","true","1954","0.1975509171742209","65","true","1954","0.16302304661380393","75","true","1954","0.08930591700103953","95","true","1954","0.37178056908082385","105","true","1954","0.2598531193161053","115","true","1954","0.14965793704213864","125","true","1954","0.1482335739832538","135","true"
"1955","0.12985685494518964","0","true","1955","0.11644359797366619","85","true","1955","0.2147446500616385","55","true","1955","0.2519651098368681","15","true","1955","0.34691766051685535","5","true","1955","0.3887012157610786","25","true","1955","0.24302058838776536","35","true","1955","0.35588002630772825","45","true","1955","0.19744991977280257","65","true","1955","0.16293970149794818","75","true","1955","0.08926025957925986","95","true","1955","0.3715904972152406","105","true","1955","0.2597202700731011","115","true","1955","0.14958142480438702","125","true","1955","0.14815778994747503","135","true"
"1956","0.12979499451353865","0","true","1956","0.11638409690163058","85","true","1956","0.2146368927153562","55","true","1956","0.25183944935354124","15","true","1956","0.3467467905791595","5","true","1956","0.38850827015626616","25","true","1956","0.24289705887033824","35","true","1956","0.3557093285322644","45","true","1956","0.1973541895539464","65","true","1956","0.16285828888740964","75","true","1956","0.0892146488181054","95","true","1956","0.3714112058933","105","true","1956","0.25959852225807545","115","true","1956","0.14950612854299616","125","true","1956","0.1480855809912895","135","true"
"1957","0.1297287049351354","0","true","1957","0.11632465660699237","85","true","1957","0.2145272722389949","55","true","1957","0.2517108285928908","15","true","1957","0.34656969824484946","5","true","1957","0.38830984918070116","25","true","1957","0.24277300521412254","35","true","1957","0.35552765880369835","45","true","1957","0.19725339579012927","65","true","1957","0.1627751130503885","75","true","1957","0.0891690846460839","95","true","1957","0.3712215168198101","105","true","1957","0.2594659387431326","115","true","1957","0.1494297719911356","125","true","1957","0.14800994994890374","135","true"
"1958","0.12966697307462957","0","true","1958","0.11626527699667742","85","true","1958","0.21441973586898375","55","true","1958","0.2515854262015551","15","true","1958","0.34639918037563106","5","true","1958","0.3881166547009177","25","true","1958","0.24264972819399433","35","true","1958","0.35535731516966124","45","true","1958","0.19715786362355506","65","true","1958","0.16269386757291204","75","true","1958","0.08912356699184903","95","true","1958","0.37104259689298913","105","true","1958","0.25934384130765115","115","true","1958","0.14935463001526594","125","true","1958","0.14793722195511058","135","true"
"1959","0.12960081645571395","0","true","1959","0.11620595797780156","85","true","1959","0.2143103380445608","55","true","1959","0.25145706629022774","15","true","1959","0.34622244609992925","5","true","1959","0.3879186359995397","25","true","1959","0.2425259273122627","35","true","1959","0.3551760104170236","45","true","1959","0.19705727287680835","65","true","1959","0.16261086049761975","75","true","1959","0.08907809578420015","95","true","1959","0.37085328944559476","105","true","1959","0.2592115230212697","115","true","1959","0.14927842867342142","125","true","1959","0.1478617437806437","135","true"
"1960","0.12953921277073102","0","true","1960","0.1161466994576701","85","true","1960","0.21420302197385327","55","true","1960","0.25133192119980247","15","true","1960","0.3460522792189227","5","true","1960","0.38772521402075905","25","true","1960","0.24240290201673526","35","true","1960","0.35500601983533464","45","true","1960","0.19696193815401103","65","true","1960","0.16252978164100393","75","true","1960","0.08903267095208173","95","true","1960","0.37067473977233206","105","true","1960","0.2590896798492216","115","true","1960","0.14920344051053977","125","true","1960","0.1477891655380774","135","true"
"1961","0.12947318870713737","0","true","1961","0.1160875013437773","85","true","1961","0.21409384612167498","55","true","1961","0.25120382134190244","15","true","1961","0.3458759019104523","5","true","1961","0.387527596684357","25","true","1961","0.24227935313701213","35","true","1961","0.3548250789485684","45","true","1961","0.19686154980632803","65","true","1961","0.16244694281244074","75","true","1961","0.08898729242458321","95","true","1961","0.3704858127897774","105","true","1961","0.2589576259858938","115","true","1961","0.14912739390477497","125","true","1961","0.14771383976563188","135","true"
"1962","0.12941171280367178","0","true","1962","0.11602836354380594","85","true","1962","0.21398674967606388","55","true","1962","0.25107893276453325","15","true","1962","0.34570608494180005","5","true","1962","0.3873345709782573","25","true","1962","0.2421565787965363","35","true","1962","0.35465544033459817","45","true","1962","0.19676641192128724","65","true","1962","0.16236603006657296","75","true","1962","0.0889419601309385","95","true","1962","0.3703076322331741","105","true","1962","0.25883603629493557","115","true","1962","0.14905255908427456","125","true","1962","0.14764141081522053","135","true"
"1963","0.1293458208928756","0","true","1963","0.1159692859656268","85","true","1963","0.21387779511920235","55","true","1963","0.25095109216740263","15","true","1963","0.3455300635136219","5","true","1963","0.3871373537832582","25","true","1963","0.24203328114949121","35","true","1963","0.3544748622081549","45","true","1963","0.19666622535717254","65","true","1963","0.16228335897183438","75","true","1963","0.0888966740005256","95","true","1963","0.3701190845589209","105","true","1963","0.25870424605242287","115","true","1963","0.14897666674258195","125","true","1963","0.14756623698079321","135","true"
"1964","0.12928447237853022","0","true","1964","0.11591026851729824","85","true","1964","0.21377091762722675","55","true","1964","0.25082645931844527","15","true","1964","0.34536059538585223","5","true","1964","0.38694472313787776","25","true","1964","0.24191075699765072","35","true","1964","0.3543055744817003","45","true","1964","0.19657128370634","65","true","1964","0.1622026118286803","75","true","1964","0.0888514339628663","95","true","1964","0.36994127198671667","105","true","1964","0.2585829090634063","115","true","1964","0.14890198479577274","125","true","1964","0.1474939568653364","135","true"
"1965","0.12921871221963982","0","true","1965","0.11585131110706565","85","true","1965","0.21366218369150586","55","true","1965","0.2506988771926475","15","true","1965","0.3451849287554423","5","true","1965","0.38674790486568145","25","true","1965","0.24178770981708225","35","true","1965","0.35412535801451733","45","true","1965","0.19647129831279658","65","true","1965","0.16212010795694645","75","true","1965","0.08880623994762578","95","true","1965","0.36975310246892074","105","true","1965","0.258451381642723","115","true","1965","0.1488262462480638","125","true","1965","0.14741893450680874","135","true"
"1966","0.12915749070361773","0","true","1966","0.11579241364336099","85","true","1966","0.21355552448443704","55","true","1966","0.25057449929065134","15","true","1966","0.34501580840144674","5","true","1966","0.38655566807399105","25","true","1966","0.24166543509057783","35","true","1966","0.35395642009977935","45","true","1966","0.19637655229508355","65","true","1966","0.16203952591053927","75","true","1966","0.08876109188461224","95","true","1966","0.3695756567534701","105","true","1966","0.2583302965796789","115","true","1966","0.14875171670816265","125","true","1966","0.1473462553852062","135","true"
"1967","0.1290918618973659","0","true","1967","0.11573357603480237","85","true","1967","0.21344701049841852","55","true","1967","0.2504471748499549","15","true","1967","0.34484049549067364","5","true","1967","0.38635924751094536","25","true","1967","0.24154263761339767","35","true","1967","0.3537765641952571","45","true","1967","0.19627676746160028","65","true","1967","0.16195718875306442","75","true","1967","0.08871598970377656","95","true","1967","0.3693878642449572","105","true","1967","0.2581990311850754","115","true","1967","0.14867613148625808","125","true","1967","0.14727138432047795","135","true"
"1968","0.12903076699046231","0","true","1968","0.11567479819019354","85","true","1968","0.21334056891024622","55","true","1968","0.2503230511166467","15","true","1968","0.344671721847685","5","true","1968","0.3861674033708233","25","true","1968","0.24142061155203126","35","true","1968","0.35360797502081814","45","true","1968","0.19618221647836495","65","true","1968","0.16187677129949454","75","true","1968","0.08867093333521192","95","true","1968","0.3692107842632063","105","true","1968","0.2580781972751972","115","true","1968","0.14860175388837907","125","true","1968","0.1471988539588701","135","true"
"1969","0.12896526913919812","0","true","1969","0.11561608001852339","85","true","1969","0.21323227420521562","55","true","1969","0.2501959835780088","15","true","1969","0.3444967615827877","5","true","1969","0.3859713793081985","25","true","1969","0.2412980630182485","35","true","1969","0.35342847858679743","45","true","1969","0.19608263159690387","65","true","1969","0.16179460034959633","75","true","1969","0.08862592270915344","95","true","1969","0.36902336762144833","105","true","1969","0.2579471931141438","115","true","1969","0.14852632152599918","125","true","1969","0.14712413372843414","135","true"
"1970","0.12890430045379223","0","true","1970","0.11555742142896554","85","true","1970","0.21312604957263415","55","true","1970","0.2500721132382768","15","true","1970","0.34432833359235815","5","true","1970","0.38577992662240573","25","true","1970","0.2411762848649074","35","true","1970","0.3532602370855991","45","true","1970","0.19598777179391907","65","true","1970","0.1617143469870009","75","true","1970","0.08858095775597781","95","true","1970","0.3688466522549116","105","true","1970","0.2578266095877718","115","true","1970","0.14845209540714402","125","true","1970","0.1470517516729223","135","true"
"1971","0.12883893316147285","0","true","1971","0.11549882233087783","85","true","1971","0.2130179734825872","55","true","1971","0.24994530182182736","15","true","1971","0.3441537249039239","5","true","1971","0.38558429785637005","25","true","1971","0.2410539845176128","35","true","1971","0.3530810990343387","45","true","1971","0.19588838651410473","65","true","1971","0.1616323417400501","75","true","1971","0.08853603840620297","95","true","1971","0.3686596103420034","105","true","1971","0.25769586587094234","115","true","1971","0.14837681543989903","125","true","1971","0.1469771818191328","135","true"
"1972","0.12877739233860955","0","true","1972","0.11544028263380185","85","true","1972","0.21291196514498179","55","true","1972","0.2498216841037049","15","true","1972","0.3439856415119027","5","true","1972","0.3853932354325253","25","true","1972","0.24093245351825412","35","true","1972","0.3529132041436598","45","true","1972","0.19579372132069356","65","true","1972","0.16155225196860254","75","true","1972","0.08849116459048773","95","true","1972","0.3684832584767401","105","true","1972","0.257574950952045","115","true","1972","0.14830274033894747","125","true","1972","0.14690494761766068","135","true"
"1973","0.1287121555643752","0","true","1973","0.11538180224746254","85","true","1973","0.21280410700661045","55","true","1973","0.2496951280327304","15","true","1973","0.343811383334845","5","true","1973","0.38519800076411975","25","true","1973","0.24081040060360456","35","true","1973","0.352734423391814","45","true","1973","0.1956945350383629","65","true","1973","0.16147041192201256","75","true","1973","0.08844633623963134","95","true","1973","0.368296590159376","105","true","1973","0.25744446718763164","115","true","1973","0.14822761230432793","125","true","1973","0.14683052768472368","135","true"
"1974","0.1286501060818804","0","true","1974","0.11532338108176762","85","true","1974","0.21269831430604363","55","true","1974","0.24957176216738025","15","true","1974","0.343643643491357","5","true","1974","0.38500732741467497","25","true","1974","0.24068911600723966","35","true","1974","0.3525668740532485","45","true","1974","0.1956000638610847","65","true","1974","0.1613904852439123","75","true","1974","0.0884015532845733","95","true","1974","0.36812060068596747","105","true","1974","0.2573238020046944","115","true","1974","0.14815368776202825","125","true","1974","0.14675844088706794","135","true"
"1975","0.1285849997528916","0","true","1975","0.11526501904680722","85","true","1975","0.21259067345872276","55","true","1975","0.24944546066830767","15","true","1975","0.3434697347648938","5","true","1975","0.384812485649789","25","true","1975","0.2405673097744425","35","true","1975","0.352388449521845","45","true","1975","0.19550107597451533","65","true","1975","0.16130880989712895","75","true","1975","0.08835681565639285","95","true","1975","0.3679343048354179","105","true","1975","0.25719357740853815","115","true","1975","0.14807871119939567","125","true","1975","0.14668417042103196","135","true"
"1976","0.12852307735930749","0","true","1976","0.11520671605285335","85","true","1976","0.21248509573992075","55","true","1976","0.24932234589000615","15","true","1976","0.34330233742431776","5","true","1976","0.3846222001920049","25","true","1976","0.24044627083312153","35","true","1976","0.3522212446812801","45","true","1976","0.19540679822233495","65","true","1976","0.16122904581659123","75","true","1976","0.08831212328630869","95","true","1976","0.36775867664894446","105","true","1976","0.257073161198866","115","true","1976","0.14800493675835524","125","true","1976","0.14661223057879302","135","true"
"1977","0.12845810108157277","0","true","1977","0.11514847201035948","85","true","1977","0.21237767152569428","55","true","1977","0.24919629819238734","15","true","1977","0.34312877709194956","5","true","1977","0.3844277501413517","25","true","1977","0.24032471053441926","35","true","1977","0.352043175295698","45","true","1977","0.19530800813223265","65","true","1977","0.16114753467108234","75","true","1977","0.0882674761056786","95","true","1977","0.36757275214103297","105","true","1977","0.25694319498996865","115","true","1977","0.1479301112089324","125","true","1977","0.14653810912753984","135","true"
"1978","0.12839630539008998","0","true","1978","0.11509028682996011","85","true","1978","0.21227230813603357","55","true","1978","0.24907343373850852","15","true","1978","0.3429617212128966","5","true","1978","0.38423785139727357","25","true","1978","0.24020391650321588","35","true","1978","0.3518763139032924","45","true","1978","0.19521392321650838","65","true","1978","0.16106793269432787","75","true","1978","0.08822287404599913","95","true","1978","0.3673974841410514","105","true","1978","0.25682302699395887","115","true","1978","0.14785648641360827","125","true","1978","0.1464663157941326","135","true"
"1979","0.12833145877120608","0","true","1979","0.11503216042247023","85","true","1979","0.21216509989960122","55","true","1979","0.24894763907500422","15","true","1979","0.342788508222385","5","true","1979","0.38404379187636584","25","true","1979","0.2400826013938708","35","true","1979","0.3516985985932402","45","true","1979","0.19511533032599498","65","true","1979","0.16098658525357318","75","true","1979","0.08817831703890519","95","true","1979","0.3672119298561317","105","true","1979","0.25669331839446696","115","true","1979","0.1477818114204701","125","true","1979","0.1463923429073679","135","true"
"1980","0.1282697893965801","0","true","1980","0.11497409269888494","85","true","1980","0.21205995018909518","55","true","1980","0.24882502418600433","15","true","1980","0.3426217927676771","5","true","1980","0.3838542786727991","25","true","1980","0.2399620515308668","35","true","1980","0.3515320796034026","45","true","1980","0.1950214376604664","65","true","1980","0.16090714488881822","75","true","1980","0.08813380501616976","95","true","1980","0.3670364053506995","105","true","1980","0.25657339785559374","115","true","1980","0.14770833581715964","125","true","1980","0.14632069563801267","135","true"
"1981","0.1282050720457241","0","true","1981","0.11491608357037894","85","true","1981","0.21195295727779898","55","true","1981","0.2486994817923686","15","true","1981","0.3424489260710234","5","true","1981","0.3836606085019248","25","true","1981","0.23984098086914588","35","true","1981","0.3513547173028963","45","true","1981","0.19492304137506758","65","true","1981","0.16082596065829913","75","true","1981","0.08808933790970347","95","true","1981","0.36685122048422586","105","true","1981","0.25644394609078264","115","true","1981","0.14763381092522365","125","true","1981","0.14624687086725685","135","true"
"1982","0.12814352860426742","0","true","1982","0.11485813294830613","85","true","1982","0.21184802059908456","55","true","1982","0.24857711571177044","15","true","1982","0.3422825500076725","5","true","1982","0.38347147967041134","25","true","1982","0.23972067443541606","35","true","1982","0.35118853967426394","45","true","1982","0.1948293403758436","65","true","1982","0.16074668141574527","75","true","1982","0.08804491565155435","95","true","1982","0.3666760549088909","105","true","1982","0.25632427225558135","115","true","1982","0.14756048406205532","125","true","1982","0.1461753692189701","135","true"
"1983","0.12807894013218865","0","true","1983","0.11480024074419912","85","true","1983","0.2117412423628955","55","true","1983","0.24845182482683506","15","true","1983","0.342110028561096","5","true","1983","0.3832781976746097","25","true","1983","0.23959984748257565","35","true","1983","0.35101152932160556","45","true","1983","0.19473114010347672","65","true","1983","0.16066565990293494","75","true","1983","0.08800053817390739","95","true","1983","0.3664912383489569","105","true","1983","0.2561950765538396","115","true","1983","0.14748610881807245","125","true","1983","0.14610169211754925","135","true"
"1984","0.12801752224176294","0","true","1984","0.11474240686976879","85","true","1984","0.21163651807122005","55","true","1984","0.24832970680121258","15","true","1984","0.34194399086028243","5","true","1984","0.38308945205140366","25","true","1984","0.2394797837421728","35","true","1984","0.35084569201702287","45","true","1984","0.19463763018902355","65","true","1984","0.16058654129475916","75","true","1984","0.08795620540908426","95","true","1984","0.36631643061406827","105","true","1984","0.25607564867189136","115","true","1984","0.14741293024499658","125","true","1984","0.14603033564913467","135","true"
"1985","0.12795306226077513","0","true","1985","0.11468463123690385","85","true","1985","0.21152995386272497","55","true","1985","0.24820466666687158","15","true","1985","0.3417718136241997","5","true","1985","0.38289655706044123","25","true","1985","0.2393591997624436","35","true","1985","0.35066903255477866","45","true","1985","0.19453962533998576","65","true","1985","0.16050568200911225","75","true","1985","0.08791191728954294","95","true","1985","0.3661319812532354","105","true","1985","0.2559467082647051","115","true","1985","0.1473387041975419","125","true","1985","0.14595680577217138","135","true"
"1986","0.12789176954078338","0","true","1986","0.11462691375767038","85","true","1986","0.21142544131593302","55","true","1986","0.2480827959458345","15","true","1986","0.3416061132612515","5","true","1986","0.3827081934864856","25","true","1986","0.23923937798238346","35","true","1986","0.3505035345412759","45","true","1986","0.19444630593111506","65","true","1986","0.16042611560077205","75","true","1986","0.08786767374787734","95","true","1986","0.3659575302735382","105","true","1986","0.2558275255886215","115","true","1986","0.14726567346632144","125","true","1986","0.14588559404421086","135","true"
"1987","0.12782743766475682","0","true","1987","0.1145692543443114","85","true","1987","0.21131909049032138","55","true","1987","0.24795800580702873","15","true","1987","0.3414342792002549","5","true","1987","0.38251568433483246","25","true","1987","0.2391190362429557","35","true","1987","0.3503272249162552","45","true","1987","0.19434849591807124","65","true","1987","0.16034541835952418","75","true","1987","0.08782347471681703","95","true","1987","0.3657734470088131","105","true","1987","0.25569883971055885","115","true","1987","0.14719159616578506","125","true","1987","0.14581221094861518","135","true"
"1988","0.12776626973613558","0","true","1988","0.11451165290924639","85","true","1988","0.21121478904884167","55","true","1988","0.24783638164320732","15","true","1988","0.3412689151546269","5","true","1988","0.3823277016557353","25","true","1988","0.23899945569320205","35","true","1988","0.35016206516502774","45","true","1988","0.19425536643792837","65","true","1988","0.16026601253261497","75","true","1988","0.08777932012922689","95","true","1988","0.3655993517034265","105","true","1988","0.2555799014959666","115","true","1988","0.1471187128299865","125","true","1988","0.14574114352345985","135","true"
"1989","0.1277020655804893","0","true","1989","0.11445410936507089","85","true","1989","0.21110865096389247","55","true","1989","0.24771184074790922","15","true","1989","0.3410974232374637","5","true","1989","0.3821355771825415","25","true","1989","0.2388793554642105","35","true","1989","0.34998610432826144","45","true","1989","0.19415775067589924","65","true","1989","0.16018547684792522","75","true","1989","0.08773520991810667","95","true","1989","0.36541563343623884","105","true","1989","0.25545146938466207","115","true","1989","0.1470447838285644","125","true","1989","0.1456679067679204","135","true"
"1990","0.12764102206570108","0","true","1990","0.11439662362455603","85","true","1990","0.21100455999072484","55","true","1990","0.247590462396939","15","true","1990","0.3409323944927167","5","true","1990","0.3819479742485526","25","true","1990","0.23876001541766037","35","true","1990","0.3498212818146485","45","true","1990","0.19406481054995148","65","true","1990","0.16010623111803532","75","true","1990","0.0876911440165908","95","true","1990","0.3652412763433009","105","true","1990","0.2553327748901879","115","true","1990","0.1469720474435488","125","true","1990","0.1455969832096817","135","true"
"1991","0.127576945247395","0","true","1991","0.11433919560064812","85","true","1991","0.21089863400679376","55","true","1991","0.24746616999613733","15","true","1991","0.3407612436922685","5","true","1991","0.38175623329762465","25","true","1991","0.2386401559721696","35","true","1991","0.34964566872136804","45","true","1991","0.1939673884563019","65","true","1991","0.16002585650402024","75","true","1991","0.08764712235794793","95","true","1991","0.3650579222889117","105","true","1991","0.25520459578632737","115","true","1991","0.14689826629523375","125","true","1991","0.14552389235465676","135","true"
"1992","0.12751602577042045","0","true","1992","0.11428182520646817","85","true","1992","0.21079475286749638","55","true","1992","0.24734503671664412","15","true","1992","0.3405965492360487","5","true","1992","0.3815690089636121","25","true","1992","0.2385210557046386","35","true","1992","0.34948118242483195","45","true","1992","0.1938746371123268","65","true","1992","0.15994677038868313","75","true","1992","0.08760314487558067","95","true","1992","0.36488391964922673","105","true","1992","0.2550861442735829","115","true","1992","0.1468256764181476","125","true","1992","0.14545311222919763","135","true"
"1993","0.12745207590794783","0","true","1993","0.11422451235531146","85","true","1993","0.21068903834750266","55","true","1993","0.24722099206432885","15","true","1993","0.34042573852931046","5","true","1993","0.3813776503833896","25","true","1993","0.23840143631862826","35","true","1993","0.3493059160344484","45","true","1993","0.1937774081067539","65","true","1993","0.15986655636140695","75","true","1993","0.08755921150302522","95","true","1993","0.36470092871660426","105","true","1993","0.25495821742088803","115","true","1993","0.14675204267872022","125","true","1993","0.14538016683690616","135","true"
"1994","0.12739128009427822","0","true","1994","0.11416725696064715","85","true","1994","0.21058536641017916","55","true","1994","0.24710010311791375","15","true","1994","0.3402613773533289","5","true","1994","0.38119080350881684","25","true","1994","0.2382825751088359","35","true","1994","0.34914176493855387","45","true","1994","0.19368484497482766","65","true","1994","0.15978762938009153","75","true","1994","0.08751532217395101","95","true","1994","0.36452727945980234","105","true","1994","0.2548400081544548","115","true","1994","0.14667959886848653","125","true","1994","0.14530952971183234","135","true"
"1995","0.12732745680765786","0","true","1995","0.11411005893611777","85","true","1995","0.2104798627195929","55","true","1995","0.24697630547106109","15","true","1995","0.34009090572138834","5","true","1995","0.38099982615234945","25","true","1995","0.23816319506118622","35","true","1995","0.34896684421463675","45","true","1995","0.19358780847934928","65","true","1995","0.1597075754575564","75","true","1995","0.08747147682216046","95","true","1995","0.3643446505622774","105","true","1995","0.254712332799668","115","true","1995","0.1466061120955063","125","true","1995","0.14523672934624526","135","true"
"1996","0.12726678428428753","0","true","1996","0.11405291819553884","85","true","1996","0.2103763993548796","55","true","1996","0.2468556601222855","15","true","1996","0.3399268768214007","5","true","1996","0.380813355601252","25","true","1996","0.2380445721907414","35","true","1996","0.3488030273070305","45","true","1996","0.1934954329918353","65","true","1996","0.15962880713165736","75","true","1996","0.08742767538158852","95","true","1996","0.36417135362228464","105","true","1996","0.2545937654815869","115","true","1996","0.14653381391281575","125","true","1996","0.1451662347908964","135","true"
"1997","0.12720308719505616","0","true","1997","0.11399583465289843","85","true","1997","0.210271105861709","55","true","1997","0.2467321087408429","15","true","1997","0.339756743249418","5","true","1997","0.38062275832617626","25","true","1997","0.2379254307632185","35","true","1997","0.34862845121728725","45","true","1997","0.1933985884307783","65","true","1997","0.15954891283379366","75","true","1997","0.08738391778630245","95","true","1997","0.36398908567752875","105","true","1997","0.2544663411745391","115","true","1997","0.14646047366561216","125","true","1997","0.1450935790177278","135","true"
"1998","0.1271425375904749","0","true","1998","0.1139388082223567","85","true","1998","0.21016785044276223","55","true","1998","0.24661170625721376","15","true","1998","0.33959304562520426","5","true","1998","0.380436662967139","25","true","1998","0.23780704551660506","35","true","1998","0.34846496748967726","45","true","1998","0.19330640002231564","65","true","1998","0.15947030268662174","75","true","1998","0.08734020397050139","95","true","1998","0.3638161399925459","105","true","1998","0.2543480155404307","115","true","1998","0.14638832067291424","125","true","1998","0.145023226603169","135","true"
"1999","0.12707896632167967","0","true","1999","0.11388183881824553","85","true","1999","0.21006276651754083","55","true","1999","0.24648840040408515","15","true","1999","0.3394232491023917","5","true","1999","0.38024644463565543","25","true","1999","0.23768814199384677","35","true","1999","0.34829073500593244","45","true","1999","0.1932097468223045","65","true","1999","0.15939056753527844","75","true","1999","0.08729653386851613","95","true","1999","0.3636342319225496","105","true","1999","0.25422084153266045","115","true","1999","0.14631512651257778","125","true","1999","0.1449507149898674","135","true"

"""Wood harvested [m³ per year and household]"""
"x min","x max","y min","y max","autoplot?","current pen","legend open?","number of pens"
"0","2190","0","80","true","""Community 0""","true","15"

"pen name","pen down?","mode","interval","color","x"
"""Community 0""","true","0","1","0","1999"
"""Community 1""","true","0","1","85","1999"
"""Community 2""","true","0","1","55","1999"
"""Community 3""","true","0","1","15","1999"
"""Community 4""","true","0","1","5","1999"
"""Community 5""","true","0","1","25","1999"
"""Community 6""","true","0","1","35","1999"
"""Community 7""","true","0","1","45","1999"
"""Community 8""","true","0","1","65","1999"
"""Community 9""","true","0","1","75","1999"
"""Community 10""","true","0","1","95","1999"
"""Community 11""","true","0","1","105","1999"
"""Community 12""","true","0","1","115","1999"
"""Community 13""","true","0","1","125","1999"
"""Community 14""","true","0","1","135","1999"

"""Community 0""",,,,"""Community 1""",,,,"""Community 2""",,,,"""Community 3""",,,,"""Community 4""",,,,"""Community 5""",,,,"""Community 6""",,,,"""Community 7""",,,,"""Community 8""",,,,"""Community 9""",,,,"""Community 10""",,,,"""Community 11""",,,,"""Community 12""",,,,"""Community 13""",,,,"""Community 14"""
"x","y","color","pen down?","x","y","color","pen down?","x","y","color","pen down?","x","y","color","pen down?","x","y","color","pen down?","x","y","color","pen down?","x","y","color","pen down?","x","y","color","pen down?","x","y","color","pen down?","x","y","color","pen down?","x","y","color","pen down?","x","y","color","pen down?","x","y","color","pen down?","x","y","color","pen down?","x","y","color","pen down?"
"0","62.74987871168105","0","true","0","48.86954409776031","85","true","0","78.65120478159162","55","true","0","71.92229488581569","15","true","0","55.19610100301797","5","true","0","33.224696354121434","25","true","0","70.97339097611925","35","true","0","67.84956214794495","45","true","0","59.11181043250972","65","true","0","70.48761440883709","75","true","0","49.55937323327348","95","true","0","65.05242765683401","105","true","0","67.00346752662519","115","true","0","62.74240259998798","125","true","0","68.61359640598369","135","true"
"1","53.912549278974886","0","true","1","39.36432185468849","85","true","1","60.13871490593688","55","true","1","54.5929052487478","15","true","1","43.761403480054554","5","true","1","38.4363312172605","25","true","1","58.30362119293597","35","true","1","51.16750929966712","45","true","1","44.710275709746426","65","true","1","55.503047540536926","75","true","1","39.81393261792992","95","true","1","50.58782383523959","105","true","1","49.44723870860894","115","true","1","46.39761774880269","125","true","1","53.073225917121846","135","true"
"2","52.488939483841946","0","true","2","39.52026911025491","85","true","2","56.02153287203786","55","true","2","50.925402808142564","15","true","2","38.451996231370394","5","true","2","36.24955622541162","25","true","2","50.397936787016825","35","true","2","47.205140317125974","45","true","2","47.84326865735701","65","true","2","48.36209598149513","75","true","2","36.59756120027715","95","true","2","51.072351098454355","105","true","2","46.48788021504422","115","true","2","43.09603647179362","125","true","2","49.44868315647821","135","true"
"3","50.39231483059736","0","true","3","37.966017378992824","85","true","3","52.032677105902636","55","true","3","47.315430019581754","15","true","3","37.23760215257599","5","true","3","37.178048534562905","25","true","3","47.59432408949588","35","true","3","44.5951459451337","45","true","3","45.024510114852205","65","true","3","44.221207973294696","75","true","3","35.57867428539469","95","true","3","46.66520219189491","105","true","3","42.32214479066842","115","true","3","37.9550447925422","125","true","3","47.82211720576827","135","true"
"4","44.32670945223552","0","true","4","34.3537330273093","85","true","4","48.67620804353526","55","true","4","44.44381953734102","15","true","4","33.134666649793914","5","true","4","34.7283568052135","25","true","4","42.94247725396343","35","true","4","39.317644902312175","45","true","4","46.1736863493282","65","true","4","39.529279321482235","75","true","4","30.93094520596461","95","true","4","47.215262838782","105","true","4","38.56784875191442","115","true","4","34.91376203113365","125","true","4","42.54302798127453","135","true"
"5","44.890933482179825","0","true","5","33.84613222444135","85","true","5","47.664942758051886","55","true","5","43.717781046322244","15","true","5","33.422577854043986","5","true","5","36.71739412431856","25","true","5","42.25578258413879","35","true","5","38.109482777486775","45","true","5","44.18531082734538","65","true","5","38.546619439579544","75","true","5","29.61668050558202","95","true","5","44.22043599380833","105","true","5","38.071992646256525","115","true","5","35.43243725685917","125","true","5","42.47088761059864","135","true"
"6","42.30134442841338","0","true","6","31.55286084978975","85","true","6","42.39091803434637","55","true","6","38.5076091422607","15","true","6","29.046511266303433","5","true","6","32.71660493354414","25","true","6","36.89774534041059","35","true","6","33.486988783980934","45","true","6","37.873123566296044","65","true","6","34.953327104210445","75","true","6","27.44196875629521","95","true","6","38.212716425061515","105","true","6","34.28091904034056","115","true","6","31.895355770885047","125","true","6","38.313995302390474","135","true"
"7","42.70615552084475","0","true","7","30.771036796755958","85","true","7","43.279471083151236","55","true","7","38.906133847767904","15","true","7","28.98114286798879","5","true","7","33.182703319257314","25","true","7","37.64899016611194","35","true","7","33.64561783263799","45","true","7","37.208773885426965","65","true","7","35.388228444751626","75","true","7","27.1101291568469","95","true","7","37.125923292073644","105","true","7","34.74237177559198","115","true","7","32.09420513209626","125","true","7","38.92388218298844","135","true"
"8","37.96102712963978","0","true","8","27.35203270822752","85","true","8","38.4706409628011","55","true","8","34.583230086904805","15","true","8","25.761015882656704","5","true","8","29.49573628378428","25","true","8","33.46576903654395","35","true","8","29.907215851233765","45","true","8","33.07446567593508","65","true","8","31.456203062001443","75","true","8","24.09789258386391","95","true","8","33.00082070406546","105","true","8","30.88210824497064","115","true","8","28.528182339641127","125","true","8","34.59900638487862","135","true"
"9","38.09172343959958","0","true","9","28.144914294466275","85","true","9","39.107618029618656","55","true","9","35.11404776680561","15","true","9","26.164042098279893","5","true","9","30.619722972333843","25","true","9","33.35780393144721","35","true","9","30.142427881017515","45","true","9","32.95411410409409","65","true","9","31.889021775356735","75","true","9","24.509826233927665","95","true","9","32.522608328800274","105","true","9","31.688623604125056","115","true","9","29.18064898966819","125","true","9","35.06604295783262","135","true"
"10","34.628839490545076","0","true","10","25.586285722242067","85","true","10","35.589664468694096","55","true","10","31.932141668452896","15","true","10","24.33869553821163","5","true","10","28.794888630803083","25","true","10","31.128924352349845","35","true","10","27.402207164561375","45","true","10","29.95828554917644","65","true","10","28.99001979577885","75","true","10","22.281660212661514","95","true","10","30.780616071031396","105","true","10","28.807839640113684","115","true","10","26.54731500550052","125","true","10","31.87822087075693","135","true"
"11","35.643331970564255","0","true","11","26.273129697714435","85","true","11","36.16915100738014","55","true","11","32.06642756177585","15","true","11","25.004363073118373","5","true","11","29.29884227640736","25","true","11","31.80861188141869","35","true","11","28.59142055522976","45","true","11","29.774477732710753","65","true","11","30.030022949632702","75","true","11","22.707682170729285","95","true","11","31.28462429623134","105","true","11","29.276262365654304","115","true","11","27.415580914353693","125","true","11","32.80167324102208","135","true"
"12","32.90153720359777","0","true","12","24.25211972096717","85","true","12","33.40910259022449","55","true","12","29.599779287793094","15","true","12","23.080950529032343","5","true","12","27.04508517822218","25","true","12","29.361795582848018","35","true","12","26.463886189861054","45","true","12","27.484133291733006","65","true","12","27.72002118427634","75","true","12","20.960937388365494","95","true","12","28.878114734982773","105","true","12","27.024242183680897","115","true","12","25.306690074788026","125","true","12","30.2784676070973","135","true"
"13","33.80957714581282","0","true","13","24.87804682872233","85","true","13","34.262770265106425","55","true","13","29.715243865698493","15","true","13","23.922463625194023","5","true","13","27.36778427150333","25","true","13","29.795166343065297","35","true","13","27.073171101833125","45","true","13","27.813689205585277","65","true","13","27.808979537478987","75","true","13","21.451146758518444","95","true","13","29.0721211320158","105","true","13","27.81938959796803","115","true","13","25.58944473089682","125","true","13","30.909988122203366","135","true"
"14","31.555605336091958","0","true","14","23.219510373474176","85","true","14","31.978585580765998","55","true","14","27.73422760798526","15","true","14","22.327632716847756","5","true","14","25.543265320069775","25","true","14","27.808821920194276","35","true","14","25.268293028377585","45","true","14","25.95944325854626","65","true","14","25.955047568313724","75","true","14","20.021070307950545","95","true","14","27.133979723214747","105","true","14","25.96476362477016","115","true","14","23.88348174883703","125","true","14","28.849322247389807","135","true"
"15","32.19530734027564","0","true","15","24.14499948888114","85","true","15","32.455158789139325","55","true","15","28.47852681380299","15","true","15","22.556414182143783","5","true","15","25.856156593455914","25","true","15","28.57394282278342","35","true","15","26.241542059586443","45","true","15","26.13823101223363","65","true","15","26.530886264052842","75","true","15","20.47740795901448","95","true","15","27.252853116654357","105","true","15","26.407808659334112","115","true","15","24.744820658109138","125","true","15","29.25386379910917","135","true"
"16","30.301465732024134","0","true","16","22.724705401299897","85","true","16","30.54603180154289","55","true","16","26.80331935416752","15","true","16","21.2295662890765","5","true","16","24.335206205605566","25","true","16","26.893122656737336","35","true","16","24.6979219384343","45","true","16","24.600688011514006","65","true","16","24.970245895579144","75","true","16","19.27285454966069","95","true","16","25.649744109792337","105","true","16","24.854408149961518","115","true","16","23.289242972338013","125","true","16","27.53304828151451","135","true"
"17","30.776589305866786","0","true","17","23.433083278892752","85","true","17","31.260313108164908","55","true","17","27.163978301351868","15","true","17","21.93064583312064","5","true","17","25.035369003911313","25","true","17","27.26267864000931","35","true","17","25.0794751274594","45","true","17","25.573566934176505","65","true","17","25.26934442721401","75","true","17","19.666956138226837","95","true","17","25.99855111383535","105","true","17","25.013393153753213","115","true","17","24.05921887619547","125","true","17","28.470500949934298","135","true"
"18","29.156768816084323","0","true","18","22.19976310631945","85","true","18","29.61503347089307","55","true","18","25.734295232859665","15","true","18","20.77640131558797","5","true","18","23.717718003705457","25","true","18","25.827800816850925","35","true","18","23.759502752329958","45","true","18","24.227589727114584","65","true","18","23.93937893104485","75","true","18","18.63185318358332","95","true","18","24.630206318370334","105","true","18","23.696898777239884","115","true","18","22.792944198500972","125","true","18","26.972053531516703","135","true"
"19","29.812558257903493","0","true","19","22.78500866426821","85","true","19","30.281318918747424","55","true","19","26.440439160060315","15","true","19","21.17095577036813","5","true","19","23.908735803984797","25","true","19","26.143099028331257","35","true","19","24.369043499111363","45","true","19","24.577410073961445","65","true","19","24.49300927418548","75","true","19","19.299196504905726","95","true","19","24.931880687832233","105","true","19","24.235338005911856","115","true","19","23.31296159131217","125","true","19","27.444804633226926","135","true"
"20","28.392912626574756","0","true","20","21.70000825168401","85","true","20","28.83935135118802","55","true","20","25.18137062862887","15","true","20","20.16281501939822","5","true","20","22.770224575223615","25","true","20","24.898189550791674","35","true","20","23.208612856296536","45","true","20","23.407057213296614","65","true","20","23.326675499224265","75","true","20","18.380187147529263","95","true","20","23.744648274125936","105","true","20","23.081274291344624","115","true","20","22.202820563154447","125","true","20","26.137909174501836","135","true"
"21","28.626274871585277","0","true","21","22.169373938353896","85","true","21","29.442899957064057","55","true","21","25.774982309714115","15","true","21","20.740722383899747","5","true","21","23.14601590166665","25","true","21","25.323061934151394","35","true","21","23.539910357711573","45","true","21","23.975199808382342","65","true","21","23.932431404060747","75","true","21","18.867487874627475","95","true","21","24.314176194541044","105","true","21","23.471904016669384","115","true","21","22.855110400002527","125","true","21","26.815972209666494","135","true"
"22","27.381654224994612","0","true","22","21.205488114947208","85","true","22","28.162773871974316","55","true","22","24.654330904943937","15","true","22","19.838951845469325","5","true","22","22.139667384202884","25","true","22","24.222059241362203","35","true","22","22.51643599433281","45","true","22","22.932799816713544","65","true","22","22.891890908232018","75","true","22","18.047162314861062","95","true","22","23.257038099126216","105","true","22","22.451386450727238","115","true","22","21.861409947828506","125","true","22","25.650060374463603","135","true"
"23","27.759931378840292","0","true","23","21.658257861098093","85","true","23","28.6178132317731","55","true","23","25.1050123732552","15","true","23","20.28891977372577","5","true","23","22.489396948711853","25","true","23","24.667048087672345","35","true","23","22.972446779247303","45","true","23","23.40710036093433","65","true","23","23.412268622799417","75","true","23","18.501146009990503","95","true","23","23.911631641175752","105","true","23","22.75183806876758","115","true","23","22.564498745894003","125","true","23","26.487113934696467","135","true"
"24","26.649534123686678","0","true","24","20.79192754665417","85","true","24","27.473100702502173","55","true","24","24.10081187832499","15","true","24","19.47736298277674","5","true","24","21.589821070763378","25","true","24","23.680366164165452","35","true","24","22.053548908077413","45","true","24","22.470816346496957","65","true","24","22.475777877887438","75","true","24","17.761100169590883","95","true","24","22.955166375528723","105","true","24","21.841764546016876","115","true","24","21.661918796058245","125","true","24","25.42762937730861","135","true"
"25","26.99213096990921","0","true","25","21.072986560699736","85","true","25","27.963279578462135","55","true","25","24.64503745276297","15","true","25","20.023036744120244","5","true","25","22.014831672135752","25","true","25","24.167980850810867","35","true","25","22.548547358816545","45","true","25","23.139315737318014","65","true","25","23.0344251268136","75","true","25","18.234995434530717","95","true","25","23.23890683207755","105","true","25","22.288055862108497","115","true","25","22.129223263856414","125","true","25","25.956071223070246","135","true"
"26","25.992422415468123","0","true","26","20.292505576970118","85","true","26","26.927602557037613","55","true","26","23.732258287845823","15","true","26","19.28144279063431","5","true","26","21.199467536130722","25","true","26","23.272870448928984","35","true","26","21.713415975156675","45","true","26","22.282304043343274","65","true","26","22.181298270264946","75","true","26","17.559625233251804","95","true","26","22.37820657903764","105","true","26","21.462572311660036","115","true","26","21.3096224022321","125","true","26","24.994735251845423","135","true"
"27","26.21626583015911","0","true","27","20.790017308794987","85","true","27","27.35297820435972","55","true","27","24.327185785196615","15","true","27","19.65382562613109","5","true","27","21.315696326260035","25","true","27","23.826957206329357","35","true","27","22.44977117496671","45","true","27","22.674990820472473","65","true","27","22.583379254613057","75","true","27","17.926244787495826","95","true","27","22.89905776077196","105","true","27","21.876130847766206","115","true","27","21.791624291414085","125","true","27","25.643632133492215","135","true"
"28","25.3122566636019","0","true","28","20.07312016021585","85","true","28","26.409772059381798","55","true","28","23.48831730984501","15","true","28","18.976107501092088","5","true","28","20.580672315009686","25","true","28","23.005337992318","35","true","28","21.675641134450615","45","true","28","21.89309458528377","65","true","28","21.804642038936745","75","true","28","17.30809841551321","95","true","28","22.10943507936603","105","true","28","21.12178150818806","115","true","28","21.040188971020495","125","true","28","24.759368956475242","135","true"
"29","25.490435194754408","0","true","29","20.202042613922767","85","true","29","26.946601663252785","55","true","29","23.829933060188758","15","true","29","19.373354098351385","5","true","29","20.890016610724274","25","true","29","23.422652618163465","35","true","29","22.117373213649053","45","true","29","22.363376138727208","65","true","29","22.237118007511324","75","true","29","17.679764424568294","95","true","29","22.397428907700167","105","true","29","21.589172520598275","115","true","29","21.525407062329784","125","true","29","25.36177872517315","135","true"
"30","24.668163091697817","0","true","30","19.55036381992526","85","true","30","26.07735644830915","55","true","30","23.06122554211815","15","true","30","18.748407191952953","5","true","30","20.21614510715252","25","true","30","22.66708317886787","35","true","30","21.403909561595857","45","true","30","21.641976908445685","65","true","30","21.51979162017225","75","true","30","17.109449443130607","95","true","30","21.67493120100016","105","true","30","20.892747600578975","115","true","30","20.83103909257721","125","true","30","24.543656830812726","135","true"
"31","25.097973580575633","0","true","31","19.880548038438548","85","true","31","26.407288063647382","55","true","31","23.46910732544801","15","true","31","19.104753632793898","5","true","31","20.53246968863308","25","true","31","23.240178256664983","35","true","31","21.985889912192807","45","true","31","22.35449527657419","65","true","31","21.974755080095456","75","true","31","17.53866692578427","95","true","31","21.865176807306568","105","true","31","21.349952690674787","115","true","31","21.46517710192994","125","true","31","24.828832934654823","135","true"
"32","24.337428926618795","0","true","32","19.278107188788894","85","true","32","25.607067213233822","55","true","32","22.757922254979892","15","true","32","18.525821704527417","5","true","32","19.910273637462378","25","true","32","22.535930430705438","35","true","32","21.31965082394454","45","true","32","21.677086328799216","65","true","32","21.308853411001653","75","true","32","17.007192170457476","95","true","32","21.20259569193364","105","true","32","20.702984427321006","115","true","32","20.814717189750244","125","true","32","24.076444057847098","135","true"
"33","24.56174877600831","0","true","33","19.592422640367257","85","true","33","25.984532330109474","55","true","33","22.846777950290846","15","true","33","18.929569315782565","5","true","33","20.230358269518288","25","true","33","23.020380390581217","35","true","33","21.792234114823994","45","true","33","21.83655008625482","65","true","33","21.730161061040405","75","true","33","17.270214586307922","95","true","33","21.607875661702696","105","true","33","21.042608001037742","115","true","33","21.197244702282806","125","true","33","24.735247998945724","135","true"
"34","23.85998452526522","0","true","34","19.032639136356764","85","true","34","25.242117120677772","55","true","34","22.194012865996825","15","true","34","18.388724478188777","5","true","34","19.652348033246337","25","true","34","22.36265523656461","35","true","34","21.16959885440045","45","true","34","21.212648655218967","65","true","34","21.10929931643925","75","true","34","16.77677988384198","95","true","34","20.99050778565405","105","true","34","20.44139062957952","115","true","34","20.59160913936044","125","true","34","24.028526627547276","135","true"
"35","24.329811631160442","0","true","35","19.30025740711483","85","true","35","25.781500734092266","55","true","35","22.57166755598046","15","true","35","18.886545756192362","5","true","35","20.05143621801238","25","true","35","22.620034550537337","35","true","35","21.42662484613978","45","true","35","21.515455468489556","65","true","35","21.41219326209079","75","true","35","17.201239147324145","95","true","35","21.381960699940414","105","true","35","20.834937440060664","115","true","35","20.947143049904156","125","true","35","24.603320733787587","135","true"
"36","23.67224915464259","0","true","36","18.77862882854416","85","true","36","25.08470341695464","55","true","36","21.96162248689991","15","true","36","18.376098573592568","5","true","36","19.50950550941745","25","true","36","22.00868226538768","35","true","36","20.84752687732519","45","true","36","20.93395667204389","65","true","36","20.833485336088334","75","true","36","16.73634079199106","95","true","36","20.804069870212295","105","true","36","20.271831022761727","115","true","36","20.381004048555393","125","true","36","23.938366119360897","135","true"
"37","24.049473544569576","0","true","37","19.01968880664898","85","true","37","25.536164368955966","55","true","37","22.49777239882986","15","true","37","18.729017270009457","5","true","37","19.807011229726104","25","true","37","22.48162560030501","35","true","37","21.08138829657823","45","true","37","21.28949931099919","65","true","37","21.23053572461495","75","true","37","16.994825453379907","95","true","37","21.042305588712036","105","true","37","20.731630022734127","115","true","37","20.724053152666976","125","true","37","24.29176906361308","135","true"
"38","23.432820376760098","0","true","38","18.532004478273365","85","true","38","24.88139092359812","55","true","38","21.920906439885503","15","true","38","18.248786057957933","5","true","38","19.299139146912612","25","true","38","21.905173661835647","35","true","38","20.54083987871725","45","true","38","20.743614713281264","65","true","38","20.686163013727388","75","true","38","16.559060698165037","95","true","38","20.502759291565575","105","true","38","20.200049765740943","115","true","38","20.192667174393463","125","true","38","23.668903190187105","135","true"
"39","23.473997589024616","0","true","39","18.679259144791114","85","true","39","25.315361640333247","55","true","39","22.321401367350894","15","true","39","18.597187493775188","5","true","39","19.513680971396585","25","true","39","22.164882733430474","35","true","39","20.860168648522322","45","true","39","21.05699628901861","65","true","39","21.06527329308537","75","true","39","16.96445023598743","95","true","39","20.75617965110308","105","true","39","20.484597281443026","115","true","39","20.5508836672928","125","true","39","24.084874597953355","135","true"
"40","22.901461062463042","0","true","40","18.223667458332795","85","true","40","24.69791379544707","55","true","40","21.77697694375697","15","true","40","18.143597554902623","5","true","40","19.037737533069837","25","true","40","21.624275837493148","35","true","40","20.35138404733885","45","true","40","20.543411013676693","65","true","40","20.551486139595482","75","true","40","16.55068315706091","95","true","40","20.249931366929832","105","true","40","19.98497295750539","115","true","40","20.04964260223688","125","true","40","23.497438632149613","135","true"
"41","23.071657593778077","0","true","41","18.509160036052545","85","true","41","25.20381112993344","55","true","41","22.207829460259326","15","true","41","18.41967713663967","5","true","41","19.25433674524693","25","true","41","21.911929044023797","35","true","41","20.723109549113897","45","true","41","20.98281799429821","65","true","41","20.800464286142383","75","true","41","16.87808299107081","95","true","41","20.499575413469163","105","true","41","20.33324315445064","115","true","41","20.370871209195307","125","true","41","23.919494201634947","135","true"
"42","22.535107417178587","0","true","42","18.078714453818765","85","true","42","24.61767598737685","55","true","42","21.69136831002074","15","true","42","17.991312552066656","5","true","42","18.806561472101656","25","true","42","21.40234929881394","35","true","42","20.241176768901944","45","true","42","20.4948454828029","65","true","42","20.316732558557675","75","true","42","16.48556943313893","95","true","42","20.022841101528023","105","true","42","19.86037703457969","115","true","42","19.89713001828379","125","true","42","23.363226894620183","135","true"
"43","22.55586597444778","0","true","43","18.31368973276978","85","true","43","25.181857371980804","55","true","43","21.89897260583621","15","true","43","18.29377306413567","5","true","43","19.18028841428858","25","true","43","21.805587544302536","35","true","43","20.55559348791466","45","true","43","20.909020794827512","65","true","43","20.560680296938457","75","true","43","16.93054013706628","95","true","43","20.246576670546546","105","true","43","20.078154103825835","115","true","43","20.169152097990306","125","true","43","23.89828078963232","135","true"
"44","22.05462450834894","0","true","44","17.90671884981934","85","true","44","24.62226054149234","55","true","44","21.412328770150964","15","true","44","17.887244773821543","5","true","44","18.754059782859944","25","true","44","21.321018932206925","35","true","44","20.098802521516554","45","true","44","20.44437588827579","65","true","44","20.103776290339823","75","true","44","16.554305911798142","95","true","44","19.796652744534402","105","true","44","19.631972901518594","115","true","44","19.72094871803497","125","true","44","23.36720788319605","135","true"
"45","22.264628898728446","0","true","45","17.927967062691422","85","true","45","25.03258208354388","55","true","45","21.732163649168466","15","true","45","18.18702265367385","5","true","45","19.215598368918585","25","true","45","21.528668398704124","35","true","45","20.46916885459535","45","true","45","20.70534470719779","65","true","45","20.463931823694057","75","true","45","16.871667209488134","95","true","45","20.178116945472","105","true","45","19.89432916173839","115","true","45","20.009471781448713","125","true","45","23.912329614671467","135","true"
"46","21.79091339024486","0","true","46","17.546520954974582","85","true","46","24.499973954106775","55","true","46","21.26977718854786","15","true","46","17.800064724872282","5","true","46","18.806755850430957","25","true","46","21.07061162426361","35","true","46","20.033654623646513","45","true","46","20.264805458108476","65","true","46","20.02852901893461","75","true","46","16.512695566733065","95","true","46","19.748795308334298","105","true","46","19.471045562552465","115","true","46","19.58373833929023","125","true","46","23.403556644146544","135","true"
"47","22.067392239688992","0","true","47","17.705922784016053","85","true","47","24.909138846646258","55","true","47","21.648211323870687","15","true","47","17.935232861723094","5","true","47","18.992217785720953","25","true","47","21.404890589299995","35","true","47","20.33133648470805","45","true","47","20.4461550432966","65","true","47","20.44580990725775","75","true","47","16.859485582205046","95","true","47","20.03976024983267","105","true","47","19.658782471786918","115","true","47","19.86334259489714","125","true","47","23.753480305013262","135","true"
"48","21.61703729602187","0","true","48","17.344577421076952","85","true","48","24.40078907426572","55","true","48","21.206411092771287","15","true","48","17.569207701279765","5","true","48","18.60462150437971","25","true","48","20.968056087477546","35","true","48","19.916411250326252","45","true","48","20.02888657302524","65","true","48","20.028548480579023","75","true","48","16.51541444787433","95","true","48","19.630785550856494","105","true","48","19.257582829505555","115","true","48","19.457968256225772","125","true","48","23.26871540082932","135","true"
"49","21.637541433600443","0","true","49","17.501568542072366","85","true","49","24.86606902517032","55","true","49","21.391808293310362","15","true","49","17.717416267506934","5","true","49","18.83284781269892","25","true","49","21.30830677077077","35","true","49","20.168139030715967","45","true","49","20.18013523649955","65","true","49","20.357517417677354","75","true","49","16.739968443580825","95","true","49","19.882723286510668","105","true","49","19.52246252044532","115","true","49","19.869968668143887","125","true","49","23.751664492088715","135","true"
"50","21.21327591529455","0","true","50","17.158400531443494","85","true","50","24.378499044284624","55","true","50","20.972361071872903","15","true","50","17.37001594853621","5","true","50","18.463576286959725","25","true","50","20.89049683408899","35","true","50","19.77268532423134","45","true","50","19.784446310293674","65","true","50","19.9583504094876","75","true","50","16.411733768216497","95","true","50","19.492865967167322","105","true","50","19.13966913769149","115","true","50","19.480361439356752","125","true","50","23.285945580479133","135","true"
"51","21.460474243140464","0","true","51","17.27341710564796","85","true","51","24.811594439007077","55","true","51","21.357058908311604","15","true","51","17.559393897209095","5","true","51","18.645189182105014","25","true","51","21.249936872061305","35","true","51","20.007709779107902","45","true","51","19.937552427882057","65","true","51","20.35922373000333","75","true","51","16.66858931657196","95","true","51","19.75683109746784","105","true","51","19.469709963752937","115","true","51","19.77304730580625","125","true","51","23.409217119581918","135","true"
"52","21.05555963477932","0","true","52","16.947503575352716","85","true","52","24.343451147705057","55","true","52","20.954095532683084","15","true","52","17.22808457839383","5","true","52","18.293393159801145","25","true","52","20.84899466692807","35","true","52","19.63020582101153","45","true","52","19.561372193393716","65","true","52","19.975087433210813","75","true","52","16.35408763135362","95","true","52","19.384060699402408","105","true","52","19.10235694556892","115","true","52","19.399970941545753","125","true","52","22.96753377770301","135","true"
"53","21.03106464852337","0","true","53","17.052939874113346","85","true","53","24.665242444699548","55","true","53","21.233244217060108","15","true","53","17.490814102356207","5","true","53","18.546173250401054","25","true","53","21.149398669226514","35","true","53","20.08618340722157","45","true","53","19.729766954585738","65","true","53","20.294374193732583","75","true","53","16.623899709282096","95","true","53","19.575034494169937","105","true","53","19.418304599441605","115","true","53","19.589387806639362","125","true","53","23.352161151163347","135","true"
"54","20.648681654913855","0","true","54","16.742886421856742","85","true","54","24.216783491159557","55","true","54","20.847185231295377","15","true","54","17.172799300495186","5","true","54","18.208970100393763","25","true","54","20.76486414796785","35","true","54","19.720980072544812","45","true","54","19.371043919047818","65","true","54","19.925385572028357","75","true","54","16.32164698729515","95","true","54","19.21912477609412","105","true","54","19.065244515815394","115","true","54","19.233217119245918","125","true","54","22.927576402960376","135","true"
"55","20.676883304797066","0","true","55","16.865019180270995","85","true","55","24.735593558396126","55","true","55","21.0587555380205","15","true","55","17.46553305333437","5","true","55","18.2884032757716","25","true","55","21.16253842420571","35","true","55","20.06754326783456","45","true","55","19.549937588838016","65","true","55","20.266828812120774","75","true","55","16.546001250829555","95","true","55","19.472212271367084","105","true","55","19.243522725095918","115","true","55","19.491034013990614","125","true","55","23.256215553122086","135","true"
"56","20.314130966116416","0","true","56","16.569141650792556","85","true","56","24.301635776669876","55","true","56","20.68930368647628","15","true","56","17.159120192749555","5","true","56","17.967554095494904","25","true","56","20.791265820272276","35","true","56","19.71548110524097","45","true","56","19.206956227630332","65","true","56","19.91127041190813","75","true","56","16.25572052713079","95","true","56","19.130594512220295","105","true","56","18.90591706325213","115","true","56","19.149086048832885","125","true","56","22.848211771488366","135","true"
"57","20.673249619893546","0","true","57","16.675475163928827","85","true","57","24.469949278082026","55","true","57","21.03122094090578","15","true","57","17.332233785949548","5","true","57","18.19941002440842","25","true","57","21.26550744515976","35","true","57","20.064203992280827","45","true","57","19.38459600862938","65","true","57","20.20630312469017","75","true","57","16.493270623861182","95","true","57","19.37158754103634","105","true","57","19.40870813766472","115","true","57","19.443746223840687","125","true","57","23.06571890753995","135","true"
"58","20.322855558539416","0","true","58","16.392839991658846","85","true","58","24.05520437506369","55","true","58","20.67475956902602","15","true","58","17.03846711161142","5","true","58","17.89094544772353","25","true","58","20.90507511558078","35","true","58","19.724132738174372","45","true","58","19.05604353390685","65","true","58","19.863823410712367","75","true","58","16.213723664134722","95","true","58","19.043255548815385","105","true","58","19.07974698278905","115","true","58","19.114191203097626","125","true","58","22.67477451927656","135","true"
"59","20.384582620409862","0","true","59","16.437085997434306","85","true","59","24.26487043779813","55","true","59","20.97087836379601","15","true","59","17.286538217552266","5","true","59","18.08008643974154","25","true","59","21.092623783471662","35","true","59","19.952071500998805","45","true","59","19.210312335607863","65","true","59","20.146871816241767","75","true","59","16.342934932348104","95","true","59","19.269410121229146","105","true","59","19.285422641694044","115","true","59","19.321373798940407","125","true","59","23.047148274130688","135","true"
"60","20.050409134829373","0","true","60","16.16762557124686","85","true","60","23.867085676522752","55","true","60","20.62709347258624","15","true","60","17.003152345133376","5","true","60","17.783691580073643","25","true","60","20.746843065709832","35","true","60","19.62498836163817","45","true","60","18.89538918256511","65","true","60","19.816595229090264","75","true","60","16.075017966244037","95","true","60","18.953518152028668","105","true","60","18.969268172158078","115","true","60","19.004629966170892","125","true","60","22.669326171276087","135","true"
"61","20.216742817556103","0","true","61","16.332505425844595","85","true","61","24.15900008513523","55","true","61","20.86945192644824","15","true","61","17.22314783038428","5","true","61","17.975311926195545","25","true","61","20.954640688260863","35","true","61","19.94379604593519","45","true","61","18.997016360502332","65","true","61","20.071520195738035","75","true","61","16.277101717269545","95","true","61","19.284625285273677","105","true","61","19.246469301708625","115","true","61","19.126027146030825","125","true","61","22.94551188920289","135","true"
"62","19.895842137912354","0","true","62","16.073259307974045","85","true","62","23.77552389330769","55","true","62","20.538190784758584","15","true","62","16.949764531489294","5","true","62","17.689989514668632","25","true","62","20.622027344002753","35","true","62","19.62722785472987","45","true","62","18.695476418272136","65","true","62","19.752924637075527","75","true","62","16.018735023344632","95","true","62","18.978520122015365","105","true","62","18.940969788983093","115","true","62","18.822439413554143","125","true","62","22.5812974147711","135","true"
"63","19.948790903299145","0","true","63","16.22552431408159","85","true","63","24.07170969564944","55","true","63","20.77181436257173","15","true","63","17.175940932108418","5","true","63","17.89596163454891","25","true","63","20.80666559086792","35","true","63","19.965588628632478","45","true","63","18.915324332954384","65","true","63","20.112486004435915","75","true","63","16.183158839105307","95","true","63","19.161952238135164","105","true","63","19.214113119840007","115","true","63","19.08741861998636","125","true","63","23.045154329741223","135","true"
"64","19.641886427863774","0","true","64","15.975900863095719","85","true","64","23.701375700331756","55","true","64","20.452247987762934","15","true","64","16.911695686999057","5","true","64","17.620639147863546","25","true","64","20.486563043316103","35","true","64","19.658425726653515","45","true","64","18.624319343216623","65","true","64","19.80306314282921","75","true","64","15.934187164657533","95","true","64","18.867152972933084","105","true","64","18.918511379534774","115","true","64","18.793766025832724","125","true","64","22.69061349389905","135","true"
"65","19.62090546698315","0","true","65","16.093408957432736","85","true","65","23.946042049414988","55","true","65","20.673464348533532","15","true","65","17.195305485209442","5","true","65","17.74268429303092","25","true","65","20.684191898806663","35","true","65","19.924935994276456","45","true","65","18.746632343911013","65","true","65","20.01098446935209","75","true","65","16.136963119923234","95","true","65","19.006136629857114","105","true","65","19.258963573679452","115","true","65","19.01529734089917","125","true","65","23.033988022892473","135","true"
"66","19.328056131655043","0","true","66","15.85320882373971","85","true","66","23.588638436737153","55","true","66","20.364905179152434","15","true","66","16.938659134683927","5","true","66","17.477868109552844","25","true","66","20.37547261673492","35","true","66","19.62754888988427","45","true","66","18.466831861166074","65","true","66","19.712313059361758","75","true","66","15.896112924103486","95","true","66","18.72246294881447","105","true","66","18.97151635616185","115","true","66","18.731486932826048","125","true","66","22.69019715687915","135","true"
"67","19.39434401728287","0","true","67","15.907098087889596","85","true","67","23.82192486038477","55","true","67","20.607913037931674","15","true","67","17.16627555893066","5","true","67","17.57708074761633","25","true","67","20.576595437426445","35","true","67","19.913829203289463","45","true","67","18.53160504359997","65","true","67","19.789665544216728","75","true","67","16.030541716131168","95","true","67","18.95746981851701","105","true","67","19.159518789190926","115","true","67","18.97974695741063","125","true","67","23.01070331111549","135","true"
"68","19.11326656775703","0","true","68","15.67656043444192","85","true","68","23.476679572553106","55","true","68","20.30924763158484","15","true","68","16.917488956627317","5","true","68","17.322340446926237","25","true","68","20.2783839093478","35","true","68","19.625222982951936","45","true","68","18.26303105746084","65","true","68","19.502858797199092","75","true","68","15.798215024593036","95","true","68","18.68272387911821","105","true","68","18.881844603840335","115","true","68","18.70467816092642","125","true","68","22.677214857331208","135","true"
"69","19.253679232522916","0","true","69","15.688299070427634","85","true","69","23.757422074919916","55","true","69","20.5370824932734","15","true","69","17.18069801462294","5","true","69","17.454809596189264","25","true","69","20.41546576646603","35","true","69","19.791157078229595","45","true","69","18.48120475720666","65","true","69","19.773707861107717","75","true","69","15.962466433527029","95","true","69","18.91384421528634","105","true","69","19.074626148416712","115","true","69","18.953444125829503","125","true","69","22.92667511304436","135","true"
"70","18.982500651783155","0","true","70","15.469754813617337","85","true","70","23.42281049639992","55","true","70","20.24782781026955","15","true","70","16.938716352445155","5","true","70","17.20896720751054","25","true","70","20.127923995107356","35","true","70","19.512408386986927","45","true","70","18.220906098654453","65","true","70","19.49520493348648","75","true","70","15.737642962632282","95","true","70","18.647452043240055","105","true","70","18.805969442100984","115","true","70","18.687487099581606","125","true","70","22.60376419595923","135","true"
"71","19.192692477412646","0","true","71","15.568218046824729","85","true","71","23.590565005739002","55","true","71","20.517530671807805","15","true","71","17.127771234214105","5","true","71","17.302658613456813","25","true","71","20.3120500111185","35","true","71","19.729583195828656","45","true","71","18.317565095660484","65","true","71","19.639384954419228","75","true","71","15.887535721147112","95","true","71","18.8106803450236","105","true","71","19.054813459532024","115","true","71","18.855974894519186","125","true","71","22.842159395938396","135","true"
"72","18.92977888183165","0","true","72","15.354954785909323","85","true","72","23.267406581002852","55","true","72","20.236468607810437","15","true","72","16.893144231005692","5","true","72","17.06563589272453","25","true","72","20.033802750692217","35","true","72","19.4593149328721","45","true","72","18.06663954640486","65","true","72","19.370352283810742","75","true","72","15.66989824551496","95","true","72","18.55299979235204","105","true","72","18.793788617620628","115","true","72","18.59767386856687","125","true","72","22.52925310284335","135","true"
"73","19.107000818271317","0","true","73","15.449808554367507","85","true","73","23.58216590297033","55","true","73","20.486493353775746","15","true","73","17.156206232274776","5","true","73","17.1795707152415","25","true","73","20.344277508763614","35","true","73","19.726989112530134","45","true","73","18.141563675216272","65","true","73","19.498918523036572","75","true","73","15.819768641197117","95","true","73","18.750042352668686","105","true","73","18.959543361810226","115","true","73","18.773923658098305","125","true","73","22.733202614188176","135","true"
"74","18.873502509320087","0","true","74","15.256189932002298","85","true","74","23.26773702426406","55","true","74","20.213340109058734","15","true","74","16.927456815844447","5","true","74","16.950509772371614","25","true","74","20.07302047531343","35","true","74","19.463962591029734","45","true","74","17.899676159546722","65","true","74","19.238932942729416","75","true","74","15.608838392647822","95","true","74","18.500041787966435","105","true","74","18.706749450319425","115","true","74","18.523604675990327","125","true","74","22.452562831281547","135","true"
"75","19.018926874337247","0","true","75","15.338852012633781","85","true","75","23.497467265563053","55","true","75","20.44719302875034","15","true","75","17.14158814589059","5","true","75","17.12729992766452","25","true","75","20.28508497885068","35","true","75","19.672968810734158","45","true","75","18.014032353048705","65","true","75","19.339306357242894","75","true","75","15.703055485479451","95","true","75","18.73954218690235","105","true","75","19.01978253488336","115","true","75","18.735605168962444","125","true","75","22.657920217512803","135","true"
"76","18.774752355592273","0","true","76","15.139646142339837","85","true","76","23.192305353023272","55","true","76","20.181645067338","15","true","76","16.922342240839637","5","true","76","16.904867461071476","25","true","76","20.035044539039916","35","true","76","19.417475709296053","45","true","76","17.78008388093119","65","true","76","19.088146534421558","75","true","76","15.499119699953745","95","true","76","18.496171509150372","105","true","76","18.772772372092668","115","true","76","18.4981207566882","125","true","76","22.372531159180625","135","true"
"77","18.83416713817875","0","true","77","15.203401330271696","85","true","77","23.43165103225764","55","true","77","20.416626615852593","15","true","77","17.13176808479483","5","true","77","17.085802745414032","25","true","77","20.2940766381477","35","true","77","19.66579512439519","45","true","77","17.928409127874033","65","true","77","19.191281419648053","75","true","77","15.633198425893918","95","true","77","18.67930843736503","105","true","77","18.99003527675909","115","true","77","18.65557055132742","125","true","77","22.544315477077223","135","true"
"78","18.629923236937067","0","true","78","15.022774066702816","85","true","78","23.142651562984618","55","true","78","20.169843073728693","15","true","78","16.91491026093667","5","true","78","16.869526761294868","25","true","78","20.037189592095196","35","true","78","19.416861008896515","45","true","78","17.701467240179426","65","true","78","18.948353806741114","75","true","78","15.450878702556473","95","true","78","18.442861495119903","105","true","78","18.749655083382393","115","true","78","18.425571122021132","125","true","78","22.28802509817358","135","true"
"79","18.73218160580574","0","true","79","15.188948345873655","85","true","79","23.43111894877707","55","true","79","20.358908116687424","15","true","79","17.072173223331617","5","true","79","16.945235373792084","25","true","79","20.31820651208203","35","true","79","19.659644638492317","45","true","79","17.773054272292207","65","true","79","19.013254356524737","75","true","79","15.54979790862168","95","true","79","18.70433065424239","105","true","79","18.91397728604266","115","true","79","18.496102018777403","125","true","79","22.477515647293238","135","true"
"80","18.500920104499492","0","true","80","15.0014304650604","85","true","80","23.141845875335374","55","true","80","20.12105114057181","15","true","80","16.861405652673202","5","true","80","16.736034937078603","25","true","80","20.067364456377312","35","true","80","19.416932976288706","45","true","80","17.553633849177487","65","true","80","18.778522821259","75","true","80","15.357825094934993","95","true","80","18.473412991844334","105","true","80","18.68047139362238","115","true","80","18.26775508027398","125","true","80","22.20496637417874","135","true"
"81","18.61492336291744","0","true","81","15.13415495451364","85","true","81","23.397366707779195","55","true","81","20.313625396675516","15","true","81","17.0518444430128","5","true","81","16.905095021755113","25","true","81","20.345015341172907","35","true","81","19.64287097334797","45","true","81","17.63744125396194","65","true","81","18.80320543832463","75","true","81","15.440409528039375","95","true","81","18.674075262540573","105","true","81","18.878721334900973","115","true","81","18.43922909796114","125","true","81","22.437813191877872","135","true"
"82","18.4180755374629","0","true","82","14.959752690138844","85","true","82","23.12972448907574","55","true","82","20.07494353030719","15","true","82","16.855621310105093","5","true","82","16.701419178119508","25","true","82","20.108477360736767","35","true","82","19.40620987728354","45","true","82","17.424941961745528","65","true","82","18.581108926328252","75","true","82","15.272201076477108","95","true","82","18.449086403955747","105","true","82","18.651266860986503","115","true","82","18.223716707951294","125","true","82","22.177189093936807","135","true"
"83","18.55100526196402","0","true","83","15.106585052306519","85","true","83","23.369306310497787","55","true","83","20.32288282579447","15","true","83","17.024048681645755","5","true","83","16.770044278771344","25","true","83","20.40157780303616","35","true","83","19.6612727119806","45","true","83","17.500584074745987","65","true","83","18.594127793921356","75","true","83","15.466544021712748","95","true","83","18.60614916095161","105","true","83","18.893641974026334","115","true","83","18.293142557167904","125","true","83","22.45112554518292","135","true"
"84","18.341274591988228","0","true","84","14.928860522279384","85","true","84","23.094373295080167","55","true","84","20.088134527989236","15","true","84","16.823765755979334","5","true","84","16.572749640197564","25","true","84","20.161559240647502","35","true","84","19.429963621251417","45","true","84","17.294694850337212","65","true","84","18.37709647950792","75","true","84","15.284584680280833","95","true","84","18.387253288469825","105","true","84","18.671363833155436","115","true","84","18.07792911531887","125","true","84","22.192474555601226","135","true"
"85","18.536061246551476","0","true","85","15.066621390676955","85","true","85","23.26638784402383","55","true","85","20.211682395057366","15","true","85","17.03236630628573","5","true","85","16.686387121967435","25","true","85","20.338037651742738","35","true","85","19.59987820446444","45","true","85","17.401731863053428","65","true","85","18.34261974602494","75","true","85","15.350840386575078","95","true","85","18.58325942357482","105","true","85","18.813055801296034","115","true","85","18.128772917249954","125","true","85","22.446033077018697","135","true"
"86","18.338901458576096","0","true","86","14.902913807144705","85","true","86","23.005674901432787","55","true","86","19.992607111807622","15","true","86","16.836591980926123","5","true","86","16.494589568841374","25","true","86","20.104267104021556","35","true","86","19.374592248091282","45","true","86","17.20171195658155","65","true","86","18.13686995976544","75","true","86","15.194006641703512","95","true","86","18.369658740545223","105","true","86","18.596813780591482","115","true","86","17.920396217051678","125","true","86","22.20568128264352","135","true"
"87","18.41071039641718","0","true","87","15.06483271858121","85","true","87","23.231223516113026","55","true","87","20.182565999980365","15","true","87","17.04428094557899","5","true","87","16.579847107481264","25","true","87","20.32978742128064","35","true","87","19.524807394212587","45","true","87","17.227373849114002","65","true","87","18.067166066296622","75","true","87","15.325850265942039","95","true","87","18.536564874318522","105","true","87","18.796795471605957","115","true","87","18.00490989122332","125","true","87","22.3475483592011","135","true"
"88","18.212488755014313","0","true","88","14.895564935226366","85","true","88","22.97262279156978","55","true","88","19.959663664700557","15","true","88","16.852772170909564","5","true","88","16.39355669054327","25","true","88","20.10136284351344","35","true","88","19.305427535850647","45","true","88","17.033807850809353","65","true","88","17.86571126935603","75","true","88","15.153649701156173","95","true","88","18.328288864494716","105","true","88","18.58559552248679","115","true","88","17.80260753289497","125","true","88","22.10929157094571","135","true"
"89","18.283327581318275","0","true","89","15.032765304646759","85","true","89","23.102614747898823","55","true","89","20.150738934572157","15","true","89","17.032395397623297","5","true","89","16.453213492120206","25","true","89","20.361266943067385","35","true","89","19.543264624789888","45","true","89","17.094161061965067","65","true","89","17.805485271235142","75","true","89","15.238357843139177","95","true","89","18.529171583975465","105","true","89","18.785830094042684","115","true","89","17.90483106787163","125","true","89","22.21589590453741","135","true"
"90","18.098153708428885","0","true","90","14.89155526440509","85","true","90","22.855688275526074","55","true","90","19.94724602718087","15","true","90","16.845226217429634","5","true","90","16.272408948250753","25","true","90","20.13751675687983","35","true","90","19.328503475066924","45","true","90","16.90631313820721","65","true","90","17.609820597924866","75","true","90","15.08353926410921","95","true","90","18.32555431382189","105","true","90","18.579392400701554","115","true","90","17.728686021430235","125","true","90","21.99870209144589","135","true"
"91","18.21690437479968","0","true","91","14.919356677319316","85","true","91","22.975557841922996","55","true","91","20.11387968586408","15","true","91","16.986546287436134","5","true","91","16.365413403328297","25","true","91","20.32268194348044","35","true","91","19.568226278634995","45","true","91","17.03301317750304","65","true","91","17.552325569200434","75","true","91","15.189077336700182","95","true","91","18.47547475500514","105","true","91","18.77398106139806","115","true","91","17.865779997910142","125","true","91","22.228225196330598","135","true"
"92","18.0386802324843","0","true","92","14.758933487240613","85","true","92","22.73020021659071","55","true","92","19.89973081885377","15","true","92","16.803895252087358","5","true","92","16.189441216195736","25","true","92","20.104158481722585","35","true","92","19.357815243380855","45","true","92","16.84986249817505","65","true","92","17.365145839225264","75","true","92","15.025753924477598","95","true","92","18.27681373613412","105","true","92","18.572110297297005","115","true","92","17.67367483664229","125","true","92","22.000242440123113","135","true"
"93","18.198363229455214","0","true","93","14.869760834751311","85","true","93","22.749444294892342","55","true","93","20.114520739827167","15","true","93","16.947959716092942","5","true","93","16.213647265289456","25","true","93","20.30571382903785","35","true","93","19.545364081266808","45","true","93","16.869757602847415","65","true","93","17.349879230353167","75","true","93","15.119164643431153","95","true","93","18.41510208480737","105","true","93","18.64994734302656","115","true","93","17.839553082712136","125","true","93","22.088581904874573","135","true"
"94","18.009442878250493","0","true","94","14.729827656967037","85","true","94","22.53010855608667","55","true","94","19.911186075540574","15","true","94","16.781822354006287","5","true","94","16.042977294075882","25","true","94","20.096328087790376","35","true","94","19.339623406727156","45","true","94","16.692181207027968","65","true","94","17.171159616472266","75","true","94","14.963121091497408","95","true","94","18.22125890496729","105","true","94","18.453632107836807","115","true","94","17.65878778672281","125","true","94","21.866144865686334","135","true"
"95","18.140300152527434","0","true","95","14.807794525009792","85","true","95","22.565365358696912","55","true","95","20.067887178544396","15","true","95","16.866671624107973","5","true","95","16.04042965663675","25","true","95","20.299125674673594","35","true","95","19.460191469691143","45","true","95","16.726801630323283","65","true","95","17.13775406298659","75","true","95","15.073126574051845","95","true","95","18.381186412050308","105","true","95","18.573557935304592","115","true","95","17.715363333566945","125","true","95","22.06722694823021","135","true"
"96","17.972408467688837","0","true","96","14.655136849494227","85","true","96","22.340230196216613","55","true","96","19.882142226935184","15","true","96","16.692788411488305","5","true","96","15.875064402444618","25","true","96","20.08985633782129","35","true","96","19.25957093907577","45","true","96","16.554360376402425","65","true","96","16.969519718809973","75","true","96","14.917733516587393","95","true","96","18.19168964491577","105","true","96","18.382077956590113","115","true","96","17.540079097261152","125","true","96","21.846505642558594","135","true"
"97","18.042768911693496","0","true","97","14.75506845843894","85","true","97","22.411465087596085","55","true","97","20.045376195395676","15","true","97","16.823553048278832","5","true","97","15.916908211304907","25","true","97","20.304255063454377","35","true","97","19.374497293237315","45","true","97","16.550330685538533","65","true","97","16.89510814411599","75","true","97","14.964076637523226","95","true","97","18.356443806775616","105","true","97","18.529476728878375","115","true","97","17.594919512486136","125","true","97","22.01934466019308","135","true"
"98","17.865519354705103","0","true","98","14.620167784219158","85","true","98","22.19267902383141","55","true","98","19.848471028732988","15","true","98","16.65361816900329","5","true","98","15.756131360685666","25","true","98","20.09916157796494","35","true","98","19.178795300376333","45","true","98","16.383155628108852","65","true","98","16.72592994133481","75","true","98","14.832609234565016","95","true","98","18.171025182464753","105","true","98","18.34935027017297","115","true","98","17.419153028826504","125","true","98","21.808813869490745","135","true"
"99","17.96457975852333","0","true","99","14.694800592184594","85","true","99","22.26575639660266","55","true","99","20.022742511762782","15","true","99","16.703928861122993","5","true","99","15.850460713058846","25","true","99","20.31663006118737","35","true","99","19.370579282961543","45","true","99","16.433954084393868","65","true","99","16.682679896088587","75","true","99","14.96418435700285","95","true","99","18.348362786667288","105","true","99","18.45803184083655","115","true","99","17.55090676776251","125","true","99","21.914953491842926","135","true"
"100","17.80816583785093","0","true","100","14.549307517014448","85","true","100","22.059814620059722","55","true","100","19.824497536398795","15","true","100","16.544723233967343","5","true","100","15.693525458474104","25","true","100","20.119424570859973","35","true","100","19.178791369268858","45","true","100","16.2712416677167","65","true","100","16.522713309220446","75","true","100","14.817873254143269","95","true","100","18.166695828383453","105","true","100","18.275279050333218","115","true","100","17.37713541362625","125","true","100","21.697973754299927","135","true"
"101","17.953285026791278","0","true","101","14.585835817427128","85","true","101","22.12392594714274","55","true","101","20.03536046273562","15","true","101","16.703309934205148","5","true","101","15.68580708149995","25","true","101","20.280658597820167","35","true","101","19.275829058488146","45","true","101","16.280608856808175","65","true","101","16.494755762533178","75","true","101","14.891096568749091","95","true","101","18.31630289227751","105","true","101","18.346577446739726","115","true","101","17.483152938183327","125","true","101","21.842081893298726","135","true"
"102","17.786438287401047","0","true","102","14.463822534906473","85","true","102","21.91909589021897","55","true","102","19.859444812024552","15","true","102","16.547652495843476","5","true","102","15.533517692359174","25","true","102","20.08375899978308","35","true","102","19.088685087046514","45","true","102","16.122544693149845","65","true","102","16.342017447592575","75","true","102","14.765295173117813","95","true","102","18.13847470885734","105","true","102","18.174543422502435","115","true","102","17.3249368305767","125","true","102","21.648267483992587","135","true"
"103","17.89392210829803","0","true","103","14.520856721177152","85","true","103","21.97143530769712","55","true","103","19.9900185542295","15","true","103","16.623428296706","5","true","103","15.584836082216693","25","true","103","20.253121190791408","35","true","103","19.271422327216804","45","true","103","16.172956563425107","65","true","103","16.325412064617005","75","true","103","14.840835161435917","95","true","103","18.27507023804407","105","true","103","18.298250151719508","115","true","103","17.400769213046836","125","true","103","21.701491873006166","135","true"
"104","17.746473366406747","0","true","104","14.382562847642133","85","true","104","21.762183542861912","55","true","104","19.7996374251416","15","true","104","16.467161401987823","5","true","104","15.436409071909868","25","true","104","20.06023432230768","35","true","104","19.0878849717195","45","true","104","16.0189284056782","65","true","104","16.172157533484143","75","true","104","14.699493874184146","95","true","104","18.101021950062698","105","true","104","18.1265089565572","115","true","104","17.23697908978093","125","true","104","21.50372623078456","135","true"
"105","18.000364733061637","0","true","105","14.411612544210518","85","true","105","21.810747114964652","55","true","105","19.883890535983262","15","true","105","16.546491829988362","5","true","105","15.49414543324875","25","true","105","20.24588313606889","35","true","105","19.26290632377651","45","true","105","16.00567415535524","65","true","105","16.148150265643604","75","true","105","14.758621707495749","95","true","105","18.225629329158487","105","true","105","18.235935247399414","115","true","105","17.29534215355642","125","true","105","21.604000647195598","135","true"
"106","17.832137025276015","0","true","106","14.283910774836151","85","true","106","21.612896371930983","55","true","106","19.699131520975264","15","true","106","16.395537073912866","5","true","106","15.349340335741752","25","true","106","20.07284975156884","35","true","106","19.082879161872054","45","true","106","15.856088415585567","65","true","106","15.997232973441328","75","true","106","14.625654744647493","95","true","106","18.0569028378095","105","true","106","18.066664735185885","115","true","106","17.13370344184094","125","true","106","21.411076201875577","135","true"
"107","17.987240387287606","0","true","107","14.331669389440876","85","true","107","21.613867398109786","55","true","107","19.7350661400804","15","true","107","16.430686347027702","5","true","107","15.374135780370736","25","true","107","20.267762975017444","35","true","107","19.229822866575887","45","true","107","15.899996235222794","65","true","107","16.00291766070995","75","true","107","14.687716977378651","95","true","107","18.211341972093273","105","true","107","18.148749141326622","115","true","107","17.196344398004758","125","true","107","21.61402033230728","135","true"
"108","17.838451143850182","0","true","108","14.200186184033162","85","true","108","21.41683936412972","55","true","108","19.563507601304785","15","true","108","16.287210173486077","5","true","108","15.233088663119629","25","true","108","20.081820195430126","35","true","108","19.05340247330455","45","true","108","15.758146253774632","65","true","108","15.863650207940083","75","true","108","14.55296728033848","95","true","108","18.044265440239208","105","true","108","17.98571680413683","115","true","108","17.042930938227936","125","true","108","21.42222905608034","135","true"
"109","17.938845036071005","0","true","109","14.26435311885545","85","true","109","21.47089927719018","55","true","109","19.587535720265013","15","true","109","16.29052057081713","5","true","109","15.2774898956034","25","true","109","20.270816165877115","35","true","109","19.258543356193975","45","true","109","15.798407213583605","65","true","109","15.861744430181005","75","true","109","14.63831477810899","95","true","109","18.18276439235151","105","true","109","18.105485547186046","115","true","109","17.054717681797158","125","true","109","21.47889557814103","135","true"
"110","17.781670841416695","0","true","110","14.157082247739622","85","true","110","21.281689299339714","55","true","110","19.418526324924837","15","true","110","16.144578302498456","5","true","110","15.139854851498866","25","true","110","20.08819620041876","35","true","110","19.085042965597633","45","true","110","15.663977387467952","65","true","110","15.724061305926258","75","true","110","14.521062953959632","95","true","110","18.018955704132125","105","true","110","17.947342042864022","115","true","110","16.912588681321377","125","true","110","21.30714556100215","135","true"
"111","17.941349790804413","0","true","111","14.177259167196352","85","true","111","21.311624495871264","55","true","111","19.501429645434687","15","true","111","16.23214536026007","5","true","111","15.117220427288713","25","true","111","20.185712229535895","35","true","111","19.22637245704413","45","true","111","15.664537244535227","65","true","111","15.715860520493944","75","true","111","14.557102284229842","95","true","111","18.126885231609535","105","true","111","18.05487493804689","115","true","111","16.92323699529619","125","true","111","21.416768446309238","135","true"
"112","17.8001916499331","0","true","112","14.05179669669019","85","true","112","21.126870499491428","55","true","112","19.328850622023758","15","true","112","16.10228487259468","5","true","112","14.983439715542794","25","true","112","20.007077608035576","35","true","112","19.056227568043738","45","true","112","15.535885073785822","65","true","112","15.580293303880458","75","true","112","14.42827837021011","95","true","112","17.969944023953328","105","true","112","17.89509728372789","115","true","112","16.77423155676182","125","true","112","21.231453889553794","135","true"
"113","17.983680517117953","0","true","113","14.147309241214588","85","true","113","21.075996419494007","55","true","113","19.423760749903224","15","true","113","16.161530602292558","5","true","113","15.02991102430718","25","true","113","20.178976605492597","35","true","113","19.16526103004477","45","true","113","15.642101927914538","65","true","113","15.59441418096645","75","true","113","14.468467777020965","95","true","113","18.113641669248306","105","true","113","17.95113231631954","115","true","113","16.788468684772976","125","true","113","21.285854887958617","135","true"
"114","17.83223416572305","0","true","114","14.03801302692594","85","true","114","20.898849314892065","55","true","114","19.26406943442818","15","true","114","16.024571451653337","5","true","114","14.904074847647701","25","true","114","20.02388646198489","35","true","114","18.99860658630525","45","true","114","15.51996594707831","65","true","114","15.46606648943563","75","true","114","14.35852444185766","95","true","114","17.956131741689624","105","true","114","17.79942454103145","115","true","114","16.646586049867736","125","true","114","21.11890435007339","135","true"
"115","17.930750083531247","0","true","115","14.13499357401518","85","true","115","20.91288941977474","55","true","115","19.349288127459687","15","true","115","16.098709249151163","5","true","115","14.930632385311748","25","true","115","20.15873018614397","35","true","115","19.137065216086967","45","true","115","15.51486415963741","65","true","115","15.462697447386072","75","true","115","14.379648841791868","95","true","115","18.030258465580502","105","true","115","17.87195826461443","115","true","115","16.668482719214573","125","true","115","21.235474232973974","135","true"
"116","17.80101222047833","0","true","116","14.014181663126163","85","true","116","20.73414677516128","55","true","116","19.18722803183895","15","true","116","15.961113443602864","5","true","116","14.803020142702247","25","true","116","19.986433346946157","35","true","116","18.97350055612041","45","true","116","15.393552105755475","65","true","116","15.330537640143454","75","true","116","14.256745860238091","95","true","116","17.876153692370412","105","true","116","17.71920648457499","115","true","116","16.532834634552007","125","true","116","21.062368301292455","135","true"
"117","17.89011665450685","0","true","117","14.030304652685809","85","true","117","20.71046108404046","55","true","117","19.219618984077677","15","true","117","16.037236304354373","5","true","117","14.78588780852377","25","true","117","20.150062090648763","35","true","117","19.092853176248695","45","true","117","15.492639695248359","65","true","117","15.314489215532825","75","true","117","14.31059216526372","95","true","117","18.006275747109196","105","true","117","17.819233661616483","115","true","117","16.551442522800603","125","true","117","21.157712620359508","135","true"
"118","17.741937515235826","0","true","118","13.936103524537335","85","true","118","20.539037739664696","55","true","118","19.061911757128545","15","true","118","15.90607928502814","5","true","118","14.667411554923532","25","true","118","19.982788322949478","35","true","118","18.93240903191047","45","true","118","15.374546380447986","65","true","118","15.191285068227387","75","true","118","14.19658629284372","95","true","118","17.870599951982644","105","true","118","17.66949220227517","115","true","118","16.41492328956586","125","true","118","20.990555828909205","135","true"
"119","17.813002542265426","0","true","119","13.957000070960685","85","true","119","20.566552870437064","55","true","119","19.116768859755368","15","true","119","16.01328027692285","5","true","119","14.69475903513555","25","true","119","20.159550353719002","35","true","119","19.05851904050322","45","true","119","15.35438145623921","65","true","119","15.206912569237232","75","true","119","14.213309111963008","95","true","119","17.99496364535847","105","true","119","17.744467231193006","115","true","119","16.443744887052027","125","true","119","21.068696370784593","135","true"
"120","17.6837429454398","0","true","120","13.841652962936216","85","true","120","20.406740972174806","55","true","120","18.968204481676025","15","true","120","15.880939117609437","5","true","120","14.576831048542353","25","true","120","20.008396480444087","35","true","120","18.901010618680882","45","true","120","15.23304069920615","65","true","120","15.086746988014344","75","true","120","14.10246497061516","95","true","120","17.846244937545592","105","true","120","17.6005064262577","115","true","120","16.307846168977218","125","true","120","20.908849764968483","135","true"
"121","17.764398444492432","0","true","121","13.858477069126963","85","true","121","20.387492078909577","55","true","121","19.01463263771114","15","true","121","15.910851506836538","5","true","121","14.607593750343582","25","true","121","20.167705854444606","35","true","121","19.073107147427677","45","true","121","15.320605115611862","65","true","121","15.073882151248242","75","true","121","14.136843026513693","95","true","121","17.9376595352037","105","true","121","17.69409093654889","115","true","121","16.310081037755314","125","true","121","21.012164669043727","135","true"
"122","17.62894837713034","0","true","122","13.755901998776316","85","true","122","20.22174011078836","55","true","122","18.866748905314537","15","true","122","15.785468880900167","5","true","122","14.490141754404995","25","true","122","20.00926495359407","35","true","122","18.91804123565997","45","true","122","15.206794109264338","65","true","122","14.951330263839719","75","true","122","14.026678736308739","95","true","122","17.79182490483619","105","true","122","17.553006199359533","115","true","122","16.186828592569306","125","true","122","20.849251887419015","135","true"
"123","17.788229215562087","0","true","123","13.806864025997214","85","true","123","20.162760108180223","55","true","123","18.931244525421327","15","true","123","15.841309871275142","5","true","123","14.474498687393174","25","true","123","20.124103845949264","35","true","123","19.050027682877367","45","true","123","15.217467004657028","65","true","123","14.890655954206954","75","true","123","14.046697932585426","95","true","123","17.865311271321563","105","true","123","17.611319728949603","115","true","123","16.235121812711604","125","true","123","20.965287558444473","135","true"
"124","17.65462062498656","0","true","124","13.696409113789237","85","true","124","20.004996438002184","55","true","124","18.78219466550445","15","true","124","15.722099698243666","5","true","124","14.362646243063045","25","true","124","19.96311101518167","35","true","124","18.89762746141435","45","true","124","15.099234054678757","65","true","124","14.776568000608307","75","true","124","13.934324349124742","95","true","124","17.730822068030264","105","true","124","17.471960121515075","115","true","124","16.10746639036126","125","true","124","20.807171613472562","135","true"
"125","17.725711954175363","0","true","125","13.726643359535728","85","true","125","19.94579422516341","55","true","125","18.784875292499144","15","true","125","15.769280383709567","5","true","125","14.38479161777228","25","true","125","20.13484417076546","35","true","125","19.01755288538226","45","true","125","15.084130114708772","65","true","125","14.743810582116105","75","true","125","13.96726133123565","95","true","125","17.858324449127842","105","true","125","17.55162693859495","115","true","125","16.158618400304327","125","true","125","20.86040117972258","135","true"
"126","17.59234896997169","0","true","126","13.63425317861868","85","true","126","19.803752447038473","55","true","126","18.64107824566836","15","true","126","15.651389982770269","5","true","126","14.272122326280831","25","true","126","19.98998000099659","35","true","126","18.867808374473736","45","true","126","14.9653574366402","65","true","126","14.633207180026895","75","true","126","13.86681818582695","95","true","126","17.717707721181952","105","true","126","17.422125321708496","115","true","126","16.034727500688852","125","true","126","20.700868602818883","135","true"
"127","17.783192556528892","0","true","127","13.651358027513725","85","true","127","19.747107533905343","55","true","127","18.69403766882095","15","true","127","15.707335274011214","5","true","127","14.29788222785245","25","true","127","20.14945879685516","35","true","127","18.988977095658324","45","true","127","15.033545210748999","65","true","127","14.61535496099789","75","true","127","13.868098806684609","95","true","127","17.815681231697305","105","true","127","17.451394223653175","115","true","127","16.039796656076202","125","true","127","20.755413038574748","135","true"
"128","17.64949102511206","0","true","128","13.550311286045284","85","true","128","19.594029180929333","55","true","128","18.549122648132414","15","true","128","15.58557298506539","5","true","128","14.187045931512507","25","true","128","19.99326144184078","35","true","128","18.841775722823762","45","true","128","14.917006100588154","65","true","128","14.507314263945355","75","true","128","13.76306107755874","95","true","128","17.677575175637635","105","true","128","17.31611209788842","115","true","128","15.919709125336027","125","true","128","20.614284865866743","135","true"
"129","17.77750767635303","0","true","129","13.550309677406315","85","true","129","19.53723605914093","55","true","129","18.56448552119853","15","true","129","15.684065153455057","5","true","129","14.182334632729114","25","true","129","20.17194611964793","35","true","129","18.93060677553623","45","true","129","14.914172053340069","65","true","129","14.479295599787648","75","true","129","13.801563261647466","95","true","129","17.76385912330879","105","true","129","17.39775884229425","115","true","129","15.953620822881593","125","true","129","20.65605737360578","135","true"
"130","17.645058762373083","0","true","130","13.453355990291293","85","true","130","19.394654920814848","55","true","130","18.42790637399053","15","true","130","15.568609773968232","5","true","130","14.076352197460437","25","true","130","20.027713182026353","35","true","130","18.786098326868014","45","true","130","14.808970677280184","65","true","130","14.368766625743467","75","true","130","13.705895558908535","95","true","130","17.63432651325547","105","true","130","17.264951522887426","115","true","130","15.83415685782514","125","true","130","20.498377546326346","135","true"
"131","17.70586068666138","0","true","131","13.47499405925438","85","true","131","19.385572362806315","55","true","131","18.43877064495058","15","true","131","15.658073034328005","5","true","131","14.10576549723881","25","true","131","20.16268052135302","35","true","131","18.89605395011291","45","true","131","14.868047065417976","65","true","131","14.337125592700858","75","true","131","13.715991009160268","95","true","131","17.791017674232148","105","true","131","17.34607487589576","115","true","131","15.885383997845796","125","true","131","20.54276749509203","135","true"
"132","17.587971974822977","0","true","132","13.37937829152967","85","true","132","19.24189850754908","55","true","132","18.303355627719903","15","true","132","15.546602503389568","5","true","132","14.000281977207674","25","true","132","20.0130862513937","35","true","132","18.75397835650304","45","true","132","14.767481102307057","65","true","132","14.237009934145949","75","true","132","13.614637740233634","95","true","132","17.65725062404995","105","true","132","17.217833338827187","115","true","132","15.765945020418384","125","true","132","20.40350763730012","135","true"
"133","17.666221541583976","0","true","133","13.415133554602937","85","true","133","19.208770686501655","55","true","133","18.299020038895225","15","true","133","15.620246724474924","5","true","133","14.000252419949705","25","true","133","20.18289229198283","35","true","133","18.8691548692593","45","true","133","14.790512915441054","65","true","133","14.235513765172813","75","true","133","13.619911943381881","95","true","133","17.74464995591049","105","true","133","17.285130259634023","115","true","133","15.806033873345598","125","true","133","20.435382740418547","135","true"
"134","17.549200862190943","0","true","134","13.320762409639167","85","true","134","19.067422028604348","55","true","134","18.16818079069921","15","true","134","15.504541193182517","5","true","134","13.899735024086556","25","true","134","20.048825809342016","35","true","134","18.72938335170923","45","true","134","14.684200584640552","65","true","134","14.130065515060421","75","true","134","13.526394217558003","95","true","134","17.613208104385226","105","true","134","17.15817883475801","115","true","134","15.69135766272346","125","true","134","20.286118184128735","135","true"
"135","17.684210135346916","0","true","135","13.352728173467757","85","true","135","19.027140294683992","55","true","135","18.170102826754736","15","true","135","15.574811430986472","5","true","135","13.915355472663899","25","true","135","20.15632992355729","35","true","135","18.772999732875167","45","true","135","14.687067473996354","65","true","135","14.096300707450263","75","true","135","13.533021938569478","95","true","135","17.723528413432707","105","true","135","17.22690770011567","115","true","135","15.711206332077488","125","true","135","20.30416484813573","135","true"
"136","17.563093013680525","0","true","136","13.259405729643884","85","true","136","18.88940422454776","55","true","136","18.044007148992044","15","true","136","15.46472980390484","5","true","136","13.813783534907229","25","true","136","20.014724183315167","35","true","136","18.63597053774469","45","true","136","14.581173444868925","65","true","136","13.99545896701954","75","true","136","13.434240756536125","95","true","136","17.595986900589466","105","true","136","17.101163848290007","115","true","136","15.600186566558447","125","true","136","20.16600967283095","135","true"
"137","17.641197249574756","0","true","137","13.278156562537342","85","true","137","18.85920207672479","55","true","137","18.05995280153727","15","true","137","15.538067676396365","5","true","137","13.826309346030541","25","true","137","20.11078432540198","35","true","137","18.668001030896704","45","true","137","14.606478415129084","65","true","137","13.973723201211603","75","true","137","13.442152494272886","95","true","137","17.69296012467455","105","true","137","17.212085682223226","115","true","137","15.607742323647035","125","true","137","20.182681751041265","135","true"
"138","17.518623098477164","0","true","138","13.193039968983426","85","true","138","18.729624459373433","55","true","138","17.935736891933885","15","true","138","15.433847114164019","5","true","138","13.728823689405782","25","true","138","19.9695962985645","35","true","138","18.533698865206798","45","true","138","14.504549421188393","65","true","138","13.87499353051505","75","true","138","13.351499525768991","95","true","138","17.56567264176322","105","true","138","17.091765701724697","115","true","138","15.498916830500956","125","true","138","20.041659547560847","135","true"
"139","17.539485738470734","0","true","139","13.175112010489636","85","true","139","18.71284742345587","55","true","139","17.93999969988614","15","true","139","15.48724477511472","5","true","139","13.726412198180551","25","true","139","20.132757572913434","35","true","139","18.711560344898373","45","true","139","14.523507280778805","65","true","139","13.85781473157989","75","true","139","13.371107992097715","95","true","139","17.660904314672266","105","true","139","17.107480479000177","115","true","139","15.488327155034034","125","true","139","20.05376172837642","135","true"
"140","17.41946532474216","0","true","140","13.091079922159711","85","true","140","18.583458350796946","55","true","140","17.81522940500189","15","true","140","15.377406159688373","5","true","140","13.629061757058704","25","true","140","19.995828509184324","35","true","140","18.57885424316151","45","true","140","14.43177341976684","65","true","140","13.762605621814375","75","true","140","13.27627743896227","95","true","140","17.535649674142675","105","true","140","16.986150830212942","115","true","140","15.382688112961633","125","true","140","19.925340756564825","135","true"
"141","17.431834676256916","0","true","141","13.09107840058023","85","true","141","18.55807771775386","55","true","141","17.859000379784444","15","true","141","15.414357327063017","5","true","141","13.650462044316814","25","true","141","20.08424575650765","35","true","141","18.66347888156547","45","true","141","14.463113879835115","65","true","141","13.76837871298021","75","true","141","13.29068925924105","95","true","141","17.58898571476615","105","true","141","17.00110127588668","115","true","141","15.39221511083623","125","true","141","19.95607378852266","135","true"
"142","17.321223999988177","0","true","142","13.001098334963595","85","true","142","18.43389918314618","55","true","142","17.74341715711835","15","true","142","15.306564618482156","5","true","142","13.557700182843389","25","true","142","19.94379648548312","35","true","142","18.532965043232846","45","true","142","14.370534161334184","65","true","142","13.672096344357971","75","true","142","13.202332675060168","95","true","142","17.4754389603479","105","true","142","16.88303667919819","115","true","142","15.289025827772686","125","true","142","19.816520824966556","135","true"
"143","17.376027706218938","0","true","143","13.02811519495814","85","true","143","18.38184070003432","55","true","143","17.7686386530773","15","true","143","15.40677646589996","5","true","143","13.565940203828395","25","true","143","20.058785843454398","35","true","143","18.59010322593026","45","true","143","14.315362136675564","65","true","143","13.660990696462031","75","true","143","13.192530413201611","95","true","143","17.57109753421495","105","true","143","16.92253024524825","115","true","143","15.328982701695356","125","true","143","19.799184258463082","135","true"
"144","17.27066283118859","0","true","144","12.939599156820348","85","true","144","18.261698858218963","55","true","144","17.64793089644121","15","true","144","15.302552852244032","5","true","144","13.474490697464711","25","true","144","19.937972867019887","35","true","144","18.463651948260807","45","true","144","14.22159941585023","65","true","144","13.574425692079897","75","true","144","13.104647170615996","95","true","144","17.449917551220366","105","true","144","16.805823140108608","115","true","144","15.225533146211692","125","true","144","19.672646754181233","135","true"
"145","17.317889428635304","0","true","145","12.923472358962876","85","true","145","18.224471590040284","55","true","145","17.650455030880515","15","true","145","15.34374865894061","5","true","145","13.486490003369834","25","true","145","20.01851896807694","35","true","145","18.53309980700654","45","true","145","14.267144005256597","65","true","145","13.56458790009197","75","true","145","13.09796058393242","95","true","145","17.598281929256746","105","true","145","16.80036094466352","115","true","145","15.232878840183806","125","true","145","19.677550928633753","135","true"
"146","17.206429672442102","0","true","146","12.842784881598284","85","true","146","18.10326550679569","55","true","146","17.53341829009834","15","true","146","15.239833753381026","5","true","146","13.395766355093448","25","true","146","19.88233856693356","35","true","146","18.40702429811534","45","true","146","14.176325076348947","65","true","146","13.474074133603098","75","true","146","13.012805307454776","95","true","146","17.47856572565636","105","true","146","16.693140240719003","115","true","146","15.132246697196498","125","true","146","19.551288585152676","135","true"
"147","17.274970680931567","0","true","147","12.852549200345523","85","true","147","18.071889651116877","55","true","147","17.532260817905204","15","true","147","15.27046000899539","5","true","147","13.408980629357915","25","true","147","20.012647294210055","35","true","147","18.476617035699576","45","true","147","14.218415361893152","65","true","147","13.44734485806695","75","true","147","13.019412069718962","95","true","147","17.589372870460497","105","true","147","16.724036927772424","115","true","147","15.153132681570746","125","true","147","19.587714670219086","135","true"
"148","17.1590312803884","0","true","148","12.768296572497666","85","true","148","17.954795052119245","55","true","148","17.422522254075478","15","true","148","15.167973700210185","5","true","148","13.321642400108832","25","true","148","19.878334225121396","35","true","148","18.352612894520384","45","true","148","14.128873624663978","65","true","148","13.362883171177472","75","true","148","12.932033465224205","95","true","148","17.482459378948114","105","true","148","16.612254717723506","115","true","148","15.052795802389062","125","true","148","19.465063378444363","135","true"
"149","17.197406204170225","0","true","149","12.760451473621622","85","true","149","17.927186107104493","55","true","149","17.42279677777506","15","true","149","15.253274130551674","5","true","149","13.347396200940722","25","true","149","19.971973091858995","35","true","149","18.460451965959287","45","true","149","14.159035092780018","65","true","149","13.361797307055218","75","true","149","12.917325075357763","95","true","149","17.563441244949228","105","true","149","16.671736412939435","115","true","149","15.078520214024746","125","true","149","19.516082166827843","135","true"
"150","17.1049067781562","0","true","150","12.682689448132441","85","true","150","17.815641651180712","55","true","150","17.307414017657344","15","true","150","15.155544147146783","5","true","150","13.263861088893513","25","true","150","19.8553857476394","35","true","150","18.344224461905693","45","true","150","14.068169617048845","65","true","150","13.274308265468093","75","true","150","12.834989182629215","95","true","150","17.4471270645191","105","true","150","16.56485073914421","115","true","150","14.983715481646517","125","true","150","19.3903305055418","135","true"
"151","17.144792858992265","0","true","151","12.720123577135762","85","true","151","17.79474639228028","55","true","151","17.29192929505509","15","true","151","15.182107149645576","5","true","151","13.269371518456113","25","true","151","19.956303634176404","35","true","151","18.48306144718948","45","true","151","14.091401832090709","65","true","151","13.265408416916456","75","true","151","12.831241050731217","95","true","151","17.536204679388334","105","true","151","16.619668857128104","115","true","151","14.946178975457011","125","true","151","19.41416276100352","135","true"
"152","17.04229395291463","0","true","152","12.636985514540104","85","true","152","17.678440860304594","55","true","152","17.18463922146684","15","true","152","15.084143005096056","5","true","152","13.184229585152424","25","true","152","19.82587027709028","35","true","152","18.362257124005236","45","true","152","14.00058347063549","65","true","152","13.18348337625707","75","true","152","12.74964959088028","95","true","152","17.421588962529587","105","true","152","16.512101444992428","115","true","152","14.851488525091002","125","true","152","19.30659491043751","135","true"
"153","17.05422796630282","0","true","153","12.630182444841251","85","true","153","17.64796700037558","55","true","153","17.171240553660386","15","true","153","15.179184699446122","5","true","153","13.187829443431248","25","true","153","19.922539442235298","35","true","153","18.446465055510654","45","true","153","14.011490386569267","65","true","153","13.19072826653083","75","true","153","12.728667624276612","95","true","153","17.502339048818918","105","true","153","16.5812925906703","115","true","153","14.861911154497053","125","true","153","19.31734204880557","135","true"
"154","16.944200689100864","0","true","154","12.555007195988422","85","true","154","17.535721901958695","55","true","154","17.066347219887525","15","true","154","15.081254475578726","5","true","154","13.104863745153208","25","true","154","19.794006929704747","35","true","154","18.327455603539615","45","true","154","13.938487372248623","65","true","154","13.106515186210904","75","true","154","12.646547187990958","95","true","154","17.39103123251708","105","true","154","16.47431650944017","115","true","154","14.767757240885965","125","true","154","19.19271403558747","135","true"
"155","17.037058102036408","0","true","155","12.553840655662158","85","true","155","17.493833811729363","55","true","155","17.053971693225158","15","true","155","15.144772301302012","5","true","155","13.127360015244768","25","true","155","19.879383690599823","35","true","155","18.43756852397742","45","true","155","13.959685998629235","65","true","155","13.123785549935132","75","true","155","12.634732636702891","95","true","155","17.455574760147915","105","true","155","16.505887464238764","115","true","155","14.769760066936339","125","true","155","19.229909108355308","135","true"
"156","16.93382762607336","0","true","156","12.475514113776908","85","true","156","17.383238066991378","55","true","156","16.94534766970143","15","true","156","15.048308783459325","5","true","156","13.043746257185884","25","true","156","19.76400886261315","35","true","156","18.32013178178648","45","true","156","13.874779361312841","65","true","156","13.043971865115052","75","true","156","12.559577439623695","95","true","156","17.352140717920165","105","true","156","16.40205494460848","115","true","156","14.683639275553041","125","true","156","19.116090835123853","135","true"
"157","16.958128236832014","0","true","157","12.469175543400535","85","true","157","17.35366983209208","55","true","157","16.93025520575569","15","true","157","15.06366913939356","5","true","157","13.040723914440862","25","true","157","19.82035971977584","35","true","157","18.35673841324598","45","true","157","13.876334287342925","65","true","157","13.061979392867467","75","true","157","12.571594091448928","95","true","157","17.451211546727375","105","true","157","16.42839358136631","115","true","157","14.693743949160591","125","true","157","19.163727065250626","135","true"
"158","16.851473342260746","0","true","158","12.398857929445422","85","true","158","17.245291326696556","55","true","158","16.829371683299463","15","true","158","14.973789983506949","5","true","158","12.96129728589061","25","true","158","19.69782642406453","35","true","158","18.241287228257015","45","true","158","13.789061744655234","65","true","158","12.979828579075848","75","true","158","12.495738224850967","95","true","158","17.34305045411678","105","true","158","16.327962404708195","115","true","158","14.601330465203606","125","true","158","19.050637379506686","135","true"
"159","16.8809233242271","0","true","159","12.417725267784018","85","true","159","17.204969202525707","55","true","159","16.808392075954895","15","true","159","15.030553017209735","5","true","159","12.96724018881471","25","true","159","19.76634797885364","35","true","159","18.28506302631345","45","true","159","13.801479241863623","65","true","159","12.962839724679972","75","true","159","12.476163865381617","95","true","159","17.41348194664926","105","true","159","16.329378048462775","115","true","159","14.579428499324276","125","true","159","19.09698482980424","135","true"
"160","16.7940657128195","0","true","160","12.340596539412688","85","true","160","17.09979433721812","55","true","160","16.704895923831458","15","true","160","14.939213115522378","5","true","160","12.888216789665986","25","true","160","19.6435756311589","35","true","160","18.172172578177488","45","true","160","13.721040180430977","65","true","160","12.88677973542806","75","true","160","12.40139313053027","95","true","160","17.305323673688704","105","true","160","16.22795334008723","115","true","160","14.495121807214602","125","true","160","18.991127811810042","135","true"
"161","16.819923206150165","0","true","161","12.349114339587015","85","true","161","17.059008455230575","55","true","161","16.68499552005578","15","true","161","14.96362576062775","5","true","161","12.888578840481864","25","true","161","19.670843630806452","35","true","161","18.253944119572814","45","true","161","13.730229796659","65","true","161","12.891437849835766","75","true","161","12.384196509832162","95","true","161","17.40225058563966","105","true","161","16.255803335955186","115","true","161","14.471331648848553","125","true","161","19.02672353143369","135","true"
"162","16.72578398914605","0","true","162","12.278750009771887","85","true","162","16.960091750879627","55","true","162","16.586891261583364","15","true","162","14.871824375593224","5","true","162","12.809507804650687","25","true","162","19.552698937509874","35","true","162","18.145054855577687","45","true","162","13.647615094293448","65","true","162","12.815560063202831","75","true","162","12.30821984412767","95","true","162","17.300305407816285","105","true","162","16.158827443128764","115","true","162","14.39287601568483","125","true","162","18.911032067499743","135","true"
"163","16.751624116529324","0","true","163","12.27669455954975","85","true","163","16.92037041415561","55","true","163","16.582130005468912","15","true","163","14.902373841562781","5","true","163","12.84309871625704","25","true","163","19.585541780740567","35","true","163","18.214706620400495","45","true","163","13.667971400540004","65","true","163","12.813042433318452","75","true","163","12.32024534038209","95","true","163","17.38716562322073","105","true","163","16.180853646556486","115","true","163","14.390092124770394","125","true","163","18.933082257175982","135","true"
"164","16.66209148151534","0","true","164","12.203687797780344","85","true","164","16.819505272180695","55","true","164","16.484773964670346","15","true","164","14.819013580577003","5","true","164","12.765261754340331","25","true","164","19.47313704430181","35","true","164","18.10431445906473","45","true","164","13.596414822019584","65","true","164","12.741129246862263","75","true","164","12.254297514858273","95","true","164","17.286304682994196","105","true","164","16.08375483776373","115","true","164","14.302879445226331","125","true","164","18.829231910303097","135","true"
"165","16.708988854999355","0","true","165","12.199672157699624","85","true","165","16.81876179566779","55","true","165","16.48063380063528","15","true","165","14.876362616405936","5","true","165","12.771524850652936","25","true","165","19.488479161840424","35","true","165","18.144386973578328","45","true","165","13.6064503106311","65","true","165","12.725275611896965","75","true","165","12.239851880154744","95","true","165","17.37853516796432","105","true","165","16.11407151681852","115","true","165","14.29071458318487","125","true","165","18.8205676335513","135","true"
"166","16.61247180770505","0","true","166","12.128008629623926","85","true","166","16.72235304461171","55","true","166","16.384659647918284","15","true","166","14.788524031818865","5","true","166","12.700534530359779","25","true","166","19.37723874970039","35","true","166","18.036426685786484","45","true","166","13.529284545998589","65","true","166","12.649076356735906","75","true","166","12.166559353926273","95","true","166","17.27447208312621","105","true","166","16.018578155376044","115","true","166","14.205141441968195","125","true","166","18.707869623769554","135","true"
"167","16.632999214030086","0","true","167","12.131533360418324","85","true","167","16.706442816708602","55","true","167","16.372002753195424","15","true","167","14.855145929738491","5","true","167","12.711240188342153","25","true","167","19.40852809998695","35","true","167","18.121382367608852","45","true","167","13.599701921096214","65","true","167","12.653741220745161","75","true","167","12.166407451623268","95","true","167","17.355743925845005","105","true","167","16.08642524988523","115","true","167","14.211683163569482","125","true","167","18.718042048705783","135","true"
"168","16.53656199544091","0","true","168","12.064232693240896","85","true","168","16.61332257426632","55","true","168","16.27716713187164","15","true","168","14.76724565796489","5","true","168","12.637468074523227","25","true","168","19.29368473844856","35","true","168","18.01415525300762","45","true","168","13.523693518644038","65","true","168","12.581186648603694","75","true","168","12.097723909240475","95","true","168","17.25304721622462","105","true","168","15.998127276799238","115","true","168","14.133944839273111","125","true","168","18.6159275511972","135","true"
"169","16.532984204554623","0","true","169","12.067314894957452","85","true","169","16.57913293486662","55","true","169","16.267934416851254","15","true","169","14.828439513806215","5","true","169","12.65649815400871","25","true","169","19.31881285783127","35","true","169","18.057523898102858","45","true","169","13.541004194518337","65","true","169","12.604823686154317","75","true","169","12.086934454341732","95","true","169","17.335253539791392","105","true","169","16.041010920776735","115","true","169","14.116873771892422","125","true","169","18.655682935872665","135","true"
"170","16.445140607762717","0","true","170","11.999808929469825","85","true","170","16.48641401879114","55","true","170","16.178121630771106","15","true","170","14.745809719994488","5","true","170","12.583523768561975","25","true","170","19.210731341266385","35","true","170","17.95434320405178","45","true","170","13.469459983747434","65","true","170","12.53111126693704","75","true","170","12.016250627123359","95","true","170","17.23892166973947","105","true","170","15.947203839368685","115","true","170","14.036559163853791","125","true","170","18.550316380419364","135","true"
"171","16.483621622116157","0","true","171","11.995932485804413","85","true","171","16.465560923872456","55","true","171","16.16122996051113","15","true","171","14.785160712188773","5","true","171","12.573930074544373","25","true","171","19.20801884519885","35","true","171","18.044416352198745","45","true","171","13.492598223256481","65","true","171","12.51704002111577","75","true","171","12.022331929190987","95","true","171","17.296275863059073","105","true","171","15.997132135140209","115","true","171","14.038947278229362","125","true","171","18.544961748267337","135","true"
"172","16.39568029465282","0","true","172","11.929646174858185","85","true","172","16.37288921271737","55","true","172","16.068270065849376","15","true","172","14.700606338636454","5","true","172","12.502471467775745","25","true","172","19.101638448531563","35","true","172","17.940963912976702","45","true","172","13.416652825078472","65","true","172","12.44872429035687","75","true","172","11.955394164417761","95","true","172","17.199643877178698","105","true","172","15.904663163260786","115","true","172","13.95779729396214","125","true","172","18.44373422394339","135","true"
"173","16.405791277549227","0","true","173","11.92540941679071","85","true","173","16.363940906026517","55","true","173","16.04641414239822","15","true","173","14.759607450846428","5","true","173","12.510496251783344","25","true","173","19.082255772350727","35","true","173","18.04110628248229","45","true","173","13.43064989184659","65","true","173","12.45163031444992","75","true","173","11.944060369800294","95","true","173","17.263765099165276","105","true","173","15.95818664091002","115","true","173","13.941981266696677","125","true","173","18.465964740027548","135","true"
"174","16.31964394807762","0","true","174","11.86167699536535","85","true","174","16.276574870081326","55","true","174","15.957587418618301","15","true","174","14.675266836841592","5","true","174","12.441042547934224","25","true","174","18.973214310794436","35","true","174","17.93955806756494","45","true","174","13.355067741302657","65","true","174","12.381763635763328","75","true","174","11.875808596258578","95","true","174","17.165115012884332","105","true","174","15.867902265086897","115","true","174","13.868124943926622","125","true","174","18.361384978337863","135","true"
"175","16.347421619040976","0","true","175","11.84441138558271","85","true","175","16.25611902625312","55","true","175","15.945092889396019","15","true","175","14.71281934676283","5","true","175","12.454346814754265","25","true","175","18.956109004309575","35","true","175","18.02075342475675","45","true","175","13.389883263720824","65","true","175","12.388734521565045","75","true","175","11.895096390871629","95","true","175","17.22630848655164","105","true","175","15.91430071706191","115","true","175","13.87498425576012","125","true","175","18.375735083776384","135","true"
"176","16.26016313289049","0","true","176","11.782543836203189","85","true","176","16.16516523902017","55","true","176","15.863934312348857","15","true","176","14.629696073617277","5","true","176","12.385598757114888","25","true","176","18.849012343268278","35","true","176","17.918941258515186","45","true","176","13.318943812488001","65","true","176","12.32236326540587","75","true","176","11.833418598264132","95","true","176","17.130122476877638","105","true","176","15.827823278005312","115","true","176","13.803074246528361","125","true","176","18.27877155468341","135","true"
"177","16.303336943335093","0","true","177","11.792196442324444","85","true","177","16.117539773114657","55","true","177","15.856823849257959","15","true","177","14.666381012343253","5","true","177","12.40459588342951","25","true","177","18.836360334969637","35","true","177","17.962470797171328","45","true","177","13.36958671620857","65","true","177","12.341780096758482","75","true","177","11.82555394727741","95","true","177","17.185695679392627","105","true","177","15.867980186168541","115","true","177","13.82124448269843","125","true","177","18.31440213129619","135","true"
"178","16.22040658699715","0","true","178","11.730062774452898","85","true","178","16.030610287396026","55","true","178","15.768238241161544","15","true","178","14.587768194369277","5","true","178","12.33634210112571","25","true","178","18.737809067548604","35","true","178","17.865431095546292","45","true","178","13.29597191170527","65","true","178","12.27283160459782","75","true","178","11.759489400085915","95","true","178","17.092577221055294","105","true","178","15.779332252167599","115","true","178","13.744030826370507","125","true","178","18.213916140857165","135","true"
"179","16.224719161772597","0","true","179","11.740225605462623","85","true","179","16.017642234007873","55","true","179","15.76362207955413","15","true","179","14.621463452103209","5","true","179","12.342781016598629","25","true","179","18.7162952513794","35","true","179","17.95718078570649","45","true","179","13.312565339346655","65","true","179","12.26461577657275","75","true","179","11.746205523918043","95","true","179","17.12802030158692","105","true","179","15.787571344458915","115","true","179","13.737279904077045","125","true","179","18.222849710573804","135","true"
"180","16.13952506637775","0","true","180","11.67961543570109","85","true","180","15.93082129904748","55","true","180","15.677867796336445","15","true","180","14.540681886069489","5","true","180","12.276175380805899","25","true","180","18.612890305239183","35","true","180","17.85884374814802","45","true","180","13.247835498420697","65","true","180","12.200869778126972","75","true","180","11.684158056973411","95","true","180","17.03339035516931","105","true","180","15.700347193384555","115","true","180","13.662793979055126","125","true","180","18.131998626081224","135","true"
"181","16.150477106820414","0","true","181","11.67192384107514","85","true","181","15.924412270110215","55","true","181","15.671122496311785","15","true","181","14.555386049560969","5","true","181","12.290107141624794","25","true","181","18.610586463491803","35","true","181","17.92745391477606","45","true","181","13.23295573334958","65","true","181","12.197886180749885","75","true","181","11.675593222485459","95","true","181","17.079901900749586","105","true","181","15.740618840398614","115","true","181","13.661680130207836","125","true","181","18.14492906199388","135","true"
"182","16.074666282564213","0","true","182","11.608142836479102","85","true","182","15.84401480177918","55","true","182","15.593632049100428","15","true","182","14.479365449821678","5","true","182","12.224933934469618","25","true","182","18.510864955467177","35","true","182","17.83208275110443","45","true","182","13.171172055347078","65","true","182","12.132469034005043","75","true","182","11.61356098581037","95","true","182","16.98656910347773","105","true","182","15.658450107338608","115","true","182","13.589094218267103","125","true","182","18.045776444168776","135","true"
"183","16.096245223682796","0","true","183","11.618925758640753","85","true","183","15.83250653104145","55","true","183","15.576915894568849","15","true","183","14.490365313022409","5","true","183","12.231982332744064","25","true","183","18.488313292404843","35","true","183","17.90209345716184","45","true","183","13.177833978809408","65","true","183","12.134679314648112","75","true","183","11.60138490542405","95","true","183","17.06800043578201","105","true","183","15.680925427948461","115","true","183","13.605697934466674","125","true","183","18.050166048575846","135","true"
"184","16.015298936786262","0","true","184","11.55753882657113","85","true","184","15.747591367712412","55","true","184","15.4927163491928","15","true","184","14.415489306636344","5","true","184","12.167271687943746","25","true","184","18.38908610882811","35","true","184","17.807559777144473","45","true","184","13.107449803937383","65","true","184","12.071121419440987","75","true","184","11.541867874865401","95","true","184","16.978654060183047","105","true","184","15.59616366887847","115","true","184","13.533041683078075","125","true","184","17.96020000754819","135","true"
"185","15.993373102218511","0","true","185","11.553779433655366","85","true","185","15.737637244125922","55","true","185","15.465619784887059","15","true","185","14.455249514112463","5","true","185","12.203720674558966","25","true","185","18.368381100679876","35","true","185","17.880775328367843","45","true","185","13.126987524568714","65","true","185","12.070881956910751","75","true","185","11.54229145337315","95","true","185","17.032435033953256","105","true","185","15.606961572824673","115","true","185","13.528086357358154","125","true","185","17.979182694085807","135","true"
"186","15.90930939382885","0","true","186","11.494936305303984","85","true","186","15.657369630449088","55","true","186","15.382915935770015","15","true","186","14.377948714571755","5","true","186","12.13846013619234","25","true","186","18.27337705225184","35","true","186","17.78740071237168","45","true","186","13.058519942893478","65","true","186","12.008453524216952","75","true","186","11.482989861316826","95","true","186","16.942502656157956","105","true","186","15.52350188526946","115","true","186","13.455743649564795","125","true","186","17.88303733208535","135","true"
"187","15.91544674488348","0","true","187","11.488960540760472","85","true","187","15.654163022456489","55","true","187","15.354023874962023","15","true","187","14.401991989433137","5","true","187","12.152581018099278","25","true","187","18.264488072441985","35","true","187","17.832005429036425","45","true","187","13.066404103016474","65","true","187","12.004932094681106","75","true","187","11.476145717871248","95","true","187","17.01679687553805","105","true","187","15.557120037652313","115","true","187","13.453321991286822","125","true","187","17.90245083886171","135","true"
"188","15.836151391357259","0","true","188","11.43320508951689","85","true","188","15.57773597855752","55","true","188","15.275387981342211","15","true","188","14.330288348850493","5","true","188","12.08964656215427","25","true","188","18.16785056941319","35","true","188","17.73765619396216","45","true","188","12.998342171395382","65","true","188","11.942780827141217","75","true","188","11.4179686449647","95","true","188","16.926760913233615","105","true","188","15.47480723322029","115","true","188","13.386972617074186","125","true","188","17.80942829964569","135","true"
"189","15.85503036866958","0","true","189","11.431229760211563","85","true","189","15.57315577106773","55","true","189","15.26021206195331","15","true","189","14.333545002793617","5","true","189","12.103201171348974","25","true","189","18.14790280603916","35","true","189","17.82818060867885","45","true","189","13.00389646707127","65","true","189","11.952794942667353","75","true","189","11.40625703943044","95","true","189","16.988259610272138","105","true","189","15.50776953265469","115","true","189","13.372553319680934","125","true","189","17.796009823445157","135","true"
"190","15.77391654821978","0","true","190","11.376032325612757","85","true","190","15.49162092409879","55","true","190","15.180977919554737","15","true","190","14.261096875724435","5","true","190","12.04231579339056","25","true","190","18.05430265028588","35","true","190","17.73903069702444","45","true","190","12.93581323949498","65","true","190","11.890837709868588","75","true","190","11.348262927877538","95","true","190","16.90169604874263","105","true","190","15.428489900862495","115","true","190","13.304395410379916","125","true","190","17.71236658780906","135","true"
"191","15.797590802841743","0","true","191","11.381833778987412","85","true","191","15.469480093924645","55","true","191","15.167347131507515","15","true","191","14.27033541090791","5","true","191","12.062082334672732","25","true","191","18.02745592294713","35","true","191","17.801709339930873","45","true","191","12.94058215886736","65","true","191","11.896750438529025","75","true","191","11.341717167464171","95","true","191","16.949015114904707","105","true","191","15.466640593826932","115","true","191","13.29915533698888","125","true","191","17.729130493593654","135","true"
"192","15.723178811949905","0","true","192","11.326633487268301","85","true","192","15.390895084762365","55","true","192","15.08875984067069","15","true","192","14.19639584919336","5","true","192","12.001116093126003","25","true","192","17.938637127580872","35","true","192","17.71105134223595","45","true","192","12.87726187626702","65","true","192","11.83510924454701","75","true","192","11.284482763839346","95","true","192","16.864392659313506","105","true","192","15.386502559662027","115","true","192","13.230815973447529","125","true","192","17.639705603980957","135","true"
"193","15.738541841652571","0","true","193","11.336579235241448","85","true","193","15.387667330958974","55","true","193","15.081393941037037","15","true","193","14.199286339415753","5","true","193","12.009347815695591","25","true","193","17.928783608769727","35","true","193","17.83509594909359","45","true","193","12.941937988740564","65","true","193","11.834069769183335","75","true","193","11.271522528737568","95","true","193","16.923497005250876","105","true","193","15.39185921702516","115","true","193","13.235529530605294","125","true","193","17.678401104497166","135","true"
"194","15.65986573115385","0","true","194","11.282145152496824","85","true","194","15.313136968549218","55","true","194","15.005875966110162","15","true","194","14.13177232846426","5","true","194","11.948390979584904","25","true","194","17.83984736845939","35","true","194","17.743633918585417","45","true","194","12.883603339889119","65","true","194","11.775866913840852","75","true","194","11.220359569045883","95","true","194","16.836709841121387","105","true","194","15.31340556342809","115","true","194","13.172482151502868","125","true","194","17.591907467964937","135","true"
"195","15.660737925355505","0","true","195","11.29166999466112","85","true","195","15.31861990322772","55","true","195","15.00443959286802","15","true","195","14.14070131133485","5","true","195","11.956747235667947","25","true","195","17.82292572644464","35","true","195","17.815543796052108","45","true","195","12.889228567862892","65","true","195","11.776754025779258","75","true","195","11.221403134281099","95","true","195","16.886662620252544","105","true","195","15.358385662053678","115","true","195","13.168336833949962","125","true","195","17.605532018528407","135","true"
"196","15.59416502614753","0","true","196","11.239814309457385","85","true","196","15.240860411333163","55","true","196","14.931238261109344","15","true","196","14.069799888376647","5","true","196","11.896053087263542","25","true","196","17.733170406993015","35","true","196","17.726703590248434","45","true","196","12.82485622865014","65","true","196","11.718166146358234","75","true","196","11.165214614353808","95","true","196","16.800943520657356","105","true","196","15.283689322669181","115","true","196","13.103431498903255","125","true","196","17.52501823031487","135","true"
"197","15.635058794934997","0","true","197","11.24509796379854","85","true","197","15.24087448853","55","true","197","14.91514502771752","15","true","197","14.089041144429816","5","true","197","11.909590463753837","25","true","197","17.72978244074267","35","true","197","17.815211797299572","45","true","197","12.829114016992094","65","true","197","11.716144549803783","75","true","197","11.157367817772798","95","true","197","16.848163424621344","105","true","197","15.267823193638744","115","true","197","13.108659562146435","125","true","197","17.540630881661727","135","true"
"198","15.56429262521278","0","true","198","11.18907218466394","85","true","198","15.169480541145242","55","true","198","14.84145009925087","15","true","198","14.018241942699012","5","true","198","11.85036763014631","25","true","198","17.64565656688207","35","true","198","17.726555021549245","45","true","198","12.764646107358967","65","true","198","11.659982647133482","75","true","198","11.10484222348881","95","true","198","16.764009574820168","105","true","198","15.19205768091398","115","true","198","13.042786901030123","125","true","198","17.460340567805417","135","true"
"199","15.588095018467463","0","true","199","11.193573499670313","85","true","199","15.156081951023","55","true","199","14.805332223845303","15","true","199","14.035505029229661","5","true","199","11.864036271057977","25","true","199","17.623971816014325","35","true","199","17.74948988407627","45","true","199","12.774039774459677","65","true","199","11.655561316535325","75","true","199","11.103408492363641","95","true","199","16.832615551799158","105","true","199","15.2097836860135","115","true","199","13.055566454769467","125","true","199","17.450535302088497","135","true"
"200","15.532901236155611","0","true","200","11.140321869010561","85","true","200","15.08067855823184","55","true","200","14.732658767927926","15","true","200","13.97050014587909","5","true","200","11.805347589146615","25","true","200","17.53629036419336","35","true","200","17.661183964254995","45","true","200","12.710487337770823","65","true","200","11.60006194840956","75","true","200","11.052329470153788","95","true","200","16.74985034832853","105","true","200","15.134113120411444","115","true","200","12.990613387830315","125","true","200","17.36572220941139","135","true"
"201","15.538211231747692","0","true","201","11.139644530444778","85","true","201","15.07185825062532","55","true","201","14.724115279966473","15","true","201","13.960665566473022","5","true","201","11.832256632140986","25","true","201","17.504959019933008","35","true","201","17.726874189736527","45","true","201","12.715978924863432","65","true","201","11.608522920828099","75","true","201","11.055023932615942","95","true","201","16.816110035700955","105","true","201","15.139795917548485","115","true","201","12.993508505923419","125","true","201","17.36823154406754","135","true"
"202","15.467453772935896","0","true","202","11.087120149033893","85","true","202","15.000681149849669","55","true","202","14.654546448769217","15","true","202","13.892339941900428","5","true","202","11.77666011047056","25","true","202","17.420027996955593","35","true","202","17.642199434919235","45","true","202","12.65568746023268","65","true","202","11.554577002466743","75","true","202","11.000565686642464","95","true","202","16.73428856023035","105","true","202","15.06521564209258","115","true","202","12.935635687217848","125","true","202","17.283460669551303","135","true"
"203","15.48403541696724","0","true","203","11.081490554171216","85","true","203","14.988072772482592","55","true","203","14.639364438357322","15","true","203","13.899218157345034","5","true","203","11.790855479535194","25","true","203","17.394005132046857","35","true","203","17.746856426125273","45","true","203","12.647737640576764","65","true","203","11.574645498282896","75","true","203","11.006387161272873","95","true","203","16.810875717684624","105","true","203","15.052089133765813","115","true","203","12.942063063187671","125","true","203","17.281403458135166","135","true"
"204","15.414847584010651","0","true","204","11.040371045905367","85","true","204","14.91559584133812","55","true","204","14.567952904511676","15","true","204","13.834041067214597","5","true","204","11.734126887306536","25","true","204","17.314101017851637","35","true","204","17.66028639477832","45","true","204","12.587519121528377","65","true","204","11.518733072230045","75","true","204","10.954145206912727","95","true","204","16.72887144589104","105","true","204","14.982346369375305","115","true","204","12.878931048245294","125","true","204","17.197103929071094","135","true"
"205","15.42698999525967","0","true","205","11.034902943730179","85","true","205","14.889809866191303","55","true","205","14.564796297596589","15","true","205","13.824119669801377","5","true","205","11.745250069677029","25","true","205","17.298890898998447","35","true","205","17.725204739590616","45","true","205","12.615563770446709","65","true","205","11.543085618946346","75","true","205","10.944051496005613","95","true","205","16.78678922390487","105","true","205","14.999776209806582","115","true","205","12.873593872241715","125","true","205","17.204109067151705","135","true"
"206","15.353656699803192","0","true","206","10.985923342299563","85","true","206","14.82177063394764","55","true","206","14.496077731276433","15","true","206","13.759969677883136","5","true","206","11.689891154880216","25","true","206","17.215321377747248","35","true","206","17.639575731186795","45","true","206","12.557892061216354","65","true","206","11.488625393712363","75","true","206","10.89118168201525","95","true","206","16.70734143729821","105","true","206","14.929208010721265","115","true","206","12.814998712136381","125","true","206","17.120997429146144","135","true"
"207","15.377708126056557","0","true","207","10.994960378999474","85","true","207","14.824949103206723","55","true","207","14.482250653397815","15","true","207","13.769431176648688","5","true","207","11.70500385070403","25","true","207","17.190621879724016","35","true","207","17.680810041656013","45","true","207","12.57997839986772","65","true","207","11.48730980866049","75","true","207","10.889295512665328","95","true","207","16.745050302150865","105","true","207","14.934020204602982","115","true","207","12.809244085025432","125","true","207","17.1299850455952","135","true"
"208","15.313836271556589","0","true","208","10.945826036032269","85","true","208","14.755265198451916","55","true","208","14.41821926901359","15","true","208","13.703548730827402","5","true","208","11.648999047590614","25","true","208","17.110344925092292","35","true","208","17.598000411873695","45","true","208","12.52275744743553","65","true","208","11.43351400746075","75","true","208","10.837891571803691","95","true","208","16.664930444245837","105","true","208","14.862565562475696","115","true","208","12.751554631982478","125","true","208","17.05349885014554","135","true"
"209","15.336008106912699","0","true","209","10.950035986001415","85","true","209","14.768237122145909","55","true","209","14.39936710503273","15","true","209","13.711250451533397","5","true","209","11.660586386693648","25","true","209","17.086264369092373","35","true","209","17.656523552132125","45","true","209","12.528980962569566","65","true","209","11.43781006374602","75","true","209","10.830112942731732","95","true","209","16.72779947937619","105","true","209","14.864010262267888","115","true","209","12.75281202961632","125","true","209","17.048792627836946","135","true"
"210","15.269616689414708","0","true","210","10.901207414428386","85","true","210","14.70035400431539","55","true","210","14.331123659037315","15","true","210","13.650141352229479","5","true","210","11.605923031784865","25","true","210","17.011845672435665","35","true","210","17.57584024632477","45","true","210","12.470595001869029","65","true","210","11.386836662260617","75","true","210","10.780258984686656","95","true","210","16.649041585205282","105","true","210","14.798783339538765","115","true","210","12.693333676570527","125","true","210","16.973948706053598","135","true"
"211","15.286489449099049","0","true","211","10.905048045512135","85","true","211","14.705832463869609","55","true","211","14.321047705685652","15","true","211","13.650837133438062","5","true","211","11.62099914968341","25","true","211","16.98518199986488","35","true","211","17.613166029619617","45","true","211","12.469755092773125","65","true","211","11.381524636093872","75","true","211","10.786245311542256","95","true","211","16.677389368939142","105","true","211","14.816888483266858","115","true","211","12.68920931703978","125","true","211","16.979261038418166","135","true"
"212","15.21979210968938","0","true","212","10.85749610433539","85","true","212","14.638154065384638","55","true","212","14.25747204092408","15","true","212","13.586748696191872","5","true","212","11.568038279371677","25","true","212","16.905439361367865","35","true","212","17.53117019522977","45","true","212","12.414315144624082","65","true","212","11.329991303198781","75","true","212","10.73628655746469","95","true","212","16.601798264813638","105","true","212","14.752185942773838","115","true","212","12.630301517610988","125","true","212","16.90542511563391","135","true"
"213","15.249159000391368","0","true","213","10.866281380679098","85","true","213","14.64779936411563","55","true","213","14.24313658818745","15","true","213","13.589001691373685","5","true","213","11.582919338634603","25","true","213","16.888301763593386","35","true","213","17.57526784283377","45","true","213","12.43228042149681","65","true","213","11.322225970696689","75","true","213","10.726995235554819","95","true","213","16.645400602941663","105","true","213","14.763976693487225","115","true","213","12.638928078327607","125","true","213","16.916294308575363","135","true"
"214","15.178232679459313","0","true","214","10.82507212088809","85","true","214","14.58376890605297","55","true","214","14.179585022604446","15","true","214","13.52579703234404","5","true","214","11.529045295199094","25","true","214","16.809751522832485","35","true","214","17.495132272586762","45","true","214","12.376230543339942","65","true","214","11.272639597205627","75","true","214","10.677967438527839","95","true","214","16.567980135021006","105","true","214","14.69530703444775","115","true","214","12.581702886214934","125","true","214","16.84336152087305","135","true"
"215","15.178385896402848","0","true","215","10.833943649644592","85","true","215","14.592098349695437","55","true","215","14.156062892901415","15","true","215","13.544910496455508","5","true","215","11.538068453031437","25","true","215","16.794365614762523","35","true","215","17.513070401558505","45","true","215","12.388621998330684","65","true","215","11.26745639792584","75","true","215","10.676753477034028","95","true","215","16.62697469595719","105","true","215","14.703448968205919","115","true","215","12.569236715923932","125","true","215","16.851479129009025","135","true"
"216","15.109879235310453","0","true","216","10.784017642042544","85","true","216","14.524853656839698","55","true","216","14.094129318347392","15","true","216","13.489532849892708","5","true","216","11.484897630667238","25","true","216","16.722230625764144","35","true","216","17.434522430349908","45","true","216","12.331531574375244","65","true","216","11.216207594565718","75","true","216","10.627551848107604","95","true","216","16.551665452230377","105","true","216","14.635691138859348","115","true","216","12.51963262391162","125","true","216","16.776560738764804","135","true"
"217","15.130351109875393","0","true","217","10.788645671737283","85","true","217","14.521947902078852","55","true","217","14.083211775552044","15","true","217","13.49024661744872","5","true","217","11.502680792575527","25","true","217","16.699422814575954","35","true","217","17.507328608842638","45","true","217","12.354380231560967","65","true","217","11.226564339482914","75","true","217","10.624993019359932","95","true","217","16.630728456527837","105","true","217","14.626690265792641","115","true","217","12.51369971126178","125","true","217","16.78254089580255","135","true"
"218","15.069645331967767","0","true","218","10.746942160685208","85","true","218","14.461969579063059","55","true","218","14.019437601281984","15","true","218","13.428647317825668","5","true","218","11.451587986849015","25","true","218","16.623169742363277","35","true","218","17.42825811138358","45","true","218","12.299969126656","65","true","218","11.17769514533568","75","true","218","10.580377089139246","95","true","218","16.55791920808492","105","true","218","14.565224489333753","115","true","218","12.456559529931818","125","true","218","16.708813549535666","135","true"
"219","15.101054649200535","0","true","219","10.757269354396515","85","true","219","14.468110686395853","55","true","219","14.000329617962553","15","true","219","13.442262970399067","5","true","219","11.456073605327475","25","true","219","16.60329313695407","35","true","219","17.47504048314675","45","true","219","12.295025999136083","65","true","219","11.179884253856335","75","true","219","10.584467883408406","95","true","219","16.567869137187817","105","true","219","14.578671403154546","115","true","219","12.459123417658684","125","true","219","16.705467304630226","135","true"
"220","15.038657312062956","0","true","220","10.713895440133925","85","true","220","14.40394548226685","55","true","220","13.940741022813226","15","true","220","13.381438251075995","5","true","220","11.404236168199297","25","true","220","16.52816511370993","35","true","220","17.399327734391594","45","true","220","12.247573623257278","65","true","220","11.129296542300423","75","true","220","10.541072585975817","95","true","220","16.492901403535384","105","true","220","14.512704564226244","115","true","220","12.402747293596882","125","true","220","16.629876954835517","135","true"
"221","15.036772981527255","0","true","221","10.723172851282882","85","true","221","14.400998317757837","55","true","221","13.925544348126408","15","true","221","13.385347403846946","5","true","221","11.424304479656833","25","true","221","16.513976197481234","35","true","221","17.488419750830328","45","true","221","12.245572379871518","65","true","221","11.150475140558399","75","true","221","10.530620469106532","95","true","221","16.505898336966908","105","true","221","14.540179692861111","115","true","221","12.39867537342363","125","true","221","16.61086906138791","135","true"
"222","14.97917431736447","0","true","222","10.67591486986683","85","true","222","14.34013773194927","55","true","222","13.866040127393559","15","true","222","13.329680031594272","5","true","222","11.373074414725636","25","true","222","16.444126623435693","35","true","222","17.410877468660644","45","true","222","12.191341584444254","65","true","222","11.103681437217334","75","true","222","10.486653498903168","95","true","222","16.431880855635217","105","true","222","14.474977093341554","115","true","222","12.347456580449833","125","true","222","16.54290954809586","135","true"
"223","15.010490601224378","0","true","223","10.69453890078254","85","true","223","14.34936283862356","55","true","223","13.847772057948319","15","true","223","13.324688246722895","5","true","223","11.379284836793182","25","true","223","16.421146207539525","35","true","223","17.480135411805335","45","true","223","12.1969149760013","65","true","223","11.102487248703666","75","true","223","10.489125008344883","95","true","223","16.495695038956637","105","true","223","14.510672583765858","115","true","223","12.338796716240875","125","true","223","16.57544334262789","135","true"
"224","14.94377730966338","0","true","224","10.648984690779127","85","true","224","14.288080488471303","55","true","224","13.786879150452174","15","true","224","13.265467410070793","5","true","224","11.329964512240476","25","true","224","16.348661016578582","35","true","224","17.4024459210862","45","true","224","12.15054967650633","65","true","224","11.055507705360196","75","true","224","10.443068516823583","95","true","224","16.427712992158757","105","true","224","14.449754474803225","115","true","224","12.284436451812883","125","true","224","16.508578694079276","135","true"
"225","14.948140511847969","0","true","225","10.651080006864497","85","true","225","14.29186415227681","55","true","225","13.766253777280278","15","true","225","13.270329448963874","5","true","225","11.345057174360178","25","true","225","16.321573698313365","35","true","225","17.45843666296096","45","true","225","12.156280461072534","65","true","225","11.077199794689111","75","true","225","10.440421695175862","95","true","225","16.471997803542898","105","true","225","14.476295118338864","115","true","225","12.28128867944268","125","true","225","16.529949180190467","135","true"
"226","14.893389129362243","0","true","226","10.605156932154493","85","true","226","14.230045118686402","55","true","226","13.708784117266653","15","true","226","13.211869847867117","5","true","226","11.296076557169439","25","true","226","16.249672492593923","35","true","226","17.382984029157427","45","true","226","12.103478177733605","65","true","226","11.028401557708102","75","true","226","10.395105588445174","95","true","226","16.39943393656694","105","true","226","14.412522893147944","115","true","226","12.22718608614117","125","true","226","16.45983465561715","135","true"
"227","14.923236205510136","0","true","227","10.612438997865276","85","true","227","14.247733130672183","55","true","227","13.698011265477922","15","true","227","13.212376931696902","5","true","227","11.309347091090732","25","true","227","16.229803044005497","35","true","227","17.410583313940762","45","true","227","12.112602319288008","65","true","227","11.031937816485005","75","true","227","10.406625539842274","95","true","227","16.447004722225717","105","true","227","14.417812924498715","115","true","227","12.22061146946365","125","true","227","16.474761724944777","135","true"
"228","14.865083465196074","0","true","228","10.56773292943754","85","true","228","14.186740121600147","55","true","228","13.642029692709622","15","true","228","13.155555937912407","5","true","228","11.259961295933131","25","true","228","16.15893054162993","35","true","228","17.33455456584495","45","true","228","12.060585977600862","65","true","228","10.985994022854182","75","true","228","10.362393159205666","95","true","228","16.375183740905957","105","true","228","14.354853042732346","115","true","228","12.173555512516414","125","true","228","16.402819534006152","135","true"
"229","14.895765567232486","0","true","229","10.579483055536514","85","true","229","14.191970290849497","55","true","229","13.629944574523776","15","true","229","13.154309780121938","5","true","229","11.287422562638108","25","true","229","16.137546046666206","35","true","229","17.396614712110402","45","true","229","12.073697211258388","65","true","229","10.979812454307572","75","true","229","10.368019149286823","95","true","229","16.395120347678493","105","true","229","14.365110950041311","115","true","229","12.184139562182525","125","true","229","16.406268774548707","135","true"
"230","14.831281733608103","0","true","230","10.538427773956226","85","true","230","14.134818203996453","55","true","230","13.571779859366883","15","true","230","13.098711485962868","5","true","230","11.238888870033213","25","true","230","16.07296604967031","35","true","230","17.323107211429996","45","true","230","12.025737202901148","65","true","230","10.934966555787444","75","true","230","10.327546565072435","95","true","230","16.32924644501213","105","true","230","14.30534304452142","115","true","230","12.132888814958267","125","true","230","16.338940219889142","135","true"
"231","14.863320154662702","0","true","231","10.540069990472375","85","true","231","14.142224013301146","55","true","231","13.553813209587219","15","true","231","13.101491934799203","5","true","231","11.249873773156786","25","true","231","16.054600107641626","35","true","231","17.367995450008507","45","true","231","12.022912641732045","65","true","231","10.94929987309036","75","true","231","10.318880574480122","95","true","231","16.381725657185726","105","true","231","14.321408365260835","115","true","231","12.12999071766311","125","true","231","16.35279629432185","135","true"
"232","14.799529081037539","0","true","232","10.501283911519648","85","true","232","14.08152777290071","55","true","232","13.498392126637732","15","true","232","13.045262355679894","5","true","232","11.203916999086738","25","true","232","15.985696244518701","35","true","232","17.295092771764377","45","true","232","11.972117063160779","65","true","232","10.905670380288544","75","true","232","10.27805983205624","95","true","232","16.31141782174716","105","true","232","14.259943093306926","115","true","232","12.077930671664555","125","true","232","16.284370236729522","135","true"
"233","14.826368334072049","0","true","233","10.516817600633972","85","true","233","14.080924706679125","55","true","233","13.492539906709808","15","true","233","13.043575484849493","5","true","233","11.209027969839552","25","true","233","15.966776058170424","35","true","233","17.31739241895238","45","true","233","11.957460440161038","65","true","233","10.908615090012196","75","true","233","10.282586901008537","95","true","233","16.36047410818155","105","true","233","14.284917630660246","115","true","233","12.084087189706347","125","true","233","16.275077594822648","135","true"
"234","14.763277404990891","0","true","234","10.481483217268938","85","true","234","14.02347711916463","55","true","234","13.439869780973503","15","true","234","12.98807090831822","5","true","234","11.161329978478532","25","true","234","15.898832330263316","35","true","234","17.24370138738237","45","true","234","11.908308914705733","65","true","234","10.862648010181832","75","true","234","10.240848700887243","95","true","234","16.29085506942333","105","true","234","14.224130747125521","115","true","234","12.032665542090575","125","true","234","16.206601811612856","135","true"
"235","14.775151366911603","0","true","235","10.483686323843463","85","true","235","14.038899405105845","55","true","235","13.426936443307309","15","true","235","12.984724397845264","5","true","235","11.179372385646147","25","true","235","15.865387696429357","35","true","235","17.307643510314094","45","true","235","11.904514071209814","65","true","235","10.875821252551553","75","true","235","10.244256587927607","95","true","235","16.30144104482205","105","true","235","14.261100991612787","115","true","235","12.026795197294978","125","true","235","16.220395881917735","135","true"
"236","14.712808956080753","0","true","236","10.444358132332134","85","true","236","13.980795378480432","55","true","236","13.37028270304019","15","true","236","12.934166341251677","5","true","236","11.133569974478961","25","true","236","15.804659681948849","35","true","236","17.234615478625006","45","true","236","11.856133624737929","65","true","236","10.832192559084366","75","true","236","10.202281204769314","95","true","236","16.233176386820272","105","true","236","14.200927569707249","115","true","236","11.978188779987093","125","true","236","16.15486074931008","135","true"
"237","14.735719228230021","0","true","237","10.4507287584401","85","true","237","13.981044951605748","55","true","237","13.353249160054766","15","true","237","12.934381738402221","5","true","237","11.147316617141996","25","true","237","15.781866708632654","35","true","237","17.285277717319758","45","true","237","11.870451353550159","65","true","237","10.844682638010736","75","true","237","10.203482273249563","95","true","237","16.271000591339636","105","true","237","14.197722894515088","115","true","237","11.969644007396543","125","true","237","16.162360648985572","135","true"
"238","14.682676837479669","0","true","238","10.411276623247055","85","true","238","13.922546855573925","55","true","238","13.300387839347","15","true","238","12.880262986358698","5","true","238","11.101389295327698","25","true","238","15.715833793533772","35","true","238","17.21706670756764","45","true","238","11.821501671896378","65","true","238","10.799307396847512","75","true","238","10.162046460939969","95","true","238","16.202921090957464","105","true","238","14.140925628814871","115","true","238","11.920620300995864","125","true","238","16.094735709031657","135","true"
"239","14.699483821976525","0","true","239","10.429899193288213","85","true","239","13.940325194627576","55","true","239","13.289219320146975","15","true","239","12.878544795154594","5","true","239","11.129512081934461","25","true","239","15.684277484569071","35","true","239","17.26604606738789","45","true","239","11.839744106947713","65","true","239","10.810324033293982","75","true","239","10.168795145029828","95","true","239","16.275685858389892","105","true","239","14.134926263178025","115","true","239","11.913663737517064","125","true","239","16.097787648194227","135","true"
"240","14.64038304948623","0","true","240","10.390818986462966","85","true","240","13.885387093279164","55","true","240","13.240225813387758","15","true","240","12.825106849946485","5","true","240","11.085004917811355","25","true","240","15.619719117193792","35","true","240","17.19440272270993","45","true","240","11.792533257177015","65","true","240","10.768228844608432","75","true","240","10.126600974303564","95","true","240","16.208854894953426","105","true","240","14.077211204638743","115","true","240","11.864229448149773","125","true","240","16.03622383793222","135","true"
"241","14.656622158764423","0","true","241","10.40217888902063","85","true","241","13.883492818268794","55","true","241","13.220605817898594","15","true","241","12.817052279583061","5","true","241","11.09453318303758","25","true","241","15.606688830707359","35","true","241","17.254202208089566","45","true","241","11.789633279743796","65","true","241","10.785620192591697","75","true","241","10.121164649014501","95","true","241","16.275974662452743","105","true","241","14.113417773022372","115","true","241","11.863946429566441","125","true","241","16.022324230862804","135","true"
"242","14.605314784517876","0","true","242","10.359371568489681","85","true","242","13.826359102967276","55","true","242","13.166200032639752","15","true","242","12.769250253728783","5","true","242","11.048876667881046","25","true","242","15.54592030628505","35","true","242","17.1859595683226","45","true","242","11.741116270362134","65","true","242","10.742959571228857","75","true","242","10.084129276850968","95","true","242","16.210389305569112","105","true","242","14.055953745966443","115","true","242","11.817626889680684","125","true","242","15.958349221681722","135","true"
"243","14.644420312316372","0","true","243","10.362475783961859","85","true","243","13.826674512094423","55","true","243","13.159473577494113","15","true","243","12.76221872200388","5","true","243","11.065666004773067","25","true","243","15.527896131713698","35","true","243","17.25039212895741","45","true","243","11.739116884330874","65","true","243","10.75128040850422","75","true","243","10.09023868845387","95","true","243","16.22990181899304","105","true","243","14.059127643448303","115","true","243","11.819836316534062","125","true","243","15.962230610929339","135","true"
"244","14.58464716818447","0","true","244","10.321664187269254","85","true","244","13.770239105922608","55","true","244","13.10755925557276","15","true","244","12.710128033342638","5","true","244","11.021511810241995","25","true","244","15.466592574584228","35","true","244","17.181687442073574","45","true","244","11.696961955363038","65","true","244","10.710053936780211","75","true","244","10.049590573238232","95","true","244","16.164329134360777","105","true","244","14.004059413424683","115","true","244","11.775750432511078","125","true","244","15.904050608157226","135","true"
"245","14.613422639669423","0","true","245","10.330353849094227","85","true","245","13.77733075798239","55","true","245","13.097721185910022","15","true","245","12.698099788546342","5","true","245","11.035003621482852","25","true","245","15.44625293728269","35","true","245","17.251448297617834","45","true","245","11.704874127820379","65","true","245","10.720923258938932","75","true","245","10.050243381596555","95","true","245","16.226834670009563","105","true","245","14.01968283909167","115","true","245","11.78423193653513","125","true","245","15.909306180707564","135","true"
"246","14.561717003441757","0","true","246","10.289484846841424","85","true","246","13.726201438874678","55","true","246","13.049407027149234","15","true","246","12.646690477661538","5","true","246","10.991770423892543","25","true","246","15.383717500289643","35","true","246","17.181604377384563","45","true","246","11.65843187445987","65","true","246","10.67814327856545","75","true","246","10.010158532533953","95","true","246","16.16220580118887","105","true","246","13.963702004119808","115","true","246","11.736522495496526","125","true","246","15.846809498093531","135","true"
"247","14.579426549155524","0","true","247","10.299657483402882","85","true","247","13.72123045491153","55","true","247","13.040013192768274","15","true","247","12.641437405798339","5","true","247","11.0086070516366","25","true","247","15.360004118075","35","true","247","17.256989203632326","45","true","247","11.669041312844326","65","true","247","10.68943834940997","75","true","247","10.006221664633667","95","true","247","16.216047283352978","105","true","247","13.974916889136214","115","true","247","11.736617403132849","125","true","247","15.85542602691541","135","true"
"248","14.523304107279603","0","true","248","10.258293397124154","85","true","248","13.666125111719113","55","true","248","12.987643661873623","15","true","248","12.593356124295216","5","true","248","10.964764317637188","25","true","248","15.298852280267944","35","true","248","17.1876840261077","45","true","248","11.626145653744375","65","true","248","10.64993240739359","75","true","248","9.966036035458432","95","true","248","16.150922595468028","105","true","248","13.919314246361486","115","true","248","11.69334284649438","125","true","248","15.796070855349337","135","true"
"249","14.56845847508882","0","true","249","10.26206343562705","85","true","249","13.672935756827977","55","true","249","12.973940913371912","15","true","249","12.601975360884278","5","true","249","10.979909673949454","25","true","249","15.281606634041337","35","true","249","17.236715476686214","45","true","249","11.611924898866578","65","true","249","10.649254058210754","75","true","249","9.969345773378876","95","true","249","16.191538240622922","105","true","249","13.918884525547092","115","true","249","11.685482373229412","125","true","249","15.797495140926518","135","true"
"250","14.512644760008937","0","true","250","10.225789420940446","85","true","250","13.62034197316755","55","true","250","12.922251905748917","15","true","250","12.552426005216164","5","true","250","10.937015232085946","25","true","250","15.225650384162217","35","true","250","17.169777631505514","45","true","250","11.565662249867108","65","true","250","10.60725643902711","75","true","250","9.929627264321589","95","true","250","16.127576132821762","105","true","250","13.863430802337742","115","true","250","11.64338047092364","125","true","250","15.734556913273424","135","true"
"251","14.536252306777861","0","true","251","10.236533078488574","85","true","251","13.610079428320589","55","true","251","12.911802780622486","15","true","251","12.545118889997292","5","true","251","10.943767718624551","25","true","251","15.2183890102871","35","true","251","17.213642685669775","45","true","251","11.575320424371993","65","true","251","10.60484312094588","75","true","251","9.923718213163651","95","true","251","16.157702056524553","105","true","251","13.86560808126474","115","true","251","11.65067730002253","125","true","251","15.743419798608347","135","true"
"252","14.47978439775881","0","true","252","10.197581689581774","85","true","252","13.558515875471794","55","true","252","12.866737768766633","15","true","252","12.4955334398392","5","true","252","10.901802895835655","25","true","252","15.158237275068574","35","true","252","17.14560457228768","45","true","252","11.532136821947288","65","true","252","10.563903321805494","75","true","252","9.884494030502925","95","true","252","16.095788200062273","105","true","252","13.811286569568608","115","true","252","11.604627192117302","125","true","252","15.685516953289325","135","true"
"253","14.49997335075867","0","true","253","10.210308714122236","85","true","253","13.550664892280755","55","true","253","12.8699805110717","15","true","253","12.493288902177682","5","true","253","10.909422411110532","25","true","253","15.133096090558029","35","true","253","17.21157871978403","45","true","253","11.546185870511618","65","true","253","10.576728644422955","75","true","253","9.879479226861102","95","true","253","16.127771723401647","105","true","253","13.82132223916567","115","true","253","11.594852064767883","125","true","253","15.683425396047273","135","true"
"254","14.448453999966379","0","true","254","10.174578318603364","85","true","254","13.498554214126228","55","true","254","12.819509999263575","15","true","254","12.447096633870736","5","true","254","10.86664036243951","25","true","254","15.073750615693097","35","true","254","17.14408233264762","45","true","254","11.504576532372074","65","true","254","10.536303573899668","75","true","254","9.843161797707072","95","true","254","16.067650321800738","105","true","254","13.767974918831037","115","true","254","11.549382056670755","125","true","254","15.623805227486095","135","true"
"255","14.45006227925844","0","true","255","10.187686342650876","85","true","255","13.493884754857358","55","true","255","12.807200764828364","15","true","255","12.43727738836949","5","true","255","10.886305321634657","25","true","255","15.061100605987717","35","true","255","17.196457913082895","45","true","255","11.523882843342877","65","true","255","10.547016007965684","75","true","255","9.845946643409201","95","true","255","16.12468377456734","105","true","255","13.777233942263086","115","true","255","11.559429648144562","125","true","255","15.622706120218648","135","true"
"256","14.39582660864898","0","true","256","10.148045539761185","85","true","256","13.44295695166617","55","true","256","12.757367298817359","15","true","256","12.391046878260196","5","true","256","10.844269891727375","25","true","256","15.006102270726057","35","true","256","17.13038166162985","45","true","256","11.480054067147952","65","true","256","10.507369992378246","75","true","256","9.81089037883386","95","true","256","16.062630277598","105","true","256","13.723626028090855","115","true","256","11.51643886759183","125","true","256","15.563773292083773","135","true"
"257","14.414779097514673","0","true","257","10.156231549762134","85","true","257","13.434866708109055","55","true","257","12.737747920140155","15","true","257","12.382136749908314","5","true","257","10.849868082477037","25","true","257","14.996554739440912","35","true","257","17.169941285486797","45","true","257","11.487106510140352","65","true","257","10.50085585291907","75","true","257","9.806373791522084","95","true","257","16.082341717359164","105","true","257","13.732567024970855","115","true","257","11.52187829155711","125","true","257","15.560047482432282","135","true"
"258","14.364345032442909","0","true","258","10.120702719775906","85","true","258","13.384617245238047","55","true","258","12.691776357004697","15","true","258","12.334597513703935","5","true","258","10.809917878080253","25","true","258","14.94065040362657","35","true","258","17.104941465169805","45","true","258","11.442754747552936","65","true","258","10.461335885032335","75","true","258","9.771158657916043","95","true","258","16.020971559338637","105","true","258","13.68065037641653","115","true","258","11.477392274987391","125","true","258","15.501799750479927","135","true"
"259","14.377069811247704","0","true","259","10.140240045208749","85","true","259","13.378365778267488","55","true","259","12.684764158296428","15","true","259","12.327859336736198","5","true","259","10.82878830782052","25","true","259","14.932197920945883","35","true","259","17.147616414844233","45","true","259","11.44398874472305","65","true","259","10.45942129640776","75","true","259","9.766622191982457","95","true","259","16.03973566420527","105","true","259","13.692696365679208","115","true","259","11.473403570094453","125","true","259","15.498174559551071","135","true"
"260","14.32198525258392","0","true","260","10.105032058701044","85","true","260","13.330046393823412","55","true","260","12.637736694650245","15","true","260","12.282803867379116","5","true","260","10.78759421053189","25","true","260","14.874986434658735","35","true","260","17.083663218109503","45","true","260","11.40289977488504","65","true","260","10.42170875639527","75","true","260","9.73042735549695","95","true","260","15.98441765901339","105","true","260","13.641812674529778","115","true","260","11.432214701079035","125","true","260","15.443692067180798","135","true"
"261","14.329432484607866","0","true","261","10.110634270660693","85","true","261","13.332142567761192","55","true","261","12.63000460362494","15","true","261","12.276213418560978","5","true","261","10.794107638803062","25","true","261","14.85398296023282","35","true","261","17.12588199798931","45","true","261","11.408964203194904","65","true","261","10.428914413630624","75","true","261","9.737123071367165","95","true","261","16.026643146429226","105","true","261","13.653385048503704","115","true","261","11.432972512374878","125","true","261","15.447002972763881","135","true"
"262","14.277563634538579","0","true","262","10.072190794346394","85","true","262","13.282048104332521","55","true","262","12.58198177243245","15","true","262","12.23039503606799","5","true","262","10.753660759104205","25","true","262","14.802401581571864","35","true","262","17.06109901085447","45","true","262","11.366459422468008","65","true","262","10.39268093501812","75","true","262","9.706451399280052","95","true","262","15.965705339788808","105","true","262","13.601471036912436","115","true","262","11.391151858572918","125","true","262","15.390937321512645","135","true"
"263","14.291096249233625","0","true","263","10.079295345964557","85","true","263","13.278984394782837","55","true","263","12.576665588700806","15","true","263","12.220007774543374","5","true","263","10.768910437345026","25","true","263","14.788998087172503","35","true","263","17.09734991732626","45","true","263","11.377268481141698","65","true","263","10.407739348192969","75","true","263","9.708269774255205","95","true","263","16.012839024821556","105","true","263","13.600410632596024","115","true","263","11.397370030380342","125","true","263","15.387127497272475","135","true"
"264","14.243879535894601","0","true","264","10.04314566266479","85","true","264","13.231623945271753","55","true","264","12.530482303110402","15","true","264","12.175987514732222","5","true","264","10.730644247768696","25","true","264","14.733190547220909","35","true","264","17.033940176580213","45","true","264","11.33823029211524","65","true","264","10.369566629609718","75","true","264","9.671634793974997","95","true","264","15.95241321718072","105","true","264","13.54957629914169","115","true","264","11.358698490020954","125","true","264","15.332634182214788","135","true"
"265","14.24061253684894","0","true","265","10.049987973619178","85","true","265","13.226282146800186","55","true","265","12.524538120936315","15","true","265","12.166622981337614","5","true","265","10.748927923009289","25","true","265","14.716070806584428","35","true","265","17.06829137736333","45","true","265","11.359183388217183","65","true","265","10.376230228242004","75","true","265","9.675194461531188","95","true","265","15.984603282277986","105","true","265","13.56449577708066","115","true","265","11.35191385912394","125","true","265","15.341101567754766","135","true"
"266","14.191073953461386","0","true","266","10.0123475692236","85","true","266","13.179863877282841","55","true","266","12.480890802463293","15","true","266","12.121969694295876","5","true","266","10.709613895466942","25","true","266","14.66262742206762","35","true","266","17.004365192429386","45","true","266","11.32324007702166","65","true","266","10.340978874872048","75","true","266","9.641557837385813","95","true","266","15.930019015670565","105","true","266","13.514271504130253","115","true","266","11.310867619268128","125","true","266","15.28364425851224","135","true"
"267","14.192710780185942","0","true","267","10.018813047211996","85","true","267","13.173729891277858","55","true","267","12.473328486143913","15","true","267","12.117238756080473","5","true","267","10.725634245534561","25","true","267","14.657973651441512","35","true","267","17.040929515516122","45","true","267","11.330248090360001","65","true","267","10.356507980675977","75","true","267","9.639501755255736","95","true","267","15.959758659816297","105","true","267","13.522665763412567","115","true","267","11.313721907075974","125","true","267","15.298920647802055","135","true"
"268","14.141323882150154","0","true","268","9.981568389043922","85","true","268","13.126177152873648","55","true","268","12.426959235266054","15","true","268","12.072193258845974","5","true","268","10.685761999268633","25","true","268","14.6054949996383","35","true","268","16.978067585224508","45","true","268","11.290484921988373","65","true","268","10.318007951008036","75","true","268","9.604358696220414","95","true","268","15.900428701973114","105","true","268","13.474525612822708","115","true","268","11.271663461324763","125","true","268","15.250152274375035","135","true"
"269","14.165728260912017","0","true","269","9.993324246490996","85","true","269","13.114100146046402","55","true","269","12.42690594367654","15","true","269","12.063986384335319","5","true","269","10.699944839706426","25","true","269","14.5895576505047","35","true","269","17.021986843977416","45","true","269","11.296597976315377","65","true","269","10.340693394444651","75","true","269","9.59902038569004","95","true","269","15.94398087041945","105","true","269","13.478616265259","115","true","269","11.280434659340695","125","true","269","15.254462016400208","135","true"
"270","14.11345620090865","0","true","270","9.959078981817742","85","true","270","13.067238819935685","55","true","270","12.381614958046468","15","true","270","12.021597888844644","5","true","270","10.66244838874901","25","true","270","14.535721644414275","35","true","270","16.961149264380243","45","true","270","11.255928491767106","65","true","270","10.306095942888158","75","true","270","9.56663470183818","95","true","270","15.886429514217056","105","true","270","13.429468419984063","115","true","270","11.241899398770839","125","true","270","15.198172488664413","135","true"
"271","14.113108238638967","0","true","271","9.961887822227142","85","true","271","13.068901028272222","55","true","271","12.370572311012781","15","true","271","12.01151348679719","5","true","271","10.668967751595906","25","true","271","14.517538010144822","35","true","271","16.984246813910453","45","true","271","11.250530138322993","65","true","271","10.323851934664996","75","true","271","9.579492687297774","95","true","271","15.923739031758448","105","true","271","13.436573083931235","115","true","271","11.241674086074932","125","true","271","15.212874920152075","135","true"
"272","14.063262326500562","0","true","272","9.926195000649422","85","true","272","13.025608837467523","55","true","272","12.32958645408574","15","true","272","11.968331078091081","5","true","272","10.629887283641343","25","true","272","14.466345467047482","35","true","272","16.92203345561774","45","true","272","11.212272426533273","65","true","272","10.287168816286158","75","true","272","9.546987679361958","95","true","272","15.865410317356401","105","true","272","13.387354867506577","115","true","272","11.201498093863874","125","true","272","15.157878031178388","135","true"
"273","14.094306822539002","0","true","273","9.938913207729836","85","true","273","13.028688216429654","55","true","273","12.32106546920701","15","true","273","11.969974446475398","5","true","273","10.649361269248974","25","true","273","14.45695291777418","35","true","273","16.976431915638695","45","true","273","11.219891583822202","65","true","273","10.291348994774236","75","true","273","9.55168685734495","95","true","273","15.886477881587847","105","true","273","13.381823986628795","115","true","273","11.205263915724531","125","true","273","15.163952609947922","135","true"
"274","14.048050156339716","0","true","274","9.904769478082553","85","true","274","12.983474555370696","55","true","274","12.27626159477353","15","true","274","11.926447266670033","5","true","274","10.610636319178978","25","true","274","14.404933850085929","35","true","274","16.914699435945465","45","true","274","11.17968853785145","65","true","274","10.257212273840755","75","true","274","9.521043401186287","95","true","274","15.833126128752287","105","true","274","13.336700667590781","115","true","274","11.164517501485532","125","true","274","15.111282529134506","135","true"
"275","14.051345420012524","0","true","275","9.91003283177882","85","true","275","12.98912607931156","55","true","275","12.268639768331894","15","true","275","11.915946428717875","5","true","275","10.625116004932547","25","true","275","14.390802328890171","35","true","275","16.95069627476753","45","true","275","11.198129262335733","65","true","275","10.264020523815864","75","true","275","9.5160334662016","95","true","275","15.840450335174056","105","true","275","13.342694245568408","115","true","275","11.165766638965247","125","true","275","15.126940710571619","135","true"
"276","14.005349331159266","0","true","276","9.87677562597127","85","true","276","12.943833518171791","55","true","276","12.224348650034667","15","true","276","11.87352818891886","5","true","276","10.587906000108434","25","true","276","14.338849973912227","35","true","276","16.8913451505256","45","true","276","11.157702802904918","65","true","276","10.226966298098118","75","true","276","9.482218492183305","95","true","276","15.783861715317496","105","true","276","13.29568616462699","115","true","276","11.127499190480775","125","true","276","15.072330816309627","135","true"
"277","14.008969214451511","0","true","277","9.882446373202136","85","true","277","12.951997654107616","55","true","277","12.228120186445029","15","true","277","11.869008459726869","5","true","277","10.598517119318924","25","true","277","14.324175919805763","35","true","277","16.92499799817743","45","true","277","11.176352623014914","65","true","277","10.23297480932792","75","true","277","9.482193385975323","95","true","277","15.831268759594751","105","true","277","13.304514126473284","115","true","277","11.140303079420791","125","true","277","15.076206651410502","135","true"
"278","13.958757855259929","0","true","278","9.849289534568872","85","true","278","12.909986270995923","55","true","278","12.18646341743401","15","true","278","11.830031337121026","5","true","278","10.56091679873447","25","true","278","14.274305327255194","35","true","278","16.865044848274927","45","true","278","11.138121478428435","65","true","278","10.198585505837238","75","true","278","9.451225394481003","95","true","278","15.775138514413664","105","true","278","13.257461268417424","115","true","278","11.102994164209349","125","true","278","15.027073107972134","135","true"
"279","13.969551653891639","0","true","279","9.85375243462067","85","true","279","12.918949300068396","55","true","279","12.175318855374686","15","true","279","11.816612294776743","5","true","279","10.568468626469175","25","true","279","14.264383599947466","35","true","279","16.871891313498637","45","true","279","11.155562101477065","65","true","279","10.203988245680561","75","true","279","9.451340441106277","95","true","279","15.798213908104321","105","true","279","13.256239529527294","115","true","279","11.092802469299498","125","true","279","15.039094854118618","135","true"
"280","13.925553838783019","0","true","280","9.819590737491756","85","true","280","12.872974391527228","55","true","280","12.132979291117442","15","true","280","11.774560293727715","5","true","280","10.530858417834054","25","true","280","14.215914705741964","35","true","280","16.811848995657005","45","true","280","11.116690238968836","65","true","280","10.168104450189526","75","true","280","9.417705777614795","95","true","280","15.745295665683114","105","true","280","13.212184480090814","115","true","280","11.055154736969024","125","true","280","14.98894097522396","135","true"
"281","13.932445357864188","0","true","281","9.818188840315267","85","true","281","12.864376333731668","55","true","281","12.129818059953141","15","true","281","11.770233954134662","5","true","281","10.541884436638858","25","true","281","14.203528289202522","35","true","281","16.850337929242116","45","true","281","11.1285051109764","65","true","281","10.180902290830023","75","true","281","9.41382157522772","95","true","281","15.762794239762842","105","true","281","13.210545440867","115","true","281","11.050037852770409","125","true","281","15.019155902702817","135","true"
"282","13.88371793413629","0","true","282","9.7834955935297","85","true","282","12.821142476524424","55","true","282","12.086956512038112","15","true","282","11.72864302143454","5","true","282","10.505524094239165","25","true","282","14.153732028859363","35","true","282","16.795440112305286","45","true","282","11.089960955036826","65","true","282","10.146660118222869","75","true","282","9.38401224530482","95","true","282","15.707095320187708","105","true","282","13.165293848578536","115","true","282","11.010991782619275","125","true","282","14.970480986993831","135","true"
"283","13.90028073913807","0","true","283","9.790710692519895","85","true","283","12.81827862647192","55","true","283","12.087244052652265","15","true","283","11.719255268052965","5","true","283","10.512445262870665","25","true","283","14.14922400168469","35","true","283","16.838016648126757","45","true","283","11.085173504707383","65","true","283","10.156693990914725","75","true","283","9.382742267029533","95","true","283","15.726286181161248","105","true","283","13.17212092581241","115","true","283","11.010950844433978","125","true","283","15.000173212035218","135","true"
"284","13.851507824263901","0","true","284","9.75926364074932","85","true","284","12.77373449555507","55","true","284","12.049367816971971","15","true","284","11.682375405242826","5","true","284","10.476664042383655","25","true","284","14.09957760167878","35","true","284","16.778935887957893","45","true","284","11.04765667924694","65","true","284","10.123158518370287","75","true","284","9.349820364338202","95","true","284","15.671106229648402","105","true","284","13.125902957651665","115","true","284","10.977356010300078","125","true","284","14.949266421637379","135","true"
"285","13.870270334592819","0","true","285","9.76534950576503","85","true","285","12.771560935425553","55","true","285","12.050701253539302","15","true","285","11.672273788269035","5","true","285","10.492009063382474","25","true","285","14.088434697728395","35","true","285","16.79433929813043","45","true","285","11.052786909871665","65","true","285","10.143608761599616","75","true","285","9.355737270977144","95","true","285","15.693137250764282","105","true","285","13.127809489078436","115","true","285","10.979653207405143","125","true","285","14.963928948658033","135","true"
"286","13.823093932863076","0","true","286","9.733774663306344","85","true","286","12.728617299577559","55","true","286","12.008712747429408","15","true","286","11.631603844755903","5","true","286","10.455451540513545","25","true","286","14.045771601115016","35","true","286","16.735822436464474","45","true","286","11.01546748875371","65","true","286","10.110432414139972","75","true","286","9.326229705008544","95","true","286","15.640141422886456","105","true","286","13.083013628175046","115","true","286","10.941396576020455","125","true","286","14.91322757565847","135","true"
"287","13.843772610924242","0","true","287","9.744353989427283","85","true","287","12.733900019424196","55","true","287","12.000342370994545","15","true","287","11.628583799609327","5","true","287","10.471189641890367","25","true","287","14.035282846069183","35","true","287","16.743387025513442","45","true","287","11.024774315303693","65","true","287","10.114608516187584","75","true","287","9.324835411130067","95","true","287","15.669449002020086","105","true","287","13.088256154859264","115","true","287","10.943263011093443","125","true","287","14.92929176267757","135","true"
"288","13.798692994987743","0","true","288","9.711610263245568","85","true","288","12.68983808164072","55","true","288","11.961025485620379","15","true","288","11.588346485423827","5","true","288","10.434957151780019","25","true","288","13.986717853522231","35","true","288","16.68630676077421","45","true","288","10.989157050545144","65","true","288","10.079999483804404","75","true","288","9.29718191472249","95","true","288","15.615786268556436","105","true","288","13.045171974615355","115","true","288","10.90539704911734","125","true","288","14.879055449336247","135","true"
"289","13.795211984075966","0","true","289","9.718106969129533","85","true","289","12.687891289171434","55","true","289","11.953588558584485","15","true","289","11.58286500601347","5","true","289","10.447702810894684","25","true","289","13.98148692198837","35","true","289","16.735755204124825","45","true","289","10.994848359836075","65","true","289","10.08810980119895","75","true","289","9.303309933630985","95","true","289","15.62686656225257","105","true","289","13.03609949438182","115","true","289","10.90820074039787","125","true","289","14.89557661123981","135","true"
"290","13.747805757326564","0","true","290","9.687471471633636","85","true","290","12.647447104346488","55","true","290","11.913710498088545","15","true","290","11.543915568425689","5","true","290","10.413433768383117","25","true","290","13.933440575177414","35","true","290","16.678244017856354","45","true","290","10.959054164217736","65","true","290","10.055226131662897","75","true","290","9.27238683375356","95","true","290","15.575900825663819","105","true","290","12.99130190161762","115","true","290","10.874748054136317","125","true","290","14.850491523443168","135","true"
"291","13.786361593026655","0","true","291","9.690492928078717","85","true","291","12.656652599321342","55","true","291","11.902128598114194","15","true","291","11.544629791161013","5","true","291","10.4293165969036","25","true","291","13.926430669900023","35","true","291","16.740562048311425","45","true","291","10.962853148896686","65","true","291","10.061570597916221","75","true","291","9.27401478986497","95","true","291","15.584607695873213","105","true","291","12.998114569360284","115","true","291","10.87967685181506","125","true","291","14.873957270540647","135","true"
"292","13.739309164381513","0","true","292","9.662418028303625","85","true","292","12.613455832770757","55","true","292","11.862981462853543","15","true","292","11.505228324296983","5","true","292","10.393721659712803","25","true","292","13.8833551249694","35","true","292","16.683427024255753","45","true","292","10.927802997104315","65","true","292","10.03121862042924","75","true","292","9.24390839511112","95","true","292","15.531417908515284","105","true","292","12.95375240359455","115","true","292","10.845497293108323","125","true","292","14.823192911255525","135","true"
"293","13.764108201575333","0","true","293","9.661081240500991","85","true","293","12.607728655972375","55","true","293","11.857996819534199","15","true","293","11.499519399163878","5","true","293","10.405625090496848","25","true","293","13.875990632797263","35","true","293","16.72521234490341","45","true","293","10.939067617365854","65","true","293","10.036585272458671","75","true","293","9.256658508818811","95","true","293","15.547416444725581","105","true","293","12.958825733738852","115","true","293","10.853760971693605","125","true","293","14.830407441495959","135","true"
"294","13.71805936736393","0","true","294","9.62884414643267","85","true","294","12.56499059273179","55","true","294","11.819241932594748","15","true","294","11.46080924999997","5","true","294","10.372040599772482","25","true","294","13.828953376414901","35","true","294","16.66887138348411","45","true","294","10.903471958518422","65","true","294","10.0029446381705","75","true","294","9.225280005399085","95","true","294","15.49506971894561","105","true","294","12.915728511309036","115","true","294","10.816968561620069","125","true","294","14.78448034183422","135","true"
"295","13.727898889639656","0","true","295","9.634003605171587","85","true","295","12.576044584616314","55","true","295","11.811311205591151","15","true","295","11.462338279848778","5","true","295","10.372993091933994","25","true","295","13.825079703862912","35","true","295","16.6952721279262","45","true","295","10.92167260167036","65","true","295","10.008414878397568","75","true","295","9.227031104142206","95","true","295","15.503199159935054","105","true","295","12.913361036934312","115","true","295","10.810969287302678","125","true","295","14.797813777464993","135","true"
"296","13.687615529063663","0","true","296","9.60587767765632","85","true","296","12.53614673235064","55","true","296","11.773322207956387","15","true","296","11.42461265595941","5","true","296","10.338067189267548","25","true","296","13.778530613950917","35","true","296","16.639931105340967","45","true","296","10.886496910045562","65","true","296","9.974716511803637","75","true","296","9.200130428391613","95","true","296","15.453864783404548","105","true","296","12.869881706843623","115","true","296","10.77456871731176","125","true","296","14.74798948865198","135","true"
"297","13.713721376081038","0","true","297","9.617709685575903","85","true","297","12.536491133644262","55","true","297","11.772626386173357","15","true","297","11.421705866965914","5","true","297","10.349625339686233","25","true","297","13.773530075569543","35","true","297","16.68775195673175","45","true","297","10.904657246999982","65","true","297","9.993438088956092","75","true","297","9.204530346458036","95","true","297","15.460043462806961","105","true","297","12.870568135575969","115","true","297","10.777417716131115","125","true","297","14.752420526790615","135","true"
"298","13.667856087197823","0","true","298","9.585543432446887","85","true","298","12.495987700977174","55","true","298","11.733253053778128","15","true","298","11.385385177534753","5","true","298","10.317799559602976","25","true","298","13.729484510364129","35","true","298","16.631940077277797","45","true","298","10.869783984045139","65","true","298","9.961714253901011","75","true","298","9.174368100733275","95","true","298","15.408337631827672","105","true","298","12.827522757196116","115","true","298","10.744989423764673","125","true","298","14.703979138247357","135","true"
"299","13.684415345330642","0","true","299","9.589398268498924","85","true","299","12.492011116228932","55","true","299","11.731719935526918","15","true","299","11.373167309561708","5","true","299","10.342292432108843","25","true","299","13.714546936491974","35","true","299","16.653811674457994","45","true","299","10.8697419939792","65","true","299","9.961358627664385","75","true","299","9.178640815954461","95","true","299","15.418017473811748","105","true","299","12.828753129822346","115","true","299","10.749381943633331","125","true","299","14.718265945356542","135","true"
"300","13.642231567031141","0","true","300","9.560635621338843","85","true","300","12.450509418168371","55","true","300","11.693125171815202","15","true","300","11.33681326918974","5","true","300","10.308885649439642","25","true","300","13.668983657633197","35","true","300","16.59951931802171","45","true","300","10.834319497040592","65","true","300","9.929175484110429","75","true","300","9.149557456028097","95","true","300","15.36679482439709","105","true","300","12.786756256730971","115","true","300","10.715687806647042","125","true","300","14.670234477327856","135","true"
"301","13.657970891130015","0","true","301","9.565248122104732","85","true","301","12.44888480746725","55","true","301","11.68250852902843","15","true","301","11.33549277854678","5","true","301","10.32719311982976","25","true","301","13.660425912929492","35","true","301","16.621808936513684","45","true","301","10.839599296324181","65","true","301","9.942710725815292","75","true","301","9.152567120885676","95","true","301","15.371067342306011","105","true","301","12.797502661885865","115","true","301","10.712814895179926","125","true","301","14.680022022371656","135","true"
"302","13.614453303049757","0","true","302","9.537003021841867","85","true","302","12.41097040655241","55","true","302","11.644979592573163","15","true","302","11.29808191129085","5","true","302","10.29310997421976","25","true","302","13.615341999025434","35","true","302","16.567973178283204","45","true","302","10.805366020375569","65","true","302","9.911287178496325","75","true","302","9.122360628737537","95","true","302","15.322758280475798","105","true","302","12.755857103288731","115","true","302","10.677983610289495","125","true","302","14.638370487361083","135","true"
"303","13.628406127020234","0","true","303","9.545934378468067","85","true","303","12.413018661184434","55","true","303","11.636279026375545","15","true","303","11.290104884102778","5","true","303","10.304633787979924","25","true","303","13.61075545836301","35","true","303","16.594282187581854","45","true","303","10.810627286102653","65","true","303","9.922018155472314","75","true","303","9.130591125605106","95","true","303","15.335669346051072","105","true","303","12.760101257894439","115","true","303","10.677983135923656","125","true","303","14.659519226023612","135","true"
"304","13.583722828243118","0","true","304","9.514636232964893","85","true","304","12.372320239344484","55","true","304","11.599163646597626","15","true","304","11.255337829644706","5","true","304","10.271520592803588","25","true","304","13.56673325613249","35","true","304","16.539874704999615","45","true","304","10.776825527094253","65","true","304","9.892969653245682","75","true","304","9.10065476125886","95","true","304","15.287940437026474","105","true","304","12.718264860327572","115","true","304","10.65004463607009","125","true","304","14.615954853150344","135","true"
"305","13.597790441414395","0","true","305","9.514891286554608","85","true","305","12.371778811281187","55","true","305","11.59088110551376","15","true","305","11.241504067972363","5","true","305","10.291765040406982","25","true","305","13.563140865828116","35","true","305","16.59480998000314","45","true","305","10.791053322441316","65","true","305","9.899009477813374","75","true","305","9.102709256068657","95","true","305","15.292910015019347","105","true","305","12.709479245915274","115","true","305","10.656157031841996","125","true","305","14.629752210332068","135","true"
"306","13.553497964406532","0","true","306","9.486921823897879","85","true","306","12.333370857756847","55","true","306","11.55383283971447","15","true","306","11.20633176328348","5","true","306","10.259084878781005","25","true","306","13.52218368051344","35","true","306","16.540755224367953","45","true","306","10.755903311619033","65","true","306","9.867169282579969","75","true","306","9.075638328024159","95","true","306","15.243095975882476","105","true","306","12.668080290716853","115","true","306","10.621903965905586","125","true","306","14.589230918020252","135","true"
"307","13.569839096175876","0","true","307","9.491590933562625","85","true","307","12.320549347321538","55","true","307","11.548368017419836","15","true","307","11.201243565723559","5","true","307","10.268829726192314","25","true","307","13.516539564165596","35","true","307","16.578035183124488","45","true","307","10.75107733791189","65","true","307","9.881500712447792","75","true","307","9.075259023551396","95","true","307","15.250480712527917","105","true","307","12.672040254040628","115","true","307","10.626830996607126","125","true","307","14.602060133912179","135","true"
"308","13.526599682300237","0","true","308","9.465092678844082","85","true","308","12.283353724198193","55","true","308","11.512276518064086","15","true","308","11.16499358654646","5","true","308","10.235597267531498","25","true","308","13.473218049780089","35","true","308","16.52490393934767","45","true","308","10.718232698364812","65","true","308","9.85322216944033","75","true","308","9.046997258633942","95","true","308","15.20112640601488","105","true","308","12.631030415030787","115","true","308","10.592439957783155","125","true","308","14.554804275873629","135","true"
"309","13.523973787322513","0","true","309","9.468226918918349","85","true","309","12.287033335778325","55","true","309","11.510626917121249","15","true","309","11.158255295455577","5","true","309","10.241037204263272","25","true","309","13.461705531431846","35","true","309","16.549839462244737","45","true","309","10.724439193973286","65","true","309","9.868586767706367","75","true","309","9.048723471799617","95","true","309","15.201687264254328","105","true","309","12.623492030488505","115","true","309","10.583988138817702","125","true","309","14.560939662913151","135","true"
"310","13.482331051359614","0","true","310","9.440161460262605","85","true","310","12.251090389372175","55","true","310","11.475707178611906","15","true","310","11.123280046239467","5","true","310","10.208107824185255","25","true","310","13.418420304642675","35","true","310","16.497000262289294","45","true","310","10.69073774931716","65","true","310","9.837297745356643","75","true","310","9.021086861223138","95","true","310","15.154626284254824","105","true","310","12.585490566597766","115","true","310","10.550494895652065","125","true","310","14.519942930832825","135","true"
"311","13.509848976054888","0","true","311","9.44776189310476","85","true","311","12.244431200599506","55","true","311","11.46444105700401","15","true","311","11.114968768831805","5","true","311","10.218397015789451","25","true","311","13.411334340413136","35","true","311","16.508641215916686","45","true","311","10.704267905241368","65","true","311","9.842897114266096","75","true","311","9.025377373523137","95","true","311","15.158877342853728","105","true","311","12.582509436791257","115","true","311","10.556012361598516","125","true","311","14.52762614926965","135","true"
"312","13.470481553824683","0","true","312","9.420159280028267","85","true","312","12.205751905052168","55","true","312","11.428268301682097","15","true","312","11.081674032031728","5","true","312","10.186951537541374","25","true","312","13.370083909347104","35","true","312","16.4588807833235","45","true","312","10.673806564941652","65","true","312","9.81314388055952","75","true","312","8.99910005812901","95","true","312","15.110446424825442","105","true","312","12.542309726130583","115","true","312","10.525801951118664","125","true","312","14.481212008217671","135","true"
"313","13.498911002577756","0","true","313","9.426828698299182","85","true","313","12.20777457751665","55","true","313","11.418873717747466","15","true","313","11.0768004200245","5","true","313","10.199129425501553","25","true","313","13.357380172439695","35","true","313","16.51179678240997","45","true","313","10.686058721047434","65","true","313","9.80792314209379","75","true","313","9.00198326846366","95","true","313","15.112741454946958","105","true","313","12.540020873740376","115","true","313","10.527003571316692","125","true","313","14.48207060049835","135","true"
"314","13.458879264989754","0","true","314","9.39878555131114","85","true","314","12.170869363165389","55","true","314","11.383638932818094","15","true","314","11.041930288182726","5","true","314","10.167174409954644","25","true","314","13.317495410809633","35","true","314","16.460299359485866","45","true","314","10.653600889617524","65","true","314","9.778201438677625","75","true","314","8.97340554380187","95","true","314","15.064764497947126","105","true","314","12.50021128366501","115","true","314","10.493584512360131","125","true","314","14.43839998621729","135","true"
"315","13.471317830647529","0","true","315","9.408451798624977","85","true","315","12.167896773067417","55","true","315","11.375426302242419","15","true","315","11.043657055725758","5","true","315","10.172857204826059","25","true","315","13.309216798910684","35","true","315","16.489215106996586","45","true","315","10.652652351341274","65","true","315","9.793823393134385","75","true","315","8.97542186326964","95","true","315","15.06010716038264","105","true","315","12.512956614515458","115","true","315","10.49727812351884","125","true","315","14.452393630907993","135","true"
"316","13.429613136749607","0","true","316","9.380472543026736","85","true","316","12.129512240660263","55","true","316","11.341566597089225","15","true","316","11.00991348255209","5","true","316","10.141495606624249","25","true","316","13.26764911911323","35","true","316","16.43813548450482","45","true","316","10.619047769791301","65","true","316","9.765839358836505","75","true","316","8.950067859891178","95","true","316","15.013499296403925","105","true","316","12.476734287035914","115","true","316","10.464163681488811","125","true","316","14.408324404961164","135","true"
"317","13.442617904089985","0","true","317","9.382416335669122","85","true","317","12.130078982041644","55","true","317","11.33114432715715","15","true","317","11.003329146629124","5","true","317","10.153424118730607","25","true","317","13.259440281418074","35","true","317","16.444153913705293","45","true","317","10.623974345109811","65","true","317","9.77257984002494","75","true","317","8.948371969616668","95","true","317","15.01278545232431","105","true","317","12.479470748250163","115","true","317","10.467150930378232","125","true","317","14.418798680336629","135","true"
"318","13.401916717267648","0","true","318","9.354453950956486","85","true","318","12.092546755408348","55","true","318","11.295987398563017","15","true","318","10.971292956408778","5","true","318","10.123545985375545","25","true","318","13.219642812576694","35","true","318","16.396195358314003","45","true","318","10.59329289612627","65","true","318","9.743780906318698","75","true","318","8.920320646827902","95","true","318","14.966735641103712","105","true","318","12.44079426143063","115","true","318","10.434902386638472","125","true","318","14.378374140661082","135","true"
"319","13.416382371877207","0","true","319","9.358755144449523","85","true","319","12.083160572532694","55","true","319","11.290267352357194","15","true","319","10.97097600150019","5","true","319","10.131240180856773","25","true","319","13.212836825051891","35","true","319","16.420890079043243","45","true","319","10.600426045489487","65","true","319","9.74751388538127","75","true","319","8.923599587418607","95","true","319","14.970258654628122","105","true","319","12.438123641621264","115","true","319","10.4372791328815","125","true","319","14.377806999782853","135","true"
"320","13.376803813466895","0","true","320","9.330081505803529","85","true","320","12.046008354817703","55","true","320","11.255724140121385","15","true","320","10.936798506168413","5","true","320","10.099678684966253","25","true","320","13.175256050262881","35","true","320","16.369734658236254","45","true","320","10.567402911391389","65","true","320","9.717867999065813","75","true","320","8.898320369448966","95","true","320","14.923622334831773","105","true","320","12.39937559289347","115","true","320","10.406094508688017","125","true","320","14.338918791920916","135","true"
"321","13.386684791773074","0","true","321","9.330667208425321","85","true","321","12.034402503045516","55","true","321","11.243403964248198","15","true","321","10.932437688059524","5","true","321","10.112763840378316","25","true","321","13.169366124440664","35","true","321","16.37654589283075","45","true","321","10.580683329481143","65","true","321","9.730496002379734","75","true","321","8.903758395320343","95","true","321","14.920668281247208","105","true","321","12.403422593139172","115","true","321","10.407015372940613","125","true","321","14.34719834845792","135","true"
"322","13.349060147739479","0","true","322","9.303198278768297","85","true","322","12.000228647184226","55","true","322","11.211670533900731","15","true","322","10.898591131749743","5","true","322","10.081840160556055","25","true","322","13.129030253032038","35","true","322","16.32672195209322","45","true","322","10.547925795953338","65","true","322","9.700370627759364","75","true","322","8.876192579854955","95","true","322","14.874474261800623","105","true","322","12.365997791829852","115","true","322","10.374795511104884","125","true","322","14.304422862946657","135","true"
"323","13.357771188690071","0","true","323","9.316911973450242","85","true","323","11.993153480345317","55","true","323","11.2044385388389","15","true","323","10.89456437353095","5","true","323","10.100336404353298","25","true","323","13.128211767796596","35","true","323","16.33872360623098","45","true","323","10.552092407824412","65","true","323","9.703211162680898","75","true","323","8.887595590324837","95","true","323","14.86957296650596","105","true","323","12.366827931185854","115","true","323","10.380653177980527","125","true","323","14.330130924388257","135","true"
"324","13.316670354263332","0","true","324","9.288244551993472","85","true","324","11.95748539747337","55","true","324","11.172624599517428","15","true","324","10.861850827420724","5","true","324","10.069668598580595","25","true","324","13.088697450805228","35","true","324","16.292678621308152","45","true","324","10.519624431184953","65","true","324","9.673746838810116","75","true","324","8.861393873891556","95","true","324","14.825014437887171","105","true","324","12.329840393234276","115","true","324","10.351940060487912","125","true","324","14.291769966168019","135","true"
"325","13.331698697112566","0","true","325","9.296272972671082","85","true","325","11.960734329261815","55","true","325","11.156989158834586","15","true","325","10.853972890658454","5","true","325","10.073984947901696","25","true","325","13.081546503936263","35","true","325","16.29796570730271","45","true","325","10.514320083177628","65","true","325","9.672960182033599","75","true","325","8.870427279379225","95","true","325","14.815267713001036","105","true","325","12.325687283653304","115","true","325","10.346146154727979","125","true","325","14.317518650611392","135","true"
"326","13.290928976326288","0","true","326","9.272108077636146","85","true","326","11.926010066027933","55","true","326","11.122869925932951","15","true","326","10.82241352544035","5","true","326","10.044935191758203","25","true","326","13.045341513336139","35","true","326","16.248124833580068","45","true","326","10.482892619721651","65","true","326","9.64698667249158","75","true","326","8.84330059045146","95","true","326","14.77042899592989","105","true","326","12.28799405036996","115","true","326","10.31708382572374","125","true","326","14.275798196654543","135","true"
"327","13.307879361200245","0","true","327","9.279669332986181","85","true","327","11.916883397253399","55","true","327","11.116782177545202","15","true","327","10.822119687631115","5","true","327","10.05745883678605","25","true","327","13.04059355477742","35","true","327","16.265665615543362","45","true","327","10.49208651531416","65","true","327","9.647840918761215","75","true","327","8.850201100373495","95","true","327","14.767594772206943","105","true","327","12.289231941722823","115","true","327","10.316845046802323","125","true","327","14.284421365441766","135","true"
"328","13.267429879859211","0","true","328","9.25297636025032","85","true","328","11.882922308744112","55","true","328","11.083680541495752","15","true","328","10.789225706817646","5","true","328","10.027117921001974","25","true","328","13.001808240463346","35","true","328","16.21622590242621","45","true","328","10.460776208831692","65","true","328","9.619304072370522","75","true","328","8.824838727748592","95","true","328","14.72299824051918","105","true","328","12.251878653146157","115","true","328","10.286747475785496","125","true","328","14.251017553814185","135","true"
"329","13.280934812385288","0","true","329","9.257399758480998","85","true","329","11.879825689138357","55","true","329","11.083887738015198","15","true","329","10.782443894740533","5","true","329","10.039123595601506","25","true","329","12.992875644257703","35","true","329","16.215814667774367","45","true","329","10.46225244460503","65","true","329","9.616636168785668","75","true","329","8.830377867311272","95","true","329","14.720255917580632","105","true","329","12.262880178296768","115","true","329","10.289557837357034","125","true","329","14.262270189963589","135","true"
"330","13.240811142257236","0","true","330","9.231526536535394","85","true","330","11.844381534479172","55","true","330","11.054627681201136","15","true","330","10.749868535541921","5","true","330","10.010467531625908","25","true","330","12.954865813620726","35","true","330","16.1700188153946","45","true","330","10.43278966579085","65","true","330","9.59001643070371","75","true","330","8.804261979116236","95","true","330","14.677857546144976","105","true","330","12.227363377010684","115","true","330","10.258471559902784","125","true","330","14.220997882158496","135","true"
"331","13.263483905901575","0","true","331","9.24163300620078","85","true","331","11.835132138160237","55","true","331","11.049213865437126","15","true","331","10.746463381524332","5","true","331","10.013078879757352","25","true","331","12.94412723391729","35","true","331","16.169998946147338","45","true","331","10.441097275897354","65","true","331","9.596958044665541","75","true","331","8.80745810319068","95","true","331","14.673133498336798","105","true","331","12.234065845597447","115","true","331","10.262029087816192","125","true","331","14.24033094343896","135","true"
"332","13.223653623901871","0","true","332","9.219490977179866","85","true","332","11.800535937661378","55","true","332","11.016033043018396","15","true","332","10.716458342912151","5","true","332","9.983009573812135","25","true","332","12.907852496827157","35","true","332","16.121440390753502","45","true","332","10.411679657018988","65","true","332","9.569412608979302","75","true","332","8.781567895297476","95","true","332","14.629603389867762","105","true","332","12.199070920804498","115","true","332","10.232477878501012","125","true","332","14.198671090877665","135","true"
"333","13.226363727438201","0","true","333","9.2249229689003","85","true","333","11.803928893187324","55","true","333","11.0098219278165","15","true","333","10.710250695369565","5","true","333","9.989182526805054","25","true","333","12.896884342319844","35","true","333","16.11948435333745","45","true","333","10.422779343371657","65","true","333","9.570017967517924","75","true","333","8.782494817238199","95","true","333","14.628862259072001","105","true","333","12.204871700863306","115","true","333","10.240817783272972","125","true","333","14.20288896320947","135","true"
"334","13.18824989296701","0","true","334","9.197385885411045","85","true","334","11.770427777284478","55","true","334","10.976956787733466","15","true","334","10.678279797771447","5","true","334","9.960439841876708","25","true","334","12.859665627388766","35","true","334","16.071366489596144","45","true","334","10.393610103028648","65","true","334","9.543309137094441","75","true","334","8.75772988097629","95","true","334","14.586994676649404","105","true","334","12.168439248024908","115","true","334","10.210445819548443","125","true","334","14.161071921239099","135","true"
"335","13.196559163878089","0","true","335","9.204594606674402","85","true","335","11.770243578929314","55","true","335","10.973907785212866","15","true","335","10.675412652660196","5","true","335","9.959483149508664","25","true","335","12.854793702484672","35","true","335","16.07242454584676","45","true","335","10.397362637055926","65","true","335","9.55254043674571","75","true","335","8.764441713561878","95","true","335","14.582579826487509","105","true","335","12.165558051513575","115","true","335","10.210063238378222","125","true","335","14.18272222979343","135","true"
"336","13.159556821127913","0","true","336","9.177281269562608","85","true","336","11.736222408614891","55","true","336","10.943402010194916","15","true","336","10.643734870308089","5","true","336","9.931706086665557","25","true","336","12.816921928704854","35","true","336","16.026152765078248","45","true","336","10.36797668728504","65","true","336","9.524194619425991","75","true","336","8.739839295578332","95","true","336","14.539308076260543","105","true","336","12.1294584727257","115","true","336","10.181684617641258","125","true","336","14.145349043266341","135","true"
"337","13.172903882801467","0","true","337","9.185630567879137","85","true","337","11.736043968099843","55","true","337","10.939987845713796","15","true","337","10.642193271686995","5","true","337","9.941143327882761","25","true","337","12.80449754817367","35","true","337","16.020570379201672","45","true","337","10.39215109941044","65","true","337","9.52588902083851","75","true","337","8.746098419891796","95","true","337","14.539379430311504","105","true","337","12.12895930049494","115","true","337","10.177151143090102","125","true","337","14.169220251445186","135","true"
"338","13.136650945819808","0","true","338","9.158534312516661","85","true","338","11.701424369373884","55","true","338","10.909088248118964","15","true","338","10.612077156175596","5","true","338","9.911818421310835","25","true","338","12.767439628609809","35","true","338","15.973690973741471","45","true","338","10.362069108038332","65","true","338","9.498184818172222","75","true","338","8.720907184346029","95","true","338","14.496490405443328","105","true","338","12.095347169959785","115","true","338","10.147130048272727","125","true","338","14.129982350498","135","true"
"339","13.146521448041522","0","true","339","9.169648247774376","85","true","339","11.692714741811765","55","true","339","10.905867947970988","15","true","339","10.609785899165356","5","true","339","9.926603333998067","25","true","339","12.752140658204084","35","true","339","15.981286993693155","45","true","339","10.37304259847745","65","true","339","9.499106349041671","75","true","339","8.724488234706271","95","true","339","14.487096151136058","105","true","339","12.098047787928754","115","true","339","10.144747063685005","125","true","339","14.14887555747232","135","true"
"340","13.107968599220287","0","true","340","9.144144133450206","85","true","340","11.66189197405218","55","true","340","10.874564726437724","15","true","340","10.579198956919528","5","true","340","9.898023625415819","25","true","340","12.716602482955189","35","true","340","15.934421049430124","45","true","340","10.343373604898002","65","true","340","9.472363258193926","75","true","340","8.702813675059954","95","true","340","14.446233823165771","105","true","340","12.062569641923098","115","true","340","10.12034640758172","125","true","340","14.110060822416216","135","true"
"341","13.119157425826923","0","true","341","9.147807675869648","85","true","341","11.663650855402167","55","true","341","10.870349627104611","15","true","341","10.57266226666838","5","true","341","9.910461347757687","25","true","341","12.707593390432594","35","true","341","15.936619362744278","45","true","341","10.363427063820579","65","true","341","9.463587703768047","75","true","341","8.707010670798311","95","true","341","14.43275838378141","105","true","341","12.062618524780406","115","true","341","10.123007775749398","125","true","341","14.113706071387101","135","true"
"342","13.080909153448419","0","true","342","9.122066275559481","85","true","342","11.630104639164902","55","true","342","10.8420281166279","15","true","342","10.541838178427362","5","true","342","9.88234365792436","25","true","342","12.670956464496856","35","true","342","15.890156915622574","45","true","342","10.336364653981823","65","true","342","9.435997069063184","75","true","342","8.681625800037967","95","true","342","14.39140761176699","105","true","342","12.027450540743144","115","true","342","10.09513279127434","125","true","342","14.07411029746032","135","true"
"343","13.081410008616224","0","true","343","9.127712786021357","85","true","343","11.625070790825076","55","true","343","10.836649963297724","15","true","343","10.537081894358776","5","true","343","9.895529980366584","25","true","343","12.666908407117209","35","true","343","15.896250946920691","45","true","343","10.351867252503602","65","true","343","9.440739021554789","75","true","343","8.68760784812773","95","true","343","14.394119410860052","105","true","343","12.019307145076484","115","true","343","10.102550694655502","125","true","343","14.083777358186618","135","true"
"344","13.043492878156467","0","true","344","9.10220411763834","85","true","344","11.59178573745595","55","true","344","10.808074295465447","15","true","344","10.5070045871443","5","true","344","9.867069342573153","25","true","344","12.632939761185996","35","true","344","15.852276943054532","45","true","344","10.324638915230565","65","true","344","9.41405998013858","75","true","344","8.6658938690717","95","true","344","14.352397325611182","105","true","344","11.984937717990377","115","true","344","10.07326793901882","125","true","344","14.045755744768408","135","true"
"345","13.05786512889556","0","true","345","9.112832571509392","85","true","345","11.585578850054501","55","true","345","10.800427428124479","15","true","345","10.509356275991951","5","true","345","9.880714789219159","25","true","345","12.62074546107468","35","true","345","15.854905943881773","45","true","345","10.328588839871843","65","true","345","9.418946960144266","75","true","345","8.672568436122958","95","true","345","14.342599639564606","105","true","345","11.978136572136183","115","true","345","10.081471133920676","125","true","345","14.05884354655655","135","true"
"346","13.023018308777955","0","true","346","9.089999634332967","85","true","346","11.554296248769917","55","true","346","10.769302277034782","15","true","346","10.480241110905423","5","true","346","9.85409668778419","25","true","346","12.587170959091038","35","true","346","15.810264324084674","45","true","346","10.303424215352758","65","true","346","9.394353956133735","75","true","346","8.647575443511654","95","true","346","14.30126649939295","105","true","346","11.944779640270301","115","true","346","10.053956720809035","125","true","346","14.019115304214997","135","true"
"347","13.048792984197926","0","true","347","9.096019874644105","85","true","347","11.551986089769255","55","true","347","10.759929177405521","15","true","347","10.47278514702317","5","true","347","9.869478560044659","25","true","347","12.576651166139246","35","true","347","15.8070899839066","45","true","347","10.320223149622088","65","true","347","9.397375681622647","75","true","347","8.65549026076599","95","true","347","14.29727230577429","105","true","347","11.946314291353012","115","true","347","10.061977620421697","125","true","347","14.020771088587086","135","true"
"348","13.011403892552659","0","true","348","9.070480570593276","85","true","348","11.519698034374368","55","true","348","10.730044971623455","15","true","348","10.442777166659207","5","true","348","9.84119925184969","25","true","348","12.540614916379536","35","true","348","15.762127193151187","45","true","348","10.290652309651824","65","true","348","9.371789262454698","75","true","348","8.63097432910317","95","true","348","14.258151974189156","105","true","348","11.912516816981473","115","true","348","10.035302887361308","125","true","348","13.983293177148118","135","true"
"349","13.02477403553248","0","true","349","9.077344664453594","85","true","349","11.513589075058075","55","true","349","10.726768116842148","15","true","349","10.436663238769466","5","true","349","9.850120614556053","25","true","349","12.533416182052376","35","true","349","15.762290531612217","45","true","349","10.293431907679158","65","true","349","9.374611918097013","75","true","349","8.637825048457081","95","true","349","14.253613631201828","105","true","349","11.912795961769534","115","true","349","10.041986916323669","125","true","349","13.992550068608422","135","true"
"350","12.98766641719763","0","true","350","9.051840774806099","85","true","350","11.48270896428004","55","true","350","10.69881641413091","15","true","350","10.406929155468129","5","true","350","9.822503684822285","25","true","350","12.500679434495483","35","true","350","15.719902401009985","45","true","350","10.266798536017195","65","true","350","9.348343132309527","75","true","350","8.613745828588982","95","true","350","14.213005045357948","105","true","350","11.878856372134862","115","true","350","10.015030528041866","125","true","350","13.95749726587219","135","true"
"351","13.004957487250634","0","true","351","9.053481804899015","85","true","351","11.475850169555821","55","true","351","10.69345902325039","15","true","351","10.40652970235564","5","true","351","9.830112323905572","25","true","351","12.489650392600188","35","true","351","15.718102500741756","45","true","351","10.274857569308098","65","true","351","9.347818697454668","75","true","351","8.620480265388275","95","true","351","14.210706825185627","105","true","351","11.88383023966327","115","true","351","10.015237589766748","125","true","351","13.966874821441637","135","true"
"352","12.96811624790998","0","true","352","9.028367116470136","85","true","352","11.446688521620493","55","true","352","10.664559109038773","15","true","352","10.377756726778621","5","true","352","9.802690868468133","25","true","352","12.454268946728801","35","true","352","15.675799888371948","45","true","352","10.248305465904645","65","true","352","9.322801241283775","75","true","352","8.597709872612489","95","true","352","14.170449865340908","105","true","352","11.851591181385215","115","true","352","9.986865811892054","125","true","352","13.932939784410292","135","true"
"353","12.996490584064082","0","true","353","9.03189598593652","85","true","353","11.448741003418952","55","true","353","10.663426627510459","15","true","353","10.374209958410768","5","true","353","9.80801662451736","25","true","353","12.447755744521807","35","true","353","15.673931120076496","45","true","353","10.256426490932933","65","true","353","9.321839386750908","75","true","353","8.60520391053807","95","true","353","14.170783130577185","105","true","353","11.858986692996389","115","true","353","9.994812731746055","125","true","353","13.945030505514522","135","true"
"354","12.959880751432916","0","true","354","9.008592331533814","85","true","354","11.416491028761435","55","true","354","10.633388806024513","15","true","354","10.346153691082112","5","true","354","9.78056042467447","25","true","354","12.41297209210784","35","true","354","15.629779201428393","45","true","354","10.22876993252854","65","true","354","9.297215057051567","75","true","354","8.583284470067733","95","true","354","14.13381240575791","105","true","354","11.82558109667809","115","true","354","9.967997725576877","125","true","354","13.909947704076789","135","true"
"355","12.980822512971281","0","true","355","9.01848669189784","85","true","355","11.40901764231465","55","true","355","10.630842442054462","15","true","355","10.342798364152609","5","true","355","9.795188835996877","25","true","355","12.40616012063678","35","true","355","15.626946818712488","45","true","355","10.23597812227188","65","true","355","9.305525938043012","75","true","355","8.582817573504864","95","true","355","14.12559910849826","105","true","355","11.822108779964518","115","true","355","9.974630014624053","125","true","355","13.925471006054428","135","true"
"356","12.94446166559601","0","true","356","8.995281368053915","85","true","356","11.378221983424579","55","true","356","10.604185603356163","15","true","356","10.313826940163386","5","true","356","9.767751332254589","25","true","356","12.372743605575401","35","true","356","15.584018962137236","45","true","356","10.208454052503873","65","true","356","9.279460039056897","75","true","356","8.558776067696726","95","true","356","14.086031603992662","105","true","356","11.790183250865574","115","true","356","9.949313555356069","125","true","356","13.891316677183221","135","true"
"357","12.953535407659258","0","true","357","9.005126462449883","85","true","357","11.379372252528745","55","true","357","10.599039676155945","15","true","357","10.312755052557323","5","true","357","9.772753897575805","25","true","357","12.36711060141109","35","true","357","15.580382658703181","45","true","357","10.215444554257655","65","true","357","9.275845959926727","75","true","357","8.56596568267964","95","true","357","14.089620139381015","105","true","357","11.792438749445935","115","true","357","9.955241668270347","125","true","357","13.904601066605164","135","true"
"358","12.918152105312034","0","true","358","8.980042544727182","85","true","358","11.349592834684287","55","true","358","10.57050121417851","15","true","358","10.28402871536357","5","true","358","9.746444983456001","25","true","358","12.333484105277524","35","true","358","15.540245247168794","45","true","358","10.191667312475074","65","true","358","9.251795859371574","75","true","358","8.544315344914235","95","true","358","14.050373286625078","105","true","358","11.75959073064525","115","true","358","9.927511190085749","125","true","358","13.871059671259271","135","true"
"359","12.927136580174288","0","true","359","8.987733196558336","85","true","359","11.347993797082891","55","true","359","10.566213265447177","15","true","359","10.27588855536577","5","true","359","9.762672235102917","25","true","359","12.32913023419118","35","true","359","15.539267299018977","45","true","359","10.199036714374593","65","true","359","9.254356484953188","75","true","359","8.551233663089588","95","true","359","14.052310735332664","105","true","359","11.760453474443056","115","true","359","9.925458250552602","125","true","359","13.876184920345008","135","true"
"360","12.891327337569928","0","true","360","8.964162360391137","85","true","360","11.317430372082773","55","true","360","10.537338349590662","15","true","360","10.249258144673467","5","true","360","9.736255428062774","25","true","360","12.29497751886101","35","true","360","15.496222237248842","45","true","360","10.172210865959391","65","true","360","9.22982174595399","75","true","360","8.529206145013925","95","true","360","14.013384666813739","105","true","360","11.729177881212893","115","true","360","9.897963906368247","125","true","360","13.837746734970091","135","true"
"361","12.901677009211927","0","true","361","8.968552392457699","85","true","361","11.317310690218934","55","true","361","10.535440737602668","15","true","361","10.243447684248123","5","true","361","9.744486877607592","25","true","361","12.290256504855398","35","true","361","15.494684368548779","45","true","361","10.17590242018632","65","true","361","9.232089326576121","75","true","361","8.537373978585098","95","true","361","14.007931002207705","105","true","361","11.724329594635687","115","true","361","9.903030294364036","125","true","361","13.84657116427292","135","true"
"362","12.866135199269193","0","true","362","8.944769051183412","85","true","362","11.288178582137661","55","true","362","10.50898347949698","15","true","362","10.215228820104189","5","true","362","9.71838784410493","25","true","362","12.256399048919157","35","true","362","15.451999287643686","45","true","362","10.149077202106946","65","true","362","9.206656573610347","75","true","362","8.513855042004975","95","true","362","13.971177434691057","105","true","362","11.692214744293489","115","true","362","9.880061518843446","125","true","362","13.810188734823546","135","true"
"363","12.868999835905242","0","true","363","8.952207664698282","85","true","363","11.283813798605774","55","true","363","10.50577345000215","15","true","363","10.20608922658971","5","true","363","9.723837328900949","25","true","363","12.249799274900289","35","true","363","15.437613722274984","45","true","363","10.154140931736473","65","true","363","9.199051433142952","75","true","363","8.52616291009083","95","true","363","13.976723848352243","105","true","363","11.695449721125007","115","true","363","9.883834880011438","125","true","363","13.832296795224492","135","true"
"364","12.833742302108243","0","true","364","8.93066550648395","85","true","364","11.254521026504527","55","true","364","10.47833160724247","15","true","364","10.178127338297681","5","true","364","9.698130648352674","25","true","364","12.218276716098664","35","true","364","15.397838964415403","45","true","364","10.128894401340707","65","true","364","9.175708270698069","75","true","364","8.506545938575263","95","true","364","13.93843145424717","105","true","364","11.663407393121926","115","true","364","9.856755880340174","125","true","364","13.796853708382539","135","true"
"365","12.849482701032919","0","true","365","8.939906334642611","85","true","365","11.2550632802673","55","true","365","10.473405845231254","15","true","365","10.174424259166093","5","true","365","9.700075484648258","25","true","365","12.211990446747555","35","true","365","15.40324676791421","45","true","365","10.134853606044931","65","true","365","9.181613590596681","75","true","365","8.514532014066202","95","true","365","13.939776533793264","105","true","365","11.666953947538701","115","true","365","9.859218168063288","125","true","365","13.816882773775408","135","true"
"366","12.814470486588688","0","true","366","8.915962790853609","85","true","366","11.225206721404076","55","true","366","10.444867954644792","15","true","366","10.147431583502458","5","true","366","9.675620016009855","25","true","366","12.178715268418541","35","true","366","15.361276068274115","45","true","366","10.109791461441226","65","true","366","9.157902602826944","75","true","366","8.493170649952825","95","true","366","13.90179349146685","105","true","366","11.635163882286554","115","true","366","9.832353813381916","125","true","366","13.780581604315728","135","true"
"367","12.820147605076087","0","true","367","8.92544932103467","85","true","367","11.223511954523344","55","true","367","10.442640059459114","15","true","367","10.144644071736034","5","true","367","9.690336037575287","25","true","367","12.173254602632946","35","true","367","15.357674591209543","45","true","367","10.130543934808056","65","true","367","9.159981739838372","75","true","367","8.501403890745955","95","true","367","13.895770728996036","105","true","367","11.63704409507443","115","true","367","9.836402270423456","125","true","367","13.785331732364273","135","true"
"368","12.786089693526685","0","true","368","8.902985540120087","85","true","368","11.193908375679191","55","true","368","10.414956775183537","15","true","368","10.118959783896685","5","true","368","9.664573661537545","25","true","368","12.140264752761311","35","true","368","15.316054876870222","45","true","368","10.104148178400703","65","true","368","9.135609109749804","75","true","368","8.479975426374603","95","true","368","13.8595464655716","105","true","368","11.606121605293543","115","true","368","9.811271987452606","125","true","368","13.750507908177397","135","true"
"369","12.797309566107177","0","true","369","8.909834890971927","85","true","369","11.197745146331329","55","true","369","10.40807751032748","15","true","369","10.113107531193801","5","true","369","9.674598399115721","25","true","369","12.131083985480625","35","true","369","15.312255820477334","45","true","369","10.112902018204446","65","true","369","9.132635645163116","75","true","369","8.484099630621156","95","true","369","13.859319142835734","105","true","369","11.608822696288913","115","true","369","9.807071124979409","125","true","369","13.77349348373777","135","true"
"370","12.763491831063778","0","true","370","8.885819163503","85","true","370","11.167890004357938","55","true","370","10.38184564383898","15","true","370","10.085848481244492","5","true","370","9.650546859944704","25","true","370","12.100075890820289","35","true","370","15.270982893737504","45","true","370","10.08747589898403","65","true","370","9.110112721077979","75","true","370","8.461575530250968","95","true","370","13.822369268520678","105","true","370","11.577702413652828","115","true","370","9.782674512766942","125","true","370","13.737023983639077","135","true"
"371","12.777636690911487","0","true","371","8.892527865408601","85","true","371","11.159579654464228","55","true","371","10.375076647502837","15","true","371","10.080669988019581","5","true","371","9.655650264011145","25","true","371","12.094487479024545","35","true","371","15.262837716150695","45","true","371","10.098780063506622","65","true","371","9.11241082189574","75","true","371","8.471740018694097","95","true","371","13.817566025018186","105","true","371","11.57880791248091","115","true","371","9.790432239110082","125","true","371","13.757635585570949","135","true"
"372","12.743380292276335","0","true","372","8.868687308128685","85","true","372","11.130082922645343","55","true","372","10.347960977151981","15","true","372","10.053912654747473","5","true","372","9.630494314606123","25","true","372","12.063040803906764","35","true","372","15.222764438557087","45","true","372","10.071705586124567","65","true","372","9.088677143336687","75","true","372","8.451116142055842","95","true","372","13.781266338036552","105","true","372","11.547765532018493","115","true","372","9.766245508163664","125","true","372","13.724481717287494","135","true"
"373","12.762723999082112","0","true","373","8.878457354974596","85","true","373","11.124231997083974","55","true","373","10.347529327174088","15","true","373","10.045512668224315","5","true","373","9.6410188656637","25","true","373","12.053217135884106","35","true","373","15.215892497207886","45","true","373","10.082302315165826","65","true","373","9.095895394408261","75","true","373","8.45816054121812","95","true","373","13.785795762105128","105","true","373","11.556917412378807","115","true","373","9.77091117852623","125","true","373","13.736112870717383","135","true"
"374","12.728690068417892","0","true","374","8.856193413745391","85","true","374","11.094567378425085","55","true","374","10.320139001386032","15","true","374","10.020859004511374","5","true","374","9.61530948202193","25","true","374","12.021485674106568","35","true","374","15.175316783881998","45","true","374","10.056728162430396","65","true","374","9.075238135079895","75","true","374","8.435605446441539","95","true","374","13.749441943752478","105","true","374","11.527180333870415","115","true","374","9.744855415383494","125","true","374","13.702272727503853","135","true"
"375","12.742716834773532","0","true","375","8.865260792062442","85","true","375","11.091467495863988","55","true","375","10.314476060712414","15","true","375","10.017071746395894","5","true","375","9.621332424690271","25","true","375","12.01343032714069","35","true","375","15.174196601579174","45","true","375","10.061733838743685","65","true","375","9.075037279110743","75","true","375","8.440679072891335","95","true","375","13.744735540710494","105","true","375","11.529103863842778","115","true","375","9.746815996429383","125","true","375","13.715856521294628","135","true"
"376","12.70891652486697","0","true","376","8.843430705480573","85","true","376","11.06330297717738","55","true","376","10.287639840902921","15","true","376","9.990501264309962","5","true","376","9.597444925780476","25","true","376","11.9829304197068","35","true","376","15.133946743219548","45","true","376","10.037033838112057","65","true","376","9.050965562190026","75","true","376","8.42176616004021","95","true","376","13.710691650828728","105","true","376","11.49911910303201","115","true","376","9.724599862503668","125","true","376","13.68086685871924","135","true"
"377","12.716659040671814","0","true","377","8.846318954497564","85","true","377","11.059424767707839","55","true","377","10.283064629736657","15","true","377","9.981615320587462","5","true","377","9.607737103184272","25","true","377","11.976062673449855","35","true","377","15.128004318044898","45","true","377","10.043518570236595","65","true","377","9.048623194975281","75","true","377","8.425946216707567","95","true","377","13.70986660479664","105","true","377","11.49800258423461","115","true","377","9.730492865003013","125","true","377","13.689847103242586","135","true"
"378","12.685971108387802","0","true","378","8.822977743535828","85","true","378","11.031486778254491","55","true","378","10.257249252045204","15","true","378","9.955278604702006","5","true","378","9.583005514962078","25","true","378","11.946576035694989","35","true","378","15.089437736881713","45","true","378","10.017678341653347","65","true","378","9.025408309471628","75","true","378","8.404061349308533","95","true","378","13.674016606099027","105","true","378","11.468445410620129","115","true","378","9.706229216464548","125","true","378","13.659488618108963","135","true"
"379","12.701167908953696","0","true","379","8.829950315969258","85","true","379","11.030769536117141","55","true","379","10.253443514991579","15","true","379","9.952022789805456","5","true","379","9.590317957407532","25","true","379","11.94012635927682","35","true","379","15.08427874772752","45","true","379","10.01691698147841","65","true","379","9.025684015278623","75","true","379","8.410186733973777","95","true","379","13.667093268667143","105","true","379","11.476878300366408","115","true","379","9.714703710932863","125","true","379","13.677069289445507","135","true"
"380","12.66783151024253","0","true","380","8.806774593355165","85","true","380","11.005120818366448","55","true","380","10.228110827221943","15","true","380","9.92743458900872","5","true","380","9.56562138194833","25","true","380","11.909094381395851","35","true","380","15.044687464925087","45","true","380","9.993205509250787","65","true","380","9.002297990004593","75","true","380","8.388880668298471","95","true","380","13.631221632791377","105","true","380","11.446755260207967","115","true","380","9.689205800930415","125","true","380","13.64117146978817","135","true"
"381","12.686190600673724","0","true","381","8.812205812625354","85","true","381","10.999863004329926","55","true","381","10.222751263715312","15","true","381","9.922961787609268","5","true","381","9.582095778500674","25","true","381","11.90477589069178","35","true","381","15.035645002423328","45","true","381","10.001484797766178","65","true","381","9.008838018945205","75","true","381","8.397034393529609","95","true","381","13.62812512252685","105","true","381","11.448340160940049","115","true","381","9.692844723851438","125","true","381","13.651292141742527","135","true"
"382","12.653067387617133","0","true","382","8.790005414291892","85","true","382","10.97238708416924","55","true","382","10.196347099736167","15","true","382","9.89824435187169","5","true","382","9.558615061745327","25","true","382","11.87435888205951","35","true","382","14.996387443670265","45","true","382","9.977996829703944","65","true","382","8.985719037451062","75","true","382","8.375110021744938","95","true","382","13.593408308897509","105","true","382","11.420401356085767","115","true","382","9.670800429651985","125","true","382","13.619818715590387","135","true"
"383","12.664469459501971","0","true","383","8.799944072622457","85","true","383","10.968499839645098","55","true","383","10.19291490120304","15","true","383","9.889789592648864","5","true","383","9.566937164603237","25","true","383","11.864949726527014","35","true","383","14.986344449196784","45","true","383","9.989751398456793","65","true","383","8.988269258952597","75","true","383","8.382354415869669","95","true","383","13.585341505154751","105","true","383","11.41917882870664","115","true","383","9.679622502943198","125","true","383","13.62990360536029","135","true"
"384","12.631574733633135","0","true","384","8.781599287732453","85","true","384","10.942044778412495","55","true","384","10.167807719646145","15","true","384","9.864101827473151","5","true","384","9.54208797716271","25","true","384","11.836484591332393","35","true","384","14.947418879198871","45","true","384","9.96696195519198","65","true","384","8.965570917295182","75","true","384","8.36243661564365","95","true","384","13.552094145065269","105","true","384","11.389518623956752","115","true","384","9.65522678219293","125","true","384","13.59450125833338","135","true"
"385","12.649276143201979","0","true","385","8.788853302935268","85","true","385","10.937392009882057","55","true","385","10.164719845730712","15","true","385","9.861843509694506","5","true","385","9.55849779989659","25","true","385","11.826007809588129","35","true","385","14.938505044303014","45","true","385","9.973826138298845","65","true","385","8.968162318994095","75","true","385","8.36766050603682","95","true","385","13.547379343262307","105","true","385","11.403418686390035","115","true","385","9.659070193455573","125","true","385","13.608129035988997","135","true"
"386","12.61659067513169","0","true","386","8.766817345261622","85","true","386","10.909942928130528","55","true","386","10.140849790770643","15","true","386","9.836360709927854","5","true","386","9.533798839173345","25","true","386","11.79637935849378","35","true","386","14.901179822514255","45","true","386","9.949416543114992","65","true","386","8.946539691801997","75","true","386","8.346038644264116","95","true","386","13.513163930131066","105","true","386","11.374554919856397","115","true","386","9.634111355746384","125","true","386","13.573439473985204","135","true"
"387","12.630416064066205","0","true","387","8.775695774191652","85","true","387","10.907593244079896","55","true","387","10.134634174877501","15","true","387","9.833370818128959","5","true","387","9.543906816610674","25","true","387","11.787052101065457","35","true","387","14.890266493205782","45","true","387","9.962156089960917","65","true","387","8.946637593737858","75","true","387","8.352624076649516","95","true","387","13.509796576635338","105","true","387","11.373777300128532","115","true","387","9.637824111513082","125","true","387","13.58268380043806","135","true"
"388","12.59929315386857","0","true","388","8.755779734691078","85","true","388","10.881896367354466","55","true","388","10.109586603062843","15","true","388","9.809604208933067","5","true","388","9.520751037214293","25","true","388","11.75675119592133","35","true","388","14.851988173171835","45","true","388","9.936546434202663","65","true","388","8.924401502080524","75","true","388","8.33254111652244","95","true","388","13.475067022453757","105","true","388","11.344917796963184","115","true","388","9.614938728217558","125","true","388","13.549829582254933","135","true"
"389","12.599365077692582","0","true","389","8.762594048800942","85","true","389","10.883114903670606","55","true","389","10.105150235262949","15","true","389","9.803069347484405","5","true","389","9.523380968169654","25","true","389","11.750773169477977","35","true","389","14.842441401488495","45","true","389","9.937585530774678","65","true","389","8.917959169939712","75","true","389","8.342290772499796","95","true","389","13.474845069704465","105","true","389","11.343868396001762","115","true","389","9.619614665242167","125","true","389","13.555291297888237","135","true"
"390","12.567141637596182","0","true","390","8.74018332233342","85","true","390","10.856075880538546","55","true","390","10.079305861259718","15","true","390","9.777997558871911","5","true","390","9.499503187818963","25","true","390","11.722305380061178","35","true","390","14.804481193300544","45","true","390","9.914010548898021","65","true","390","8.895151090221196","75","true","390","8.320954990472943","95","true","390","13.441573186805057","105","true","390","11.31621068709267","115","true","390","9.598369680737752","125","true","390","13.521732464976775","135","true"
"391","12.579700464188464","0","true","391","8.744084823319582","85","true","391","10.846564273999098","55","true","391","10.078209279533237","15","true","391","9.77544422646119","5","true","391","9.506928983758222","25","true","391","11.710880594230094","35","true","391","14.795960713075505","45","true","391","9.915062599329978","65","true","391","8.898372927039963","75","true","391","8.324425774496962","95","true","391","13.437642613754255","105","true","391","11.316417958675528","115","true","391","9.602822913027975","125","true","391","13.527757412753182","135","true"
"392","12.547691048249053","0","true","392","8.72388826264698","85","true","392","10.819773292105815","55","true","392","10.05494874536401","15","true","392","9.750570322577065","5","true","392","9.483093955535946","25","true","392","11.682703602625665","35","true","392","14.760638397162298","45","true","392","9.89040913725634","65","true","392","8.876674752002263","75","true","392","8.30537910437935","95","true","392","13.404228801661935","105","true","392","11.288655550611734","115","true","392","9.578555383743025","125","true","392","13.49486707334833","135","true"
"393","12.561963038819625","0","true","393","8.734185557486802","85","true","393","10.814315621666283","55","true","393","10.052946288152887","15","true","393","9.750334803366806","5","true","393","9.487913109754873","25","true","393","11.6779242298755","35","true","393","14.750714549450377","45","true","393","9.893269327979844","65","true","393","8.882226001530162","75","true","393","8.311594321460811","95","true","393","13.40385601078016","105","true","393","11.29113186530946","115","true","393","9.585326799351208","125","true","393","13.499558123298163","135","true"
"394","12.532987423501327","0","true","394","8.712073695315949","85","true","394","10.788501884140716","55","true","394","10.028711816603975","15","true","394","9.727003159729934","5","true","394","9.465716368800537","25","true","394","11.648359864736575","35","true","394","14.713782879381188","45","true","394","9.868702901011018","65","true","394","8.860790446282097","75","true","394","8.291938125131447","95","true","394","13.36992219809464","105","true","394","11.26254672134665","115","true","394","9.561060149226268","125","true","394","13.466557965535918","135","true"
"395","12.540144686736728","0","true","395","8.715867735675442","85","true","395","10.787258620302547","55","true","395","10.024029707048776","15","true","395","9.723103555870612","5","true","395","9.469179924830726","25","true","395","11.642124203301526","35","true","395","14.713834284342358","45","true","395","9.869055852338608","65","true","395","8.866272105519158","75","true","395","8.302271733702053","95","true","395","13.37039526470827","105","true","395","11.267408144976134","115","true","395","9.562619157188111","125","true","395","13.472691133099108","135","true"
"396","12.508557420523285","0","true","396","8.694600620669206","85","true","396","10.761259500622057","55","true","396","9.998780261942859","15","true","396","9.70024257850132","5","true","396","9.445786217070818","25","true","396","11.613512179897363","35","true","396","14.67677172946996","45","true","396","9.84804709786887","65","true","396","8.846680521778621","75","true","396","8.283960667117375","95","true","396","13.337980736857862","105","true","396","11.239383619303194","115","true","396","9.540453584529399","125","true","396","13.442235841190046","135","true"
"397","12.53490018411563","0","true","397","8.700675010012294","85","true","397","10.75856247797599","55","true","397","9.996995517044105","15","true","397","9.69910961774932","5","true","397","9.453426835220503","25","true","397","11.608471222792794","35","true","397","14.670901558619263","45","true","397","9.858018514444971","65","true","397","8.850434456588582","75","true","397","8.29209810006321","95","true","397","13.333417421184812","105","true","397","11.245964751016812","115","true","397","9.54363206516203","125","true","397","13.449014164154399","135","true"
"398","12.506961311002033","0","true","398","8.67886880697968","85","true","398","10.731598662241716","55","true","398","9.973579631953147","15","true","398","9.674801072341426","5","true","398","9.429734036134738","25","true","398","11.58152491433734","35","true","398","14.634132381780619","45","true","398","9.834001344393064","65","true","398","8.829713794505807","75","true","398","8.27291303450985","95","true","398","13.300000334916179","105","true","398","11.21919886867058","115","true","398","9.519713187805733","125","true","398","13.416862292834594","135","true"
"399","12.516998299651101","0","true","399","8.680630940799658","85","true","399","10.730305067240117","55","true","399","9.970434439628503","15","true","399","9.667711122012232","5","true","399","9.433052020027246","25","true","399","11.57572679768921","35","true","399","14.627640297661841","45","true","399","9.846255834000845","65","true","399","8.834788941031196","75","true","399","8.278403552654165","95","true","399","13.300847301021554","105","true","399","11.225735996689226","115","true","399","9.527920486722918","125","true","399","13.42887921290839","135","true"
"400","12.487878817623015","0","true","400","8.660118333959739","85","true","400","10.706601906293837","55","true","400","9.949401092883416","15","true","400","9.64360211672043","5","true","400","9.411277315117257","25","true","400","11.546859648567791","35","true","400","14.591850063015798","45","true","400","9.822794717849654","65","true","400","8.812757048410171","75","true","400","8.260261191599398","95","true","400","13.268672777417526","105","true","400","11.197741642582768","115","true","400","9.504160086506651","125","true","400","13.398417684421167","135","true"
"401","12.505637373107156","0","true","401","8.665513454935304","85","true","401","10.705073403308479","55","true","401","9.947858319954424","15","true","401","9.636640707629455","5","true","401","9.418983596818585","25","true","401","11.542384242972442","35","true","401","14.587670497205172","45","true","401","9.841557529584794","65","true","401","8.814390016348929","75","true","401","8.262417601442321","95","true","401","13.265644306547756","105","true","401","11.19934454453864","115","true","401","9.502527211875435","125","true","401","13.417889913485777","135","true"
"402","12.474606014861234","0","true","402","8.64401094015879","85","true","402","10.679299201096493","55","true","402","9.923173807994239","15","true","402","9.614658243947536","5","true","402","9.395611429084543","25","true","402","11.51374309100477","35","true","402","14.55147280366372","45","true","402","9.819306643404273","65","true","402","8.79438994452274","75","true","402","8.243804405026633","95","true","402","13.232727075017861","105","true","402","11.171762673679012","115","true","402","9.47963610682646","125","true","402","13.384594901293504","135","true"
"403","12.485579058087264","0","true","403","8.654773473134851","85","true","403","10.674016535084354","55","true","403","9.915975661959754","15","true","403","9.610717931057597","5","true","403","9.40379022041294","25","true","403","11.507578223668569","35","true","403","14.539863079812287","45","true","403","9.827673591941085","65","true","403","8.80257990100289","75","true","403","8.24758106179723","95","true","403","13.233391769874578","105","true","403","11.172713128722828","115","true","403","9.48132222913153","125","true","403","13.386165960690478","135","true"
"404","12.454750467820382","0","true","404","8.635567943248438","85","true","404","10.64766093870143","55","true","404","9.892262721909646","15","true","404","9.58721536463401","5","true","404","9.38208797963477","25","true","404","11.481059884737263","35","true","404","14.503962183318924","45","true","404","9.805667186315084","65","true","404","8.782186641041159","75","true","404","8.229340048148892","95","true","404","13.200972587865744","105","true","404","11.145527252389389","115","true","404","9.458453802012947","125","true","404","13.354115458802198","135","true"
"405","12.467474721202661","0","true","405","8.639263649277177","85","true","405","10.643960890886703","55","true","405","9.887847109292945","15","true","405","9.58210431699552","5","true","405","9.38775281837406","25","true","405","11.480751167117345","35","true","405","14.501593344871182","45","true","405","9.811483221281271","65","true","405","8.779145667759412","75","true","405","8.240915982726179","95","true","405","13.196062368691697","105","true","405","11.152141186575541","115","true","405","9.463857177670679","125","true","405","13.366047933340349","135","true"
"406","12.438544656610947","0","true","406","8.618036957264213","85","true","406","10.618968102599663","55","true","406","9.866271343905147","15","true","406","9.558561063145408","5","true","406","9.366004884307022","25","true","406","11.45296110500731","35","true","406","14.465962894392383","45","true","406","9.789068013593797","65","true","406","8.757575285283345","75","true","406","8.22066803190867","95","true","406","13.164293299900462","105","true","406","11.125961945747928","115","true","406","9.440771649156096","125","true","406","13.333721873562007","135","true"
"407","12.449057280571319","0","true","407","8.624671184070303","85","true","407","10.621200396002356","55","true","407","9.870770254406027","15","true","407","9.557029172939409","5","true","407","9.367821013825646","25","true","407","11.443875442588089","35","true","407","14.459992071876856","45","true","407","9.786291099574028","65","true","407","8.76057201952815","75","true","407","8.225078231981252","95","true","407","13.157210743957899","105","true","407","11.130590954833405","115","true","407","9.444390490356765","125","true","407","13.347121061185684","135","true"
"408","12.421942862506313","0","true","408","8.60358396846133","85","true","408","10.596012268586433","55","true","408","9.846636341803569","15","true","408","9.534749151291118","5","true","408","9.34529508337385","25","true","408","11.41589530703164","35","true","408","14.425684995597504","45","true","408","9.76388757851515","65","true","408","8.74168798313977","75","true","408","8.206200902866877","95","true","408","13.125291244437909","105","true","408","11.103623563798712","115","true","408","9.424385112152368","125","true","408","13.315259230924982","135","true"
"409","12.432151987467542","0","true","409","8.613298598429086","85","true","409","10.591988925007517","55","true","409","9.842364859036481","15","true","409","9.527965666899018","5","true","409","9.356766097317378","25","true","409","11.417166489545094","35","true","409","14.423358567608323","45","true","409","9.776456323841094","65","true","409","8.746911341421173","75","true","409","8.212035212182473","95","true","409","13.12007755381212","105","true","409","11.105151106403788","115","true","409","9.426469712311011","125","true","409","13.32061395446924","135","true"
"410","12.401903442485867","0","true","410","8.593282422705574","85","true","410","10.567290106141245","55","true","410","9.818417499282136","15","true","410","9.50633830319234","5","true","410","9.334991586917333","25","true","410","11.389960355448023","35","true","410","14.388265237760129","45","true","410","9.753116484023876","65","true","410","8.726996874699047","75","true","410","8.193804233622783","95","true","410","13.088877688201707","105","true","410","11.079172206088685","115","true","410","9.40401135285028","125","true","410","13.291392432494167","135","true"
"411","12.413373088305564","0","true","411","8.599127122295512","85","true","411","10.562784504712761","55","true","411","9.819538478133936","15","true","411","9.506265420715087","5","true","411","9.339176181822861","25","true","411","11.384974029364134","35","true","411","14.389082559363578","45","true","411","9.767994254142824","65","true","411","8.732768157377189","75","true","411","8.202799869701925","95","true","411","13.085188735148671","105","true","411","11.074811750935586","115","true","411","9.406923494303635","125","true","411","13.29459810928399","135","true"
"412","12.38331649487141","0","true","412","8.579202516175913","85","true","412","10.539818413273872","55","true","412","9.796522307929754","15","true","412","9.483247828897374","5","true","412","9.31713087670216","25","true","412","11.359362718861243","35","true","412","14.354512009964104","45","true","412","9.74509521550077","65","true","412","8.711623440289108","75","true","412","8.185455681061075","95","true","412","13.054819284035629","105","true","412","11.049200690781712","115","true","412","9.384146439838009","125","true","412","13.264422779341775","135","true"
"413","12.394646920499007","0","true","413","8.584697807650722","85","true","413","10.536434404139285","55","true","413","9.790859927152603","15","true","413","9.48012494373974","5","true","413","9.324230076054775","25","true","413","11.352049982359258","35","true","413","14.35070877896496","45","true","413","9.745593651888452","65","true","413","8.71035051160124","75","true","413","8.197240941153131","95","true","413","13.052739879567477","105","true","413","11.042183690463006","115","true","413","9.392530491033204","125","true","413","13.274829909670995","135","true"
"414","12.366076699167992","0","true","414","8.564011788837105","85","true","414","10.512143025851357","55","true","414","9.768088228203261","15","true","414","9.457281269176512","5","true","414","9.302125940975397","25","true","414","11.324695645052369","35","true","414","14.319254686251135","45","true","414","9.72211029369113","65","true","414","8.691115111837469","75","true","414","8.178251713145091","95","true","414","13.022869651817746","105","true","414","11.01557601891972","115","true","414","9.370389059852041","125","true","414","13.243897238432204","135","true"
"415","12.378378833473917","0","true","415","8.57006719280548","85","true","415","10.508800064158109","55","true","415","9.762190165067826","15","true","415","9.456814216899101","5","true","415","9.31141399597124","25","true","415","11.322200909716539","35","true","415","14.315235608453268","45","true","415","9.731558873646327","65","true","415","8.698131666726319","75","true","415","8.186134351174651","95","true","415","13.021723616811828","105","true","415","11.024715758695539","115","true","415","9.377052635673085","125","true","415","13.249169744526606","135","true"
"416","12.351475307852501","0","true","416","8.549515472918657","85","true","416","10.484353534920416","55","true","416","9.738779637094042","15","true","416","9.436234435038017","5","true","416","9.29024459395779","25","true","416","11.295049348781967","35","true","416","14.280906506274723","45","true","416","9.708611441213492","65","true","416","8.679508603192765","75","true","416","8.167079653757751","95","true","416","12.990496461855443","105","true","416","10.999693757902866","115","true","416","9.35456569889689","125","true","416","13.218561449322083","135","true"
"417","12.372512158853981","0","true","417","8.5509851240151","85","true","417","10.479330522594703","55","true","417","9.737158458018454","15","true","417","9.436246143582494","5","true","417","9.293850875490833","25","true","417","11.288562836245712","35","true","417","14.277891991711032","45","true","417","9.711740618658474","65","true","417","8.689337970701189","75","true","417","8.17599359329556","95","true","417","12.996434180047261","105","true","417","11.005518806097934","115","true","417","9.353699178507844","125","true","417","13.222515514430706","135","true"
"418","12.348030671568862","0","true","418","8.530577044960172","85","true","418","10.455469148831202","55","true","418","9.714561721226918","15","true","418","9.413725269731462","5","true","418","9.271669847148372","25","true","418","11.264663496472874","35","true","418","14.243815877172342","45","true","418","9.688562240093658","65","true","418","8.669383839786306","75","true","418","8.157945903471726","95","true","418","12.96653041812068","105","true","418","10.979593069487784","115","true","418","9.331375314119997","125","true","418","13.193306905627441","135","true"
"419","12.361806086611361","0","true","419","8.534795919066262","85","true","419","10.451630271497539","55","true","419","9.710575601253058","15","true","419","9.411955646405223","5","true","419","9.284322658155734","25","true","419","11.260227207273042","35","true","419","14.239031807720817","45","true","419","9.703785841928703","65","true","419","8.671900745770744","75","true","419","8.163716395641028","95","true","419","12.966610286556817","105","true","419","10.981894349242475","115","true","419","9.340787633779678","125","true","419","13.204676746389667","135","true"
"420","12.333927829425999","0","true","420","8.51452324467418","85","true","420","10.426804546387094","55","true","420","9.688544222159708","15","true","420","9.389599457221363","5","true","420","9.262416362289692","25","true","420","11.23426473329887","35","true","420","14.207914486542775","45","true","420","9.682897587109197","65","true","420","8.651855062259758","75","true","420","8.144325145295086","95","true","420","12.937288466072323","105","true","420","10.956664438697457","115","true","420","9.320114022198087","125","true","420","13.173311718488504","135","true"
"421","12.347283858629854","0","true","421","8.52054193651041","85","true","421","10.425842219784462","55","true","421","9.687852667542092","15","true","421","9.386684897846719","5","true","421","9.266098781718904","25","true","421","11.227574173884891","35","true","421","14.2050838528615","45","true","421","9.689803041942536","65","true","421","8.64981766253786","75","true","421","8.149211798073344","95","true","421","12.940903470010493","105","true","421","10.96971198897642","115","true","421","9.325050913844702","125","true","421","13.181505752203611","135","true"
"422","12.320132852744193","0","true","422","8.500398811364995","85","true","422","10.40119483865022","55","true","422","9.666929544372652","15","true","422","9.365909558936877","5","true","422","9.24560292104994","25","true","422","11.201031445341428","35","true","422","14.171502094344097","45","true","422","9.668719668171374","65","true","422","8.630643964366337","75","true","422","8.131691113764829","95","true","422","12.911474266151531","105","true","422","10.944031753520392","115","true","422","9.303961086586087","125","true","422","13.153956002367936","135","true"
"423","12.33593916626909","0","true","423","8.502909349477926","85","true","423","10.39840475215756","55","true","423","9.667880231900536","15","true","423","9.35977036747134","5","true","423","9.256120858785991","25","true","423","11.194592109247935","35","true","423","14.169407651780395","45","true","423","9.678544788918346","65","true","423","8.637552151642842","75","true","423","8.1399691729856","95","true","423","12.908964104786614","105","true","423","10.9438742280105","115","true","423","9.310809048168258","125","true","423","13.160275997707787","135","true"
"424","12.307612748048042","0","true","424","8.482902503949742","85","true","424","10.376993039185454","55","true","424","9.645132278413712","15","true","424","9.338814481745487","5","true","424","9.234341750882965","25","true","424","11.170503380728166","35","true","424","14.136067869070322","45","true","424","9.65616905279565","65","true","424","8.61722849952133","75","true","424","8.12081630434328","95","true","424","12.879188178884045","105","true","424","10.918123935709298","115","true","424","9.29153310587482","125","true","424","13.129310642419064","135","true"
"425","12.319788482466501","0","true","425","8.487844654474342","85","true","425","10.374744103272361","55","true","425","9.641033815088534","15","true","425","9.334847978464408","5","true","425","9.243898910188271","25","true","425","11.167899214224072","35","true","425","14.130808549709696","45","true","425","9.661050010994966","65","true","425","8.619455276350639","75","true","425","8.12819846903673","95","true","425","12.88298600861437","105","true","425","10.923687029310441","115","true","425","9.293928504116016","125","true","425","13.138102913971284","135","true"
"426","12.293097003351884","0","true","426","8.46883163652711","85","true","426","10.350447278674533","55","true","426","9.618622869337381","15","true","426","9.312986507788848","5","true","426","9.222442468006024","25","true","426","11.145011857170362","35","true","426","14.097715321256043","45","true","426","9.639288785601583","65","true","426","8.59969762255484","75","true","426","8.109904588120525","95","true","426","12.852815081193727","105","true","426","10.898896208384445","115","true","426","9.272978542691378","125","true","426","13.109176721922298","135","true"
"427","12.304106195183177","0","true","427","8.471825737954962","85","true","427","10.348563754257293","55","true","427","9.618619719217925","15","true","427","9.312414079699414","5","true","427","9.231369435811654","25","true","427","11.145160468226274","35","true","427","14.090029260665526","45","true","427","9.641675724339834","65","true","427","8.600390812769156","75","true","427","8.114567004027212","95","true","427","12.857014029564864","105","true","427","10.894809558494769","115","true","427","9.279749223468603","125","true","427","13.120032872113194","135","true"
"428","12.279736230885552","0","true","428","8.452508295664863","85","true","428","10.325744925369545","55","true","428","9.598022571417067","15","true","428","9.290706820772376","5","true","428","9.210756817718202","25","true","428","11.119181073195444","35","true","428","14.0582667256306","45","true","428","9.61920095575163","65","true","428","8.580343281737061","75","true","428","8.096689432677211","95","true","428","12.828724537763597","105","true","428","10.86941373201809","115","true","428","9.261778604331193","125","true","428","13.090630360359986","135","true"
"429","12.283017433145298","0","true","429","8.456225690625875","85","true","429","10.322197174200232","55","true","429","9.597699745500472","15","true","429","9.28805211842137","5","true","429","9.210332511732807","25","true","429","11.114804957930316","35","true","429","14.056136546005261","45","true","429","9.639999204838238","65","true","429","8.584921637750373","75","true","429","8.109264011855586","95","true","429","12.831955759331656","105","true","429","10.871148254577252","115","true","429","9.272750317135115","125","true","429","13.10820011065703","135","true"
"430","12.255975953719915","0","true","430","8.436605677422566","85","true","430","10.29986172679171","55","true","430","9.575431300615321","15","true","430","9.26844142133873","5","true","430","9.188962830731107","25","true","430","11.09004394886839","35","true","430","14.023523700190864","45","true","430","9.617632617356014","65","true","430","8.565377699034809","75","true","430","8.090449014148266","95","true","430","12.802538245344195","105","true","430","10.845925172780088","115","true","430","9.2525853794043","125","true","430","13.078877358713209","135","true"
"431","12.273338310373928","0","true","431","8.443548786748307","85","true","431","10.300725549313698","55","true","431","9.57664534007156","15","true","431","9.261479674158359","5","true","431","9.198239188448797","25","true","431","11.087216972991627","35","true","431","14.019892215901658","45","true","431","9.625308483782382","65","true","431","8.569197518815969","75","true","431","8.098875385863032","95","true","431","12.795926246400109","105","true","431","10.842624848293811","115","true","431","9.260299998353116","125","true","431","13.095972718185958","135","true"
"432","12.246410395810427","0","true","432","8.42447510131818","85","true","432","10.27693634481182","55","true","432","9.554528376237677","15","true","432","9.240248214268112","5","true","432","9.176996141824205","25","true","432","11.064637084741417","35","true","432","13.987513711938837","45","true","432","9.605672763024458","65","true","432","8.551484286102394","75","true","432","8.080590972962584","95","true","432","12.76637445368325","105","true","432","10.818499680633536","115","true","432","9.238913624222969","125","true","432","13.06763079099704","135","true"
"433","12.26170100730192","0","true","433","8.428424541831612","85","true","433","10.275115371258039","55","true","433","9.553482987481711","15","true","433","9.23734655280095","5","true","433","9.185823671453763","25","true","433","11.059152077602127","35","true","433","13.986636570025983","45","true","433","9.605768244525851","65","true","433","8.551571559578116","75","true","433","8.08981923505412","95","true","433","12.767291800848955","105","true","433","10.825824939126475","115","true","433","9.245406867464629","125","true","433","13.085139000539026","135","true"
"434","12.236613707529079","0","true","434","8.4090488532297","85","true","434","10.251494416381583","55","true","434","9.532301028485909","15","true","434","9.216111273369226","5","true","434","9.165903938945998","25","true","434","11.033728739492696","35","true","434","13.95556205711466","45","true","434","9.58419818981034","65","true","434","8.532275613111935","75","true","434","8.073471947566585","95","true","434","12.73833464809774","105","true","434","10.801643540619548","115","true","434","9.226354540428407","125","true","434","13.056129639374776","135","true"
"435","12.247007999154851","0","true","435","8.417005140970183","85","true","435","10.250892956741266","55","true","435","9.53043007201959","15","true","435","9.213505410478517","5","true","435","9.171426346017862","25","true","435","11.031156886054404","35","true","435","13.954502274047426","45","true","435","9.58521159965615","65","true","435","8.537271566460928","75","true","435","8.083584374582696","95","true","435","12.738228836436333","105","true","435","10.807721538529718","115","true","435","9.231981721068902","125","true","435","13.059928151569535","135","true"
"436","12.220264945382604","0","true","436","8.397744259640731","85","true","436","10.228653589250458","55","true","436","9.51003272746619","15","true","436","9.194516390630866","5","true","436","9.1504391003748","25","true","436","11.005913964118353","35","true","436","13.922569774564481","45","true","436","9.563277477002476","65","true","436","8.519168755445808","75","true","436","8.066113858153404","95","true","436","12.71100945875119","105","true","436","10.784017909113926","115","true","436","9.21085590477355","125","true","436","13.032519586280605","135","true"
"437","12.234305069063767","0","true","437","8.404730017332794","85","true","437","10.226777017795436","55","true","437","9.508837672492922","15","true","437","9.189778037912482","5","true","437","9.15779214307258","25","true","437","11.002201526561212","35","true","437","13.92498884239663","45","true","437","9.56384454706334","65","true","437","8.523906817444374","75","true","437","8.073905621046336","95","true","437","12.709761734761516","105","true","437","10.78739680403564","115","true","437","9.214782987703522","125","true","437","13.049627574605116","135","true"
"438","12.211512725264791","0","true","438","8.385584846450486","85","true","438","10.2038397095226","55","true","438","9.487177450004328","15","true","438","9.170385176277483","5","true","438","9.1374656579334","25","true","438","10.980677528693008","35","true","438","13.89326905004493","45","true","438","9.54205902417709","65","true","438","8.506088973657915","75","true","438","8.058073048255363","95","true","438","12.680810113497824","105","true","438","10.763082412102145","115","true","438","9.194901500237396","125","true","438","13.020868605514693","135","true"
"439","12.221671068501482","0","true","439","8.390143466157635","85","true","439","10.201062541789915","55","true","439","9.483550053753527","15","true","439","9.166214816383542","5","true","439","9.14091669135767","25","true","439","10.973497932683511","35","true","439","13.884908939563593","45","true","439","9.549058011830583","65","true","439","8.510764304407031","75","true","439","8.064890285340804","95","true","439","12.67490293969632","105","true","439","10.761241219125466","115","true","439","9.206845506422258","125","true","439","13.034526315720342","135","true"
"440","12.19395752866361","0","true","440","8.371536889126672","85","true","440","10.177930880697419","55","true","440","9.462279279862317","15","true","440","9.145429748772695","5","true","440","9.121145231158652","25","true","440","10.948614717416655","35","true","440","13.853423885278866","45","true","440","9.528732666889137","65","true","440","8.492502209463684","75","true","440","8.04660255226747","95","true","440","12.646161663189073","105","true","440","10.738721030077157","115","true","440","9.185968305727423","125","true","440","13.007448700308684","135","true"
"441","12.207567819685181","0","true","441","8.377482134106977","85","true","441","10.1752922351474","55","true","441","9.460168358570268","15","true","441","9.145302019584559","5","true","441","9.130152148163637","25","true","441","10.944080253114643","35","true","441","13.852336587939273","45","true","441","9.534076032952889","65","true","441","8.49995943546745","75","true","441","8.054139707013105","95","true","441","12.648021758054304","105","true","441","10.743632575307013","115","true","441","9.189183302844159","125","true","441","13.020552041453689","135","true"
"442","12.185415785468964","0","true","442","8.358571339221859","85","true","442","10.153321752474492","55","true","442","9.440198130975006","15","true","442","9.124657996966986","5","true","442","9.109542323901415","25","true","442","10.919375783017319","35","true","442","13.821350514312059","45","true","442","9.515124861595043","65","true","442","8.482184259380373","75","true","442","8.03813119173148","95","true","442","12.620467465274631","105","true","442","10.719883000055697","115","true","442","9.170098641593595","125","true","442","12.991160276123093","135","true"
"443","12.196348956639385","0","true","443","8.362755263274455","85","true","443","10.149719652555305","55","true","443","9.437937812730384","15","true","443","9.12284222504746","5","true","443","9.116688447459122","25","true","443","10.916548466124675","35","true","443","13.818807694441842","45","true","443","9.51860551361334","65","true","443","8.485959046679291","75","true","443","8.049067496769139","95","true","443","12.618659151870062","105","true","443","10.727784194546565","115","true","443","9.177245812519997","125","true","443","13.0029298847914","135","true"
"444","12.173147669290188","0","true","444","8.343962554817658","85","true","444","10.128038591964767","55","true","444","9.416728963713012","15","true","444","9.10450657350669","5","true","444","9.096728395143423","25","true","444","10.892558727642719","35","true","444","13.78887840574803","45","true","444","9.499767790435467","65","true","444","8.466889475787877","75","true","444","8.030979704641567","95","true","444","12.590934680205713","105","true","444","10.705021028772919","115","true","444","9.156622788222199","125","true","444","12.978108893362753","135","true"
"445","12.18179264682893","0","true","445","8.348776312382046","85","true","445","10.130993532386459","55","true","445","9.414172448116215","15","true","445","9.104266926602673","5","true","445","9.101233274950761","25","true","445","10.890800659083942","35","true","445","13.785776849430372","45","true","445","9.513664987526765","65","true","445","8.47033262525465","75","true","445","8.038461766839523","95","true","445","12.587468641447376","105","true","445","10.70950934983143","115","true","445","9.164503695709621","125","true","445","12.990234861183277","135","true"
"446","12.156535542324692","0","true","446","8.33009896045278","85","true","446","10.108329117325193","55","true","446","9.394289804879287","15","true","446","9.083899439071123","5","true","446","9.081345946921918","25","true","446","10.866701397682624","35","true","446","13.754936185337687","45","true","446","9.493991839046844","65","true","446","8.452720186396101","75","true","446","8.02047863089581","95","true","446","12.559308756343468","105","true","446","10.686745886071302","115","true","446","9.146125901562455","125","true","446","12.961173933082197","135","true"
"447","12.171590266684516","0","true","447","8.333456330477318","85","true","447","10.10426783221632","55","true","447","9.39023234198215","15","true","447","9.085403564410118","5","true","447","9.084068241064946","25","true","447","10.866389143686442","35","true","447","13.755054248731968","45","true","447","9.513440353800064","65","true","447","8.460155496417926","75","true","447","8.028551329438079","95","true","447","12.564156286208213","105","true","447","10.686522229298161","115","true","447","9.150954715519806","125","true","447","12.970690796154054","135","true"
"448","12.145096047145586","0","true","448","8.314896294106546","85","true","448","10.08342884885827","55","true","448","9.369835011723515","15","true","448","9.065168812596287","5","true","448","9.064131264038355","25","true","448","10.84218783156242","35","true","448","13.72478175568829","45","true","448","9.493190179616915","65","true","448","8.44211115457473","75","true","448","8.010670368793452","95","true","448","12.536560501569578","105","true","448","10.662721511638255","115","true","448","9.130573970050943","125","true","448","12.943711290516928","135","true"
"449","12.15832302406753","0","true","449","8.320595978742732","85","true","449","10.081710010457149","55","true","449","9.372015356642406","15","true","449","9.063432194807556","5","true","449","9.07163949305941","25","true","449","10.837253457345318","35","true","449","13.721576998785613","45","true","449","9.50636272277276","65","true","449","8.445165078103242","75","true","449","8.019070325424883","95","true","449","12.540538654423804","105","true","449","10.67060082729769","115","true","449","9.139221148345527","125","true","449","12.95981418125772","135","true"
"450","12.131364436431017","0","true","450","8.30254841479048","85","true","450","10.059988589230969","55","true","450","9.351485568013324","15","true","450","9.043825506631597","5","true","450","9.051626563575413","25","true","450","10.81363201681474","35","true","450","13.69266436558925","45","true","450","9.488420493938245","65","true","450","8.428273123284308","75","true","450","8.002622415646409","95","true","450","12.515183017715009","105","true","450","10.647155115126987","115","true","450","9.121489636523863","125","true","450","12.931078451365796","135","true"
"451","12.145594845448656","0","true","451","8.308827651692951","85","true","451","10.057889658396196","55","true","451","9.347886019279775","15","true","451","9.038482532015038","5","true","451","9.058811575469221","25","true","451","10.8115986506686","35","true","451","13.689105131663222","45","true","451","9.498544363265683","65","true","451","8.430585841342491","75","true","451","8.006738077836465","95","true","451","12.517053842981758","105","true","451","10.649056603339753","115","true","451","9.126502306705213","125","true","451","12.944115021757819","135","true"
"452","12.122134765050554","0","true","452","8.290485868797381","85","true","452","10.03568681146817","55","true","452","9.327496663014296","15","true","452","9.01900668175517","5","true","452","9.040557996602447","25","true","452","10.789898875857226","35","true","452","13.658886356538138","45","true","452","9.480963056062517","65","true","452","8.4123158242682","75","true","452","7.990490387453639","95","true","452","12.489422377544711","105","true","452","10.626769439625706","115","true","452","9.10635550249615","125","true","452","12.917421901396622","135","true"
"453","12.132099148501219","0","true","453","8.294165340821225","85","true","453","10.033613287406935","55","true","453","9.328850803593188","15","true","453","9.018950430036007","5","true","453","9.04578524814678","25","true","453","10.787521636945998","35","true","453","13.64924807243654","45","true","453","9.489767598178657","65","true","453","8.41636647288877","75","true","453","7.996219497823961","95","true","453","12.491354615971932","105","true","453","10.628040743140057","115","true","453","9.113545144136559","125","true","453","12.917414859236425","135","true"
"454","12.106652030934507","0","true","454","8.275936406006235","85","true","454","10.01245628535348","55","true","454","9.308532251062246","15","true","454","8.999128560959006","5","true","454","9.025904401447557","25","true","454","10.76381279818348","35","true","454","13.619249725024593","45","true","454","9.469375852395444","65","true","454","8.398915046395189","75","true","454","7.979374819251463","95","true","454","12.463901089343423","105","true","454","10.604682411836453","115","true","454","9.095294393521728","125","true","454","12.889024936468873","135","true"
"455","12.121265818733042","0","true","455","8.283194749317625","85","true","455","10.00837872041944","55","true","455","9.305897034747789","15","true","455","9.000464899064903","5","true","455","9.033298282432757","25","true","455","10.762264209755873","35","true","455","13.617516505016146","45","true","455","9.468913974504149","65","true","455","8.396859898361397","75","true","455","7.986088320939226","95","true","455","12.46643151123261","105","true","455","10.608586227582746","115","true","455","9.10108839549038","125","true","455","12.90280829228266","135","true"
"456","12.095712195165039","0","true","456","8.265069596693298","85","true","456","9.988094079289734","55","true","456","9.28553402154265","15","true","456","8.981374143550031","5","true","456","9.0140718926315","25","true","456","10.738714397480697","35","true","456","13.58864892375429","45","true","456","9.450112623388707","65","true","456","8.37882617423642","75","true","456","7.968613291790563","95","true","456","12.441721173536967","105","true","456","10.585880892612389","115","true","456","9.08117354123329","125","true","456","12.876519074906737","135","true"
"457","12.1086113159274","0","true","457","8.267884573950996","85","true","457","9.987885920633891","55","true","457","9.282988823143976","15","true","457","8.980104996031566","5","true","457","9.024269361386569","25","true","457","10.732564987020343","35","true","457","13.591609177669323","45","true","457","9.459717431804732","65","true","457","8.38300066405698","75","true","457","7.976754754305346","95","true","457","12.453033585101993","105","true","457","10.593462519809949","115","true","457","9.08645894592712","125","true","457","12.893249221290112","135","true"
"458","12.0822308991171","0","true","458","8.249871753528446","85","true","458","9.966125820588937","55","true","458","9.262764446622965","15","true","458","8.962681115502626","5","true","458","9.006142932845899","25","true","458","10.709977205366373","35","true","458","13.563796648096398","45","true","458","9.440000150726013","65","true","458","8.365442951683452","75","true","458","7.962598374558987","95","true","458","12.425902792977586","105","true","458","10.570722160487596","115","true","458","9.067539738096054","125","true","458","12.866119803235682","135","true"
"459","12.09876257266229","0","true","459","8.254793950333351","85","true","459","9.96690012120101","55","true","459","9.261460110729399","15","true","459","8.96231838406204","5","true","459","9.012730616828849","25","true","459","10.705064621926715","35","true","459","13.562422006941942","45","true","459","9.446253759906853","65","true","459","8.364109424517018","75","true","459","7.970241394592382","95","true","459","12.421712144048644","105","true","459","10.572436295932386","115","true","459","9.07677092230644","125","true","459","12.875882838373157","135","true"
"460","12.077303887932588","0","true","460","8.236887672783821","85","true","460","9.947580079470832","55","true","460","9.242802804684016","15","true","460","8.942877346352578","5","true","460","8.993180225035294","25","true","460","10.682618867153288","35","true","460","13.533002436427969","45","true","460","9.426353373731018","65","true","460","8.347102777110614","75","true","460","7.9539333311920375","95","true","460","12.39476699839995","105","true","460","10.549502594639693","115","true","460","9.057081614448943","125","true","460","12.849370824767565","135","true"
"461","12.085483972735418","0","true","461","8.244331893945319","85","true","461","9.948634186741037","55","true","461","9.24187343209915","15","true","461","8.94299635549087","5","true","461","9.000560669311474","25","true","461","10.677825152166147","35","true","461","13.533187760224948","45","true","461","9.430149857767624","65","true","461","8.345171182399827","75","true","461","7.96506749609948","95","true","461","12.393272081738845","105","true","461","10.54290099524669","115","true","461","9.060229633026545","125","true","461","12.85979017354527","135","true"
"462","12.064469871759739","0","true","462","8.226525561560988","85","true","462","9.927146855884144","55","true","462","9.222872788414616","15","true","462","8.923681028589161","5","true","462","8.982211495471867","25","true","462","10.654762894818056","35","true","462","13.50395841301064","45","true","462","9.410844346777914","65","true","462","8.329182602924066","75","true","462","7.949237913178166","95","true","462","12.366504755428394","105","true","462","10.52186585981507","115","true","462","9.04171925188258","125","true","462","12.832543801986004","135","true"
"463","12.074128540828289","0","true","463","8.229912797142433","85","true","463","9.927700152626699","55","true","463","9.22212487766589","15","true","463","8.92145919472891","5","true","463","8.98381757912966","25","true","463","10.654481404360055","35","true","463","13.502981544793435","45","true","463","9.416339842426828","65","true","463","8.33371870815793","75","true","463","7.953973103457188","95","true","463","12.368586117154875","105","true","463","10.529605631337825","115","true","463","9.047924461548726","125","true","463","12.848956747228794","135","true"
"464","12.051547559753525","0","true","464","8.212214059944277","85","true","464","9.907195202552339","55","true","464","9.203278345552397","15","true","464","8.902273260976806","5","true","464","8.964798106685087","25","true","464","10.631568541124873","35","true","464","13.47661273227527","45","true","464","9.396089649217307","65","true","464","8.316866016323422","75","true","464","7.93686778495513","95","true","464","12.343271228109378","105","true","464","10.507698109023323","115","true","464","9.029159135701716","125","true","464","12.822820110969783","135","true"
"465","12.061955711412107","0","true","465","8.219081779144526","85","true","465","9.904987685859506","55","true","465","9.203111362702634","15","true","465","8.898322529849764","5","true","465","8.97048648855622","25","true","465","10.627395756595503","35","true","465","13.472988957817789","45","true","465","9.400787370087514","65","true","465","8.31538893300021","75","true","465","7.943244629256935","95","true","465","12.338596716845094","105","true","465","10.514505037861026","115","true","465","9.036621420804211","125","true","465","12.834393990007165","135","true"
"466","12.036127112458335","0","true","466","8.201482032294109","85","true","466","9.884722828378878","55","true","466","9.185190862735837","15","true","466","8.879425174152665","5","true","466","8.952596868236187","25","true","466","10.60706595764741","35","true","466","13.444138874396337","45","true","466","9.38400063610479","65","true","466","8.29942289095558","75","true","466","7.926235540115058","95","true","466","12.312175738864697","105","true","466","10.492687600660656","115","true","466","9.01879161374046","125","true","466","12.808097525858178","135","true"
"467","12.048072730371013","0","true","467","8.208805953182058","85","true","467","9.881953232805222","55","true","467","9.183402507760247","15","true","467","8.876700996205463","5","true","467","8.95844061814945","25","true","467","10.602942482609619","35","true","467","13.439950435139629","45","true","467","9.40086411982525","65","true","467","8.30191698734677","75","true","467","7.929227055338385","95","true","467","12.310857958444027","105","true","467","10.49659890288134","115","true","467","9.0254311491965","125","true","467","12.819028421545001","135","true"
"468","12.027235787136036","0","true","468","8.191696863720056","85","true","468","9.861218361703335","55","true","468","9.16456688480344","15","true","468","8.858119395935264","5","true","468","8.939339465445507","25","true","468","10.580595543480358","35","true","468","13.411293824403725","45","true","468","9.38134762464855","65","true","468","8.285248017103116","75","true","468","7.912956390852822","95","true","468","12.284608794353527","105","true","468","10.474858002363183","115","true","468","9.006187159539365","125","true","468","12.794322521206773","135","true"
"469","12.0363683627331","0","true","469","8.198986371249022","85","true","469","9.856973709922617","55","true","469","9.158273990714205","15","true","469","8.853069662338106","5","true","469","8.94453107687262","25","true","469","10.578179099853047","35","true","469","13.413317175195456","45","true","469","9.381550831758874","65","true","469","8.284529073299641","75","true","469","7.921517871548922","95","true","469","12.290092699425063","105","true","469","10.480677831326576","115","true","469","9.014421189542702","125","true","469","12.804809513203782","135","true"
"470","12.012681590000128","0","true","470","8.181578756872698","85","true","470","9.837118658682261","55","true","470","9.138829672262583","15","true","470","8.834273336091103","5","true","470","8.925725649267667","25","true","470","10.555720120872468","35","true","470","13.38597668496365","45","true","470","9.361632464812464","65","true","470","8.268726945068465","75","true","470","7.904699362267501","95","true","470","12.264373614254758","105","true","470","10.459734920128513","115","true","470","8.995282291051105","125","true","470","12.778598918492737","135","true"
"471","12.0251618023761","0","true","471","8.18591651523832","85","true","471","9.83557486666991","55","true","471","9.1368111622489","15","true","471","8.832080919029886","5","true","471","8.936404698915869","25","true","471","10.550654397377553","35","true","471","13.384718638403209","45","true","471","9.375234190547669","65","true","471","8.268686263281122","75","true","471","7.913722874492818","95","true","471","12.262582470636294","105","true","471","10.46462411190659","115","true","471","9.002368582588257","125","true","471","12.785662396706568","135","true"
"472","12.00322143241286","0","true","472","8.168610137827669","85","true","472","9.815963262641883","55","true","472","9.117733507962805","15","true","472","8.81561968904471","5","true","472","8.918092925620792","25","true","472","10.530143273449127","35","true","472","13.356421135996436","45","true","472","9.357434656483795","65","true","472","8.251204896973974","75","true","472","7.898526139760555","95","true","472","12.236949894953636","105","true","472","10.442500170866618","115","true","472","8.983336090870312","125","true","472","12.760196791000489","135","true"
"473","12.014171710722103","0","true","473","8.173758510478933","85","true","473","9.815272462167203","55","true","473","9.11346876840424","15","true","473","8.814155008615579","5","true","473","8.922045464033282","25","true","473","10.524194397135238","35","true","473","13.357382972933499","45","true","473","9.354649015722282","65","true","473","8.252624892425052","75","true","473","7.905846561799686","95","true","473","12.2343244205571","105","true","473","10.447980830774695","115","true","473","8.988529264677261","125","true","473","12.778103454363075","135","true"
"474","11.989464726747135","0","true","474","8.157328042016886","85","true","474","9.794608730667903","55","true","474","9.095373151832586","15","true","474","8.795598892807966","5","true","474","8.90326221042479","25","true","474","10.503766026702568","35","true","474","13.329262166674692","45","true","474","9.338381745073399","65","true","474","8.235446257540126","75","true","474","7.891342450504507","95","true","474","12.20856794809277","105","true","474","10.426977355217307","115","true","474","8.969606045172679","125","true","474","12.751202183932836","135","true"
"475","12.001407348532808","0","true","475","8.159548147484879","85","true","475","9.796920060305375","55","true","475","9.093135790730363","15","true","475","8.794725028850783","5","true","475","8.911280233589109","25","true","475","10.503996951752882","35","true","475","13.329211652136406","45","true","475","9.339169537075806","65","true","475","8.237223478062782","75","true","475","7.896880532249628","95","true","475","12.206119473016765","105","true","475","10.431123860940302","115","true","475","8.973919308443982","125","true","475","12.755999220623272","135","true"
"476","11.98211941522167","0","true","476","8.142442176525792","85","true","476","9.777350852357122","55","true","476","9.074774330669126","15","true","476","8.776287450173946","5","true","476","8.89259830437823","25","true","476","10.48228565660905","35","true","476","13.302520704122976","45","true","476","9.320281370188708","65","true","476","8.22106316501425","75","true","476","7.881693295439449","95","true","476","12.18053012401673","105","true","476","10.40986337545709","115","true","476","8.955106060417894","125","true","476","12.73054757006253","135","true"
"477","11.994291530018065","0","true","477","8.146795253774899","85","true","477","9.778951369764654","55","true","477","9.0744473977482","15","true","477","8.77685891158111","5","true","477","8.901280147846574","25","true","477","10.476040241689455","35","true","477","13.297275217641069","45","true","477","9.335683916768817","65","true","477","8.220569894882905","75","true","477","7.890563764573019","95","true","477","12.187456347917957","105","true","477","10.418446015343324","115","true","477","8.959588048402765","125","true","477","12.74243656420128","135","true"
"478","11.969251255425126","0","true","478","8.129787330489355","85","true","478","9.758823729523563","55","true","478","9.055502831155824","15","true","478","8.758890384878354","5","true","478","8.884160601639538","25","true","478","10.454672673124865","35","true","478","13.270683762804673","45","true","478","9.320263741584318","65","true","478","8.203585268939255","75","true","478","7.875549317282945","95","true","478","12.16388217158289","105","true","478","10.398017199785752","115","true","478","8.942508005676894","125","true","478","12.718699900036102","135","true"
"479","11.986777128792546","0","true","479","8.134935996577381","85","true","479","9.75675744581119","55","true","479","9.051677534832935","15","true","479","8.760589402362411","5","true","479","8.885439948396847","25","true","479","10.450058725483762","35","true","479","13.276756301314075","45","true","479","9.33202352652385","65","true","479","8.204183502638946","75","true","479","7.883184129191353","95","true","479","12.161868524533459","105","true","479","10.404533828994218","115","true","479","8.950616145271377","125","true","479","12.72905921558672","135","true"
"480","11.966267992308454","0","true","480","8.118023447727948","85","true","480","9.737386924521713","55","true","480","9.03345104782183","15","true","480","8.7438015955562","5","true","480","8.866967100271282","25","true","480","10.431014793413327","35","true","480","13.24915389736124","45","true","480","9.312622230210911","65","true","480","8.187321869615321","75","true","480","7.866794972997608","95","true","480","12.136583974586404","105","true","480","10.38290278153269","115","true","480","8.932007795697007","125","true","480","12.702595475013775","135","true"
"481","11.971023952096008","0","true","481","8.121162262400658","85","true","481","9.735132333546712","55","true","481","9.03507200072858","15","true","481","8.743837338005758","5","true","481","8.87212965093096","25","true","481","10.426865017558407","35","true","481","13.24950072499901","45","true","481","9.320449853463085","65","true","481","8.188272419037153","75","true","481","7.872138506068479","95","true","481","12.133503600553626","105","true","481","10.383737174932731","115","true","481","8.93525808455816","125","true","481","12.707150305596185","135","true"
"482","11.94623922341672","0","true","482","8.104348261857385","85","true","482","9.716427494851638","55","true","482","9.017881882538317","15","true","482","8.725734155111336","5","true","482","8.853760852481829","25","true","482","10.405779379020437","35","true","482","13.222069046479344","45","true","482","9.301687541604075","65","true","482","8.172376895672206","75","true","482","7.856138621716732","95","true","482","12.108759034927916","105","true","482","10.362238754280696","115","true","482","8.920673685230588","125","true","482","12.681782406118089","135","true"
"483","11.9616594773047","0","true","483","8.109925442707665","85","true","483","9.711335436293107","55","true","483","9.01484666312899","15","true","483","8.724751987670643","5","true","483","8.857388061848097","25","true","483","10.403232368718756","35","true","483","13.21736757708064","45","true","483","9.310204993914663","65","true","483","8.173453849155687","75","true","483","7.8597897040533935","95","true","483","12.104518493536998","105","true","483","10.366585701038469","115","true","483","8.924636091299163","125","true","483","12.693287663624433","135","true"
"484","11.942778167856032","0","true","484","8.093203946949505","85","true","484","9.693064663643142","55","true","484","8.996259350421507","15","true","484","8.70692491870409","5","true","484","8.84030499247432","25","true","484","10.381782405071913","35","true","484","13.191308431996818","45","true","484","9.291008694958137","65","true","484","8.15660136699248","75","true","484","7.846203890183553","95","true","484","12.08003766672873","105","true","484","10.346368755627267","115","true","484","8.906234779770712","125","true","484","12.667767605658844","135","true"
"485","11.953619273275676","0","true","485","8.099236248034341","85","true","485","9.6892915117174","55","true","485","8.99736021132578","15","true","485","8.708372105220018","5","true","485","8.843309519797184","25","true","485","10.379705203603608","35","true","485","13.18824551995101","45","true","485","9.292795228535583","65","true","485","8.156393918753707","75","true","485","7.854287426279998","95","true","485","12.083549915383593","105","true","485","10.349490643033953","115","true","485","8.911868387373193","125","true","485","12.672346277477729","135","true"
"486","11.929073853823365","0","true","486","8.082605372781705","85","true","486","9.669919917717452","55","true","486","8.978885139023262","15","true","486","8.692330427373319","5","true","486","8.826246490186504","25","true","486","10.361596481109105","35","true","486","13.161164933667743","45","true","486","9.275191475739826","65","true","486","8.139645676620741","75","true","486","7.838159526020696","95","true","486","12.060114787698279","105","true","486","10.328239122206366","115","true","486","8.893568862963802","125","true","486","12.646325032554778","135","true"
"487","11.95116596132007","0","true","487","8.086314633854979","85","true","487","9.665455996426179","55","true","487","8.979545285620071","15","true","487","8.686915762211575","5","true","487","8.832966964522013","25","true","487","10.3580798966966","35","true","487","13.164432981081777","45","true","487","9.281832868661036","65","true","487","8.14084320110191","75","true","487","7.843533927052418","95","true","487","12.056875596967284","105","true","487","10.330108488883154","115","true","487","8.89936523682347","125","true","487","12.658544196199657","135","true"
"488","11.928693447598436","0","true","488","8.069778203110898","85","true","488","9.646301742986651","55","true","488","8.962617566809142","15","true","488","8.669151108301122","5","true","488","8.815000668626274","25","true","488","10.336897729218693","35","true","488","13.13751185024112","45","true","488","9.266957165344476","65","true","488","8.126232449363641","75","true","488","7.830050642586018","95","true","488","12.033136149503015","105","true","488","10.30898352264822","115","true","488","8.881166125909722","125","true","488","12.634484914069192","135","true"
"489","11.934803809628779","0","true","489","8.075992145583857","85","true","489","9.64433227812078","55","true","489","8.964047913928262","15","true","489","8.667724333260571","5","true","489","8.817594061425929","25","true","489","10.334442216522541","35","true","489","13.131278900011372","45","true","489","9.266781609633009","65","true","489","8.127307463015516","75","true","489","7.834097096940517","95","true","489","12.029623169699487","105","true","489","10.312407599919899","115","true","489","8.884008298958586","125","true","489","12.645604977873488","135","true"
"490","11.910496673560289","0","true","490","8.059544096407516","85","true","490","9.624690053521757","55","true","490","8.946015141109065","15","true","490","8.650071126879185","5","true","490","8.80042495636409","25","true","490","10.313632645382228","35","true","490","13.106018232220018","45","true","490","9.24891575355775","65","true","490","8.111648183779582","75","true","490","7.818141705704385","95","true","490","12.005122918844702","105","true","490","10.291404733117618","115","true","490","8.865914595702051","125","true","490","12.619850181584539","135","true"
"491","11.9281984913085","0","true","491","8.06657049842053","85","true","491","9.622952948546777","55","true","491","8.94280221102617","15","true","491","8.648267947419782","5","true","491","8.811836770665954","25","true","491","10.310860574228185","35","true","491","13.110134653687606","45","true","491","9.247726498156126","65","true","491","8.115658370724049","75","true","491","7.825052112905436","95","true","491","12.001923270458912","105","true","491","10.288374117704029","115","true","491","8.867366349149684","125","true","491","12.626194403804561","135","true"
"492","11.906165848664177","0","true","492","8.050208286456188","85","true","492","9.603752838480801","55","true","492","8.924662652788793","15","true","492","8.630725821765786","5","true","492","8.795490473887744","25","true","492","10.292079963237564","35","true","492","13.08420214880029","45","true","492","9.229386856667038","65","true","492","8.09919658903901","75","true","492","7.809513890489558","95","true","492","11.97810445229227","105","true","492","10.267505204686373","115","true","492","8.849379804830921","125","true","492","12.602682947311619","135","true"
"493","11.92494420418587","0","true","493","8.05320533295958","85","true","493","9.602179625935568","55","true","493","8.923872620439136","15","true","493","8.631954000784166","5","true","493","8.801788175239741","25","true","493","10.292652603146637","35","true","493","13.082028154239435","45","true","493","9.230908124201337","65","true","493","8.097460121279427","75","true","493","7.814896218441012","95","true","493","11.97821395473385","105","true","493","10.271830221900126","115","true","493","8.854235471776029","125","true","493","12.607042576243662","135","true"
"494","11.901392451100392","0","true","494","8.036936231276833","85","true","494","9.58278128325691","55","true","494","8.907213064458407","15","true","494","8.61469940439358","5","true","494","8.784006784986731","25","true","494","10.272203195641962","35","true","494","13.0555998145339","45","true","494","9.214085178043288","65","true","494","8.082797225957886","75","true","494","7.800505969655624","95","true","494","11.954327256481703","105","true","494","10.251671610528772","115","true","494","8.837141673057573","125","true","494","12.583762542959294","135","true"
"495","11.912655468086813","0","true","495","8.040479833260083","85","true","495","9.583456691211435","55","true","495","8.90545564863577","15","true","495","8.613875117042701","5","true","495","8.796535892297785","25","true","495","10.270581881049875","35","true","495","13.054596982197157","45","true","495","9.220156823987308","65","true","495","8.083968917208402","75","true","495","7.805760200830393","95","true","495","11.950535459909139","105","true","495","10.262483765403967","115","true","495","8.84155107261351","125","true","495","12.599165604326725","135","true"
"496","11.888686342396497","0","true","496","8.024301805426562","85","true","496","9.56589586541468","55","true","496","8.887738492351565","15","true","496","8.596543376364547","5","true","496","8.779224639308353","25","true","496","10.249916726359634","35","true","496","13.028601648598777","45","true","496","9.204087562823366","65","true","496","8.068522600988418","75","true","496","7.790054445899145","95","true","496","11.926490116931454","105","true","496","10.24183490470899","115","true","496","8.823761231421129","125","true","496","12.576696924645551","135","true"
"497","11.902808283429868","0","true","497","8.027063478566616","85","true","497","9.56400709077875","55","true","497","8.886366206174692","15","true","497","8.595124834871127","5","true","497","8.783440863994597","25","true","497","10.24682924437475","35","true","497","13.026247238711846","45","true","497","9.209521401054323","65","true","497","8.07155455268831","75","true","497","7.797041493027093","95","true","497","11.92221187928317","105","true","497","10.241596927124153","115","true","497","8.826468578705454","125","true","497","12.578039619031584","135","true"
"498","11.87948686286621","0","true","498","8.01097717901037","85","true","498","9.54484074390344","55","true","498","8.868557857064122","15","true","498","8.578112915984683","5","true","498","8.767131533766644","25","true","498","10.22629451643011","35","true","498","13.002424967012754","45","true","498","9.191688805800093","65","true","498","8.055379092662882","75","true","498","7.782429764071165","95","true","498","11.89851685062121","105","true","498","10.221382534282867","115","true","498","8.810384100189237","125","true","498","12.552833126809075","135","true"
"499","11.895407409841813","0","true","499","8.015353413039547","85","true","499","9.543260451803217","55","true","499","8.86787538802266","15","true","499","8.5783891670755","5","true","499","8.780459015076977","25","true","499","10.222392474181733","35","true","499","12.999456241914292","45","true","499","9.19504287624657","65","true","499","8.054589133940521","75","true","499","7.7856341266895095","95","true","499","11.89298926781952","105","true","499","10.21934425192727","115","true","499","8.814182482596433","125","true","499","12.565061624662723","135","true"
"500","11.871664081678457","0","true","500","7.9993547036322825","85","true","500","9.525434005166462","55","true","500","8.850410356703811","15","true","500","8.562485069541824","5","true","500","8.762933148779418","25","true","500","10.203378602721617","35","true","500","12.973509223467357","45","true","500","9.177681264106686","65","true","500","8.03936147583989","75","true","500","7.770093938811886","95","true","500","11.869849650544039","105","true","500","10.199930684036072","115","true","500","8.796589303988455","125","true","500","12.5405972596581","135","true"
"501","11.887308992792583","0","true","501","8.00544400338872","85","true","501","9.524302683107441","55","true","501","8.850104993437023","15","true","501","8.56102496558616","5","true","501","8.76827781391258","25","true","501","10.201286551476025","35","true","501","12.975269180417378","45","true","501","9.181637781894901","65","true","501","8.04266667933594","75","true","501","7.775770279456289","95","true","501","11.866018102286572","105","true","501","10.20222479695158","115","true","501","8.800918429198576","125","true","501","12.551670431016202","135","true"
"502","11.867109324447183","0","true","502","7.98952860775574","85","true","502","9.50536768771359","55","true","502","8.832916454108767","15","true","502","8.545434190961005","5","true","502","8.750845850067822","25","true","502","10.181005663699732","35","true","502","12.949473416639213","45","true","502","9.16373290487209","65","true","502","8.028708449934332","75","true","502","7.761313977954789","95","true","502","11.84357272148276","105","true","502","10.182091973229983","115","true","502","8.783421573474524","125","true","502","12.52752936653038","135","true"
"503","11.879110076420742","0","true","503","7.994134601563873","85","true","503","9.504368218181066","55","true","503","8.8309592702312","15","true","503","8.543148800408689","5","true","503","8.761017263044264","25","true","503","10.179117200953966","35","true","503","12.95481408974242","45","true","503","9.170944437204271","65","true","503","8.029535530789861","75","true","503","7.768542301439504","95","true","503","11.841838870252355","105","true","503","10.17857293087055","115","true","503","8.78628757467649","125","true","503","12.535722901232665","135","true"
"504","11.857641257737688","0","true","504","7.978304632055826","85","true","504","9.485547687055954","55","true","504","8.814185510258849","15","true","504","8.526231674071246","5","true","504","8.743668714008534","25","true","504","10.158960533229305","35","true","504","12.931341143539997","45","true","504","9.154490379822406","65","true","504","8.014748157509622","75","true","504","7.753527403564879","95","true","504","11.818795050168248","105","true","504","10.15841734090843","115","true","504","8.770467472870886","125","true","504","12.514436675013819","135","true"
"505","11.867122762134008","0","true","505","7.981259412364311","85","true","505","9.479463052436026","55","true","505","8.812024625821275","15","true","505","8.525680610752126","5","true","505","8.749574902044358","25","true","505","10.154537273370808","35","true","505","12.924729085923083","45","true","505","9.163379538832638","65","true","505","8.014520744877688","75","true","505","7.7574744317220405","95","true","505","11.8176715529236","105","true","505","10.16372123952059","115","true","505","8.773381408575153","125","true","505","12.525757241024587","135","true"
"506","11.845665708241613","0","true","506","7.965517283345841","85","true","506","9.46076588665213","55","true","506","8.796197429297749","15","true","506","8.508864672663856","5","true","506","8.732754813067917","25","true","506","10.136440551308661","35","true","506","12.899236523623433","45","true","506","9.145305811931587","65","true","506","8.001298020955657","75","true","506","7.743791443746154","95","true","506","11.794362536053928","105","true","506","10.145670159386022","115","true","506","8.756076908755478","125","true","506","12.50262778359262","135","true"
"507","11.85691037008251","0","true","507","7.969351422588251","85","true","507","9.459339107286587","55","true","507","8.79407219325104","15","true","507","8.507815501045357","5","true","507","8.738073376494652","25","true","507","10.135787150356029","35","true","507","12.904187128884438","45","true","507","9.145586605186848","65","true","507","8.000708584019668","75","true","507","7.749226766697476","95","true","507","11.794456408882557","105","true","507","10.152776290368108","115","true","507","8.757763218137693","125","true","507","12.515886997953341","135","true"
"508","11.833615850691386","0","true","508","7.953694543565485","85","true","508","9.441306725112996","55","true","508","8.777801962459652","15","true","508","8.492500037153581","5","true","508","8.720906238230418","25","true","508","10.11707863208471","35","true","508","12.878835091303133","45","true","508","9.128308984174327","65","true","508","7.984990099571691","75","true","508","7.734367812096409","95","true","508","11.771284588825813","105","true","508","10.132829775062866","115","true","508","8.741159530674246","125","true","508","12.49212635030644","135","true"
"509","11.840577290285587","0","true","509","7.958711682729843","85","true","509","9.44040918917748","55","true","509","8.776573501316404","15","true","509","8.489291145185145","5","true","509","8.728152928210196","25","true","509","10.114351104769023","35","true","509","12.882326024336507","45","true","509","9.134209303559798","65","true","509","7.984711631479593","75","true","509","7.740187609139847","95","true","509","11.772484723057447","105","true","509","10.132664193033989","115","true","509","8.746422768313682","125","true","509","12.494778931102955","135","true"
"510","11.818579464733828","0","true","510","7.943136904485753","85","true","510","9.423871964953305","55","true","510","8.760111419179193","15","true","510","8.472678050967563","5","true","510","8.71107239410411","25","true","510","10.09455785407476","35","true","510","12.858353793584223","45","true","510","9.118651873968393","65","true","510","7.969233388118742","75","true","510","7.72638979989473","95","true","510","11.750457461290718","105","true","510","10.112835104593609","115","true","510","8.730655695555402","125","true","510","12.473263284467661","135","true"
"511","11.824277505856447","0","true","511","7.94592340683961","85","true","511","9.423426005268954","55","true","511","8.76102519179829","15","true","511","8.472184427538656","5","true","511","8.718261056506277","25","true","511","10.091135594905642","35","true","511","12.853948409677256","45","true","511","9.122528467008893","65","true","511","7.968447535712578","75","true","511","7.729522684715069","95","true","511","11.745965085236824","105","true","511","10.116523149769431","115","true","511","8.737430846785303","125","true","511","12.478973268520592","135","true"
"512","11.802872674035125","0","true","512","7.93043427739158","85","true","512","9.405620961907866","55","true","512","8.744176984206634","15","true","512","8.455669448147741","5","true","512","8.702055457341096","25","true","512","10.073073449568929","35","true","512","12.829209143522176","45","true","512","9.104745760445523","65","true","512","7.9533310828369945","75","true","512","7.714455389033363","95","true","512","11.723068467136947","105","true","512","10.097946544279901","115","true","512","8.721060039843053","125","true","512","12.455680154080383","135","true"
"513","11.81459356771282","0","true","513","7.9325298076634","85","true","513","9.40537149899011","55","true","513","8.743497792573608","15","true","513","8.451632280043103","5","true","513","8.709174765082853","25","true","513","10.072633464527266","35","true","513","12.824731261871015","45","true","513","9.110576557450726","65","true","513","7.953523234691387","75","true","513","7.7186222716751445","95","true","513","11.717917443368167","105","true","513","10.104974059679924","115","true","513","8.72507305548058","125","true","513","12.46879261321918","135","true"
"514","11.797548919199295","0","true","514","7.9171268371630825","85","true","514","9.387351242358154","55","true","514","8.72652012695696","15","true","514","8.435915617650776","5","true","514","8.692762366204148","25","true","514","10.055002462880195","35","true","514","12.799828871071266","45","true","514","9.093288120260075","65","true","514","7.9392664372352995","75","true","514","7.703634655613639","95","true","514","11.695825215314104","105","true","514","10.085652973931655","115","true","514","8.709967219933235","125","true","514","12.450523207292893","135","true"
"515","11.807014697520104","0","true","515","7.917729459526525","85","true","515","9.385083140604642","55","true","515","8.72416426786681","15","true","515","8.43677035027319","5","true","515","8.698572852420815","25","true","515","10.05332841045357","35","true","515","12.798735960903688","45","true","515","9.099435083054937","65","true","515","7.936588569641554","75","true","515","7.7050101684268215","95","true","515","11.694213666991033","105","true","515","10.085598295132185","115","true","515","8.714398094464347","125","true","515","12.459851881104758","135","true"
"516","11.78466250248623","0","true","516","7.902414702351425","85","true","516","9.366930175148928","55","true","516","8.708486047435267","15","true","516","8.421648452110897","5","true","516","8.681747759862942","25","true","516","10.033882900955593","35","true","516","12.774294993437948","45","true","516","9.083259906489886","65","true","516","7.922970303609616","75","true","516","7.691584839433144","95","true","516","11.673003274245213","105","true","516","10.066090368062296","115","true","516","8.69754239215397","125","true","516","12.43575158733086","135","true"
"517","11.796441633236634","0","true","517","7.903282879898327","85","true","517","9.364663272812109","55","true","517","8.707781721136884","15","true","517","8.418898220260699","5","true","517","8.686884753710046","25","true","517","10.032235891469819","35","true","517","12.772692729167701","45","true","517","9.089772109922851","65","true","517","7.91909830117956","75","true","517","7.693892410685699","95","true","517","11.668682510684242","105","true","517","10.069435639943697","115","true","517","8.701959283133357","125","true","517","12.448366975223221","135","true"
"518","11.77501547233969","0","true","518","7.888054974542067","85","true","518","9.347186105229135","55","true","518","8.691003721674193","15","true","518","8.402676836406632","5","true","518","8.671809926406318","25","true","518","10.013166335857317","35","true","518","12.75105829566629","45","true","518","9.074429277244489","65","true","518","7.903839922949928","75","true","518","7.67906795517378","95","true","518","11.646411222242296","105","true","518","10.050034029847465","115","true","518","8.685844519515324","125","true","518","12.426762490873118","135","true"
"519","11.79189456083289","0","true","519","7.887097100587791","85","true","519","9.345405682078257","55","true","519","8.687160208333223","15","true","519","8.40293533914749","5","true","519","8.681708959533044","25","true","519","10.008325966303849","35","true","519","12.756528492708863","45","true","519","9.084494094693623","65","true","519","7.906516102330079","75","true","519","7.681127728653659","95","true","519","11.6405165805305","105","true","519","10.054853536207377","115","true","519","8.690706143207642","125","true","519","12.440894357450361","135","true"
"520","11.76926136589847","0","true","520","7.871958718436951","85","true","520","9.328304597613087","55","true","520","8.670709006600585","15","true","520","8.386806864408245","5","true","520","8.665473418279804","25","true","520","9.99077709934461","35","true","520","12.732043793106735","45","true","520","9.068378930773827","65","true","520","7.892529153220678","75","true","520","7.667851312818806","95","true","520","11.618491409809533","105","true","520","10.036469051161083","115","true","520","8.674025325274421","125","true","520","12.417651055359713","135","true"
"521","11.779608787125294","0","true","521","7.871035951300986","85","true","521","9.326945060266286","55","true","521","8.66529933852139","15","true","521","8.38833318032154","5","true","521","8.675571548044811","25","true","521","9.987564847260655","35","true","521","12.733965557833496","45","true","521","9.073973787498884","65","true","521","7.892619297804178","75","true","521","7.667958858526559","95","true","521","11.615191478406834","105","true","521","10.042093896308353","115","true","521","8.679200598573143","125","true","521","12.428656386274683","135","true"
"522","11.759165002924208","0","true","522","7.855986169367333","85","true","522","9.309353773096303","55","true","522","8.649446429521332","15","true","522","8.374107235044695","5","true","522","8.658983457130768","25","true","522","9.968468164952318","35","true","522","12.709617631336684","45","true","522","9.0586751069649","65","true","522","7.877528247521569","75","true","522","7.653297369313315","95","true","522","11.59441681021596","105","true","522","10.022892951955946","115","true","522","8.662605568747955","125","true","522","12.406310354280945","135","true"
"523","11.7709857804287","0","true","523","7.85489803991878","85","true","523","9.306149290229191","55","true","523","8.64544348670924","15","true","523","8.373892147974928","5","true","523","8.660797622599098","25","true","523","9.966598214707894","35","true","523","12.70169765813785","45","true","523","9.071520122392592","65","true","523","7.8750599430875665","75","true","523","7.6534322792426135","95","true","523","11.594533743239436","105","true","523","10.028426496811152","115","true","523","8.666274249421352","125","true","523","12.420445049833491","135","true"
"524","11.751707332738617","0","true","524","7.839936329366553","85","true","524","9.289896075730976","55","true","524","8.628975975305984","15","true","524","8.358828150089304","5","true","524","8.644300865222718","25","true","524","9.94761421810845","35","true","524","12.679922357374076","45","true","524","9.05524387826161","65","true","524","7.860926499923887","75","true","524","7.638854312996437","95","true","524","11.572448917061838","105","true","524","10.00932473205532","115","true","524","8.650145642919453","125","true","524","12.397779502140958","135","true"
"525","11.761763074755851","0","true","525","7.839374447200435","85","true","525","9.28534612845703","55","true","525","8.625045168598938","15","true","525","8.35872764811869","5","true","525","8.654583723582814","25","true","525","9.94510972311921","35","true","525","12.6798182395008","45","true","525","9.067422397205661","65","true","525","7.858210982813314","75","true","525","7.638662520191333","95","true","525","11.569301614103516","105","true","525","10.007811790064391","115","true","525","8.657332680988572","125","true","525","12.402906377984797","135","true"
"526","11.7400045542361","0","true","526","7.824498973866089","85","true","526","9.267726875841364","55","true","526","8.610029443019105","15","true","526","8.342866684839526","5","true","526","8.638893746092194","25","true","526","9.928239210226781","35","true","526","12.655757863334765","45","true","526","9.050591168628793","65","true","526","7.845286071943887","75","true","526","7.62476887464603","95","true","526","11.547348480110909","105","true","526","9.988821634865028","115","true","526","8.640905104743814","125","true","526","12.381420180381742","135","true"
"527","11.753679875275889","0","true","527","7.824311534419874","85","true","527","9.266268490358328","55","true","527","8.60893145325825","15","true","527","8.341055506371132","5","true","527","8.641392554026641","25","true","527","9.924759269549014","35","true","527","12.655381837598892","45","true","527","9.05995043505356","65","true","527","7.8435223367582525","75","true","527","7.624004653254077","95","true","527","11.549495828036731","105","true","527","9.99079293396224","115","true","527","8.646606936891173","125","true","527","12.384877771196441","135","true"
"528","11.73146119876308","0","true","528","7.809520775375603","85","true","528","9.250136429240026","55","true","528","8.593381219231622","15","true","528","8.32528791562185","5","true","528","8.625329312337708","25","true","528","9.906788325909611","35","true","528","12.631458620514584","45","true","528","9.04418449399864","65","true","528","7.829258390956021","75","true","528","7.609592546159078","95","true","528","11.528600253664345","105","true","528","9.973329738088113","115","true","528","8.630637464110515","125","true","528","12.362556343033765","135","true"
"529","11.747689159676103","0","true","529","7.807697204573501","85","true","529","9.248881860057388","55","true","529","8.58902822023482","15","true","529","8.32538683550688","5","true","529","8.630604222793732","25","true","529","9.901216625210497","35","true","529","12.629548263589044","45","true","529","9.048928504444104","65","true","529","7.828486063688181","75","true","529","7.609204172349291","95","true","529","11.529894181118108","105","true","529","9.972423279883833","115","true","529","8.632831990871919","125","true","529","12.36898912814928","135","true"
"530","11.726154895395487","0","true","530","7.792993443359616","85","true","530","9.231464003447112","55","true","530","8.572853025846431","15","true","530","8.311410090361965","5","true","530","8.614350730848734","25","true","530","9.882570266217634","35","true","530","12.605763803582285","45","true","530","9.032748921298266","65","true","530","7.814052915054115","75","true","530","7.595120346117112","95","true","530","11.508180632754419","105","true","530","9.953642821729625","115","true","530","8.616574303506813","125","true","530","12.34631896777277","135","true"
"531","11.736030077403399","0","true","531","7.791696716890869","85","true","531","9.230032292475364","55","true","531","8.56895296160942","15","true","531","8.31237217861806","5","true","531","8.618824418214228","25","true","531","9.88297756742039","35","true","531","12.608769606836686","45","true","531","9.047046971394293","65","true","531","7.813332651912363","75","true","531","7.594171938580488","95","true","531","11.502660060736165","105","true","531","9.95747567269661","115","true","531","8.621377702021292","125","true","531","12.35084267942199","135","true"
"532","11.718015305491617","0","true","532","7.777078148941731","85","true","532","9.213598698614978","55","true","532","8.554716313926235","15","true","532","8.296776733630034","5","true","532","8.6033558842163","25","true","532","9.866176090701064","35","true","532","12.5852891517592","45","true","532","9.03219369085786","65","true","532","7.8010348015594015","75","true","532","7.579923961209793","95","true","532","11.482666873243875","105","true","532","9.939945061099182","115","true","532","8.605948309844607","125","true","532","12.328635474598954","135","true"
"533","11.72701430754133","0","true","533","7.775816083048557","85","true","533","9.212849409315726","55","true","533","8.552159325008082","15","true","533","8.296429642308413","5","true","533","8.610235125673594","25","true","533","9.863822329828695","35","true","533","12.583995877285211","45","true","533","9.033203667548825","65","true","533","7.800841800104949","75","true","533","7.5790075634109595","95","true","533","11.477974426041762","105","true","533","9.944278755539003","115","true","533","8.611381437771625","125","true","533","12.335087620828029","135","true"
"534","11.705094654630036","0","true","534","7.7612818473793075","85","true","534","9.196145231618212","55","true","534","8.536173980475358","15","true","534","8.280922297182602","5","true","534","8.594736318784532","25","true","534","9.845931865509986","35","true","534","12.560474389664119","45","true","534","9.017138517249432","65","true","534","7.786260787394473","75","true","534","7.564841194133556","95","true","534","11.456832401728414","105","true","534","9.925691318612762","115","true","534","8.595285397701025","125","true","534","12.312851080325924","135","true"
"535","11.715987594064158","0","true","535","7.7597160049881335","85","true","535","9.192827533632164","55","true","535","8.533465875685563","15","true","535","8.280037687265212","5","true","535","8.60009176166008","25","true","535","9.84237204788779","35","true","535","12.557620613061864","45","true","535","9.016115876234876","65","true","535","7.785750322325188","75","true","535","7.56371252603549","95","true","535","11.456063494823379","105","true","535","9.932275490880327","115","true","535","8.600696871322949","125","true","535","12.325324881141194","135","true"
"536","11.69713550283348","0","true","536","7.7452658820738165","85","true","536","9.176020241068384","55","true","536","8.517803920867484","15","true","536","8.266406168359902","5","true","536","8.584309599027806","25","true","536","9.824043608320029","35","true","536","12.534235844694898","45","true","536","8.999697614535286","65","true","536","7.771251718373","75","true","536","7.549973804152285","95","true","536","11.434730043250152","105","true","536","9.914393218044005","115","true","536","8.584680676031846","125","true","536","12.303418770957194","135","true"
"537","11.709642708368179","0","true","537","7.743398930042887","85","true","537","9.17208118834703","55","true","537","8.51485105863617","15","true","537","8.2626445227805","5","true","537","8.58371372004335","25","true","537","9.820579445659654","35","true","537","12.533829919103892","45","true","537","9.005431468736829","65","true","537","7.7701612384074075","75","true","537","7.548531206410024","95","true","537","11.433563721984545","105","true","537","9.9169300938559","115","true","537","8.589449304255524","125","true","537","12.307631536007332","135","true"
"538","11.687917953807199","0","true","538","7.729032698261731","85","true","538","9.156921241170869","55","true","538","8.50011035888637","15","true","538","8.248124159118191","5","true","538","8.567941954220476","25","true","538","9.803752412441652","35","true","538","12.511785992359307","45","true","538","8.990559074205457","65","true","538","7.7563177782496515","75","true","538","7.535011454424336","95","true","538","11.414147726210293","105","true","538","9.89853133672444","115","true","538","8.574878727878838","125","true","538","12.285773359886413","135","true"
"539","11.697583495571482","0","true","539","7.726867269289316","85","true","539","9.152435179076363","55","true","539","8.49848988865809","15","true","539","8.247099414790714","5","true","539","8.572830057037436","25","true","539","9.803712303772341","35","true","539","12.508426946579027","45","true","539","8.995410173391136","65","true","539","7.753650763191877","75","true","539","7.533117861606313","95","true","539","11.414913989503924","105","true","539","9.90135713148238","115","true","539","8.578190617433025","125","true","539","12.291242758961967","135","true"
"540","11.675961344932718","0","true","540","7.713065493767015","85","true","540","9.136727570349306","55","true","540","8.483005212894563","15","true","540","8.231855238423265","5","true","540","8.557485318960483","25","true","540","9.78715516342916","35","true","540","12.48530600952435","45","true","540","8.980270489867626","65","true","540","7.739985505315556","75","true","540","7.519881114633859","95","true","540","11.394569798468503","105","true","540","9.883055177450064","115","true","540","8.562334442539433","125","true","540","12.268523271422296","135","true"
"541","11.688785998287576","0","true","541","7.710205864992395","85","true","541","9.137077054678226","55","true","541","8.480584819765314","15","true","541","8.231436793499423","5","true","541","8.555373322366863","25","true","541","9.784965260781203","35","true","541","12.485117474795445","45","true","541","8.982752539981862","65","true","541","7.73972760424134","75","true","541","7.518015922365557","95","true","541","11.39065991889557","105","true","541","9.88579437846765","115","true","541","8.564929155796515","125","true","541","12.276455727946919","135","true"
"542","11.669589921987194","0","true","542","7.696006590839555","85","true","542","9.120476915194784","55","true","542","8.46541458264947","15","true","542","8.216277609717656","5","true","542","8.53990592817835","25","true","542","9.766945066930777","35","true","542","12.462124624933944","45","true","542","8.967490552278475","65","true","542","7.726084172402796","75","true","542","7.504170589175197","95","true","542","11.36968264464346","105","true","542","9.867588495634376","115","true","542","8.549155805601677","125","true","542","12.255325218657207","135","true"
"543","11.683568967999456","0","true","543","7.692483958637879","85","true","543","9.119388579505628","55","true","543","8.463370187391455","15","true","543","8.216175427647658","5","true","543","8.543461392579294","25","true","543","9.764487621796539","35","true","543","12.461172178905125","45","true","543","8.970341286301","65","true","543","7.724630942745951","75","true","543","7.500700319260691","95","true","543","11.366683462228519","105","true","543","9.868656381126954","115","true","543","8.552489002558262","125","true","543","12.265242325953894","135","true"
"544","11.662694827750922","0","true","544","7.6783693091724885","85","true","544","9.102655756423967","55","true","544","8.448170440269232","15","true","544","8.202159202194842","5","true","544","8.528216191761713","25","true","544","9.746781684070935","35","true","544","12.440365568648696","45","true","544","8.954605995143348","65","true","544","7.712180186887966","75","true","544","7.486937566381314","95","true","544","11.34624544230666","105","true","544","9.851736066838788","115","true","544","8.537525741400996","125","true","544","12.242737294163154","135","true"
"545","11.673294463343577","0","true","545","7.674560116366039","85","true","545","9.10277357116105","55","true","545","8.446555796981052","15","true","545","8.202607053585735","5","true","545","8.533220144057928","25","true","545","9.744198485529632","35","true","545","12.437107927989855","45","true","545","8.962712639627615","65","true","545","7.710371385745865","75","true","545","7.483031634651557","95","true","545","11.3446106525904","105","true","545","9.850866086264391","115","true","545","8.540139985973772","125","true","545","12.25097673072208","135","true"
"546","11.656212615853542","0","true","546","7.660529841930269","85","true","546","9.08613230320646","55","true","546","8.4322185321403","15","true","546","8.187611428259254","5","true","546","8.51804840082391","25","true","546","9.729292496817132","35","true","546","12.414830313915145","45","true","546","8.94632742456431","65","true","546","7.696275642810315","75","true","546","7.469351503692413","95","true","546","11.324555103869638","105","true","546","9.83285719031144","115","true","546","8.524527298613673","125","true","546","12.22858006393831","135","true"
"547","11.670642605470285","0","true","547","7.656911196438243","85","true","547","9.08568701388634","55","true","547","8.429405960698888","15","true","547","8.188540167182222","5","true","547","8.517350736316171","25","true","547","9.72833483630261","35","true","547","12.417231332780911","45","true","547","8.956653930590349","65","true","547","7.693940135665605","75","true","547","7.465491918543219","95","true","547","11.319232438122008","105","true","547","9.834873518123205","115","true","547","8.52715572193397","125","true","547","12.232504687120901","135","true"
"548","11.649384604367425","0","true","548","7.642964181508482","85","true","548","9.071481972628689","55","true","548","8.414051851480858","15","true","548","8.173624793471506","5","true","548","8.50183643625002","25","true","548","9.710614736418634","35","true","548","12.394613425070927","45","true","548","8.940717551440008","65","true","548","7.681443488273086","75","true","548","7.451893572607803","95","true","548","11.298614528398652","105","true","548","9.817218936310487","115","true","548","8.511623562149028","125","true","548","12.212222110553691","135","true"
"549","11.664580162863714","0","true","549","7.637971868409603","85","true","549","9.070296427240425","55","true","549","8.412631527390781","15","true","549","8.171112024877715","5","true","549","8.504861358479216","25","true","549","9.709229561867685","35","true","549","12.391200336252796","45","true","549","8.944933495426067","65","true","549","7.679770890414051","75","true","549","7.4477415478706614","95","true","549","11.29876010033448","105","true","549","9.821126931286312","115","true","549","8.514265888905369","125","true","549","12.216058955796848","135","true"
"550","11.643410325907519","0","true","550","7.625053976494976","85","true","550","9.053834909223655","55","true","550","8.397958755453011","15","true","550","8.156282420476849","5","true","550","8.48942603840938","25","true","550","9.692453040482219","35","true","550","12.369326271708998","45","true","550","8.929566569372774","65","true","550","7.665833012210033","75","true","550","7.435843547097585","95","true","550","11.278254183636959","105","true","550","9.803902280732084","115","true","550","8.498813500722239","125","true","550","12.19388824988796","135","true"
"551","11.656010693177382","0","true","551","7.621853981516862","85","true","551","9.053497420936933","55","true","551","8.396517255859079","15","true","551","8.154470819317783","5","true","551","8.49533650646219","25","true","551","9.690358149786077","35","true","551","12.369341168770948","45","true","551","8.938539103894591","65","true","551","7.664659592551876","75","true","551","7.431262118717074","95","true","551","11.277739667307067","105","true","551","9.807282837685246","115","true","551","8.500248928939282","125","true","551","12.199203475877079","135","true"
"552","11.638050861796938","0","true","552","7.6080712437564335","85","true","552","9.037657127843708","55","true","552","8.38177055651205","15","true","552","8.140622471246793","5","true","552","8.48084227535113","25","true","552","9.675024864791048","35","true","552","12.347737043907907","45","true","552","8.924162449594792","65","true","552","7.651710813893381","75","true","552","7.418160413031789","95","true","552","11.25960500170773","105","true","552","9.789743054764006","115","true","552","8.48487777355241","125","true","552","12.178783165218611","135","true"
"553","11.651430706383417","0","true","553","7.6027084531817835","85","true","553","9.036190066948839","55","true","553","8.381485710244984","15","true","553","8.13830826147635","5","true","553","8.483774865238875","25","true","553","9.669614954300648","35","true","553","12.345815681733624","45","true","553","8.932098565945372","65","true","553","7.650942199319153","75","true","553","7.4129558948341625","95","true","553","11.258590418704813","105","true","553","9.792116765777276","115","true","553","8.486691939507107","125","true","553","12.1891402858796","135","true"
"554","11.630437137543087","0","true","554","7.5890098793922665","85","true","554","9.019908643404788","55","true","554","8.36638393419049","15","true","554","8.123644642987204","5","true","554","8.468620160540707","25","true","554","9.653028643327767","35","true","554","12.323570968793565","45","true","554","8.91600469465538","65","true","554","7.637156717878939","75","true","554","7.3995992175461724","95","true","554","11.238304670202643","105","true","554","9.774473312145245","115","true","554","8.471400602679166","125","true","554","12.167177870950088","135","true"
"555","11.643624134420689","0","true","555","7.584168480287469","85","true","555","9.020320004068438","55","true","555","8.364899718248605","15","true","555","8.123455827591565","5","true","555","8.47345326291173","25","true","555","9.650784583977499","35","true","555","12.319484152380642","45","true","555","8.932991096221295","65","true","555","7.637013759210162","75","true","555","7.394118576658984","95","true","555","11.237558762933272","105","true","555","9.776368561935374","115","true","555","8.47358318396686","125","true","555","12.174163296474553","135","true"
"556","11.62582380235014","0","true","556","7.570552378886593","85","true","556","9.005367555269522","55","true","556","8.350228225145788","15","true","556","8.109964638704097","5","true","556","8.45839453836153","25","true","556","9.633458220271974","35","true","556","12.29765056680657","45","true","556","8.919237020559967","65","true","556","7.624631270819169","75","true","556","7.381412279964474","95","true","556","11.217383612550986","105","true","556","9.759603860614783","115","true","556","8.458370287765842","125","true","556","12.154012376027744","135","true"
"557","11.634950841726363","0","true","557","7.566086042389308","85","true","557","9.003692770689836","55","true","557","8.349372045280228","15","true","557","8.107147591261509","5","true","557","8.461881395945651","25","true","557","9.633134196950346","35","true","557","12.297042072425196","45","true","557","8.934523869082529","65","true","557","7.622642900188122","75","true","557","7.375416293022697","95","true","557","11.21336606395574","105","true","557","9.759842456994114","115","true","557","8.460066628323855","125","true","557","12.159785045071189","135","true"
"558","11.614136976177658","0","true","558","7.552551004746394","85","true","558","8.987585985769103","55","true","558","8.335176129202901","15","true","558","8.09281852149509","5","true","558","8.447527136639522","25","true","558","9.616865075985528","35","true","558","12.277208888205735","45","true","558","8.918540821016192","65","true","558","7.609006687486533","75","true","558","7.362788913818393","95","true","558","11.195301227088994","105","true","558","9.742738865751853","115","true","558","8.445999009145764","125","true","558","12.138032299015606","135","true"
"559","11.623748326783648","0","true","559","7.54780929219707","85","true","559","8.985041908094734","55","true","559","8.333330964488777","15","true","559","8.093947274735596","5","true","559","8.449878149683837","25","true","559","9.617259423616744","35","true","559","12.273979942973178","45","true","559","8.919846095395762","65","true","559","7.607814415635603","75","true","559","7.355488220914449","95","true","559","11.193123409934605","105","true","559","9.751189282781686","115","true","559","8.446646619506872","125","true","559","12.14419012584474","135","true"
"560","11.603670899741976","0","true","560","7.534818735012627","85","true","560","8.970986181413378","55","true","560","8.319091411658734","15","true","560","8.079519561233393","5","true","560","8.434815978294026","25","true","560","9.601714472984229","35","true","560","12.252101190846664","45","true","560","8.9039461914824","65","true","560","7.595016374479897","75","true","560","7.343033720203428","95","true","560","11.173171318294793","105","true","560","9.73434015233699","115","true","560","8.431590208420406","125","true","560","12.124882019665021","135","true"
"561","11.611524739048482","0","true","561","7.529662625636093","85","true","561","8.971105128764105","55","true","561","8.31669886501408","15","true","561","8.079839321054507","5","true","561","8.4385894831828","25","true","561","9.59748760281278","35","true","561","12.249498476081865","45","true","561","8.90707095285205","65","true","561","7.594293974832999","75","true","561","7.335138442348223","95","true","561","11.172957807695928","105","true","561","9.733872382557456","115","true","561","8.431762954191662","125","true","561","12.12929479825386","135","true"
"562","11.591996651413389","0","true","562","7.51675044816911","85","true","562","8.955986855073734","55","true","562","8.302837750754493","15","true","562","8.065844720543758","5","true","562","8.423743277415308","25","true","562","9.580440555560893","35","true","562","12.227740929943176","45","true","562","8.893262796956847","65","true","562","7.5814128053185925","75","true","562","7.322109777264123","95","true","562","11.153112411945136","105","true","562","9.717122970733104","115","true","562","8.41749252562622","125","true","562","12.107750757759625","135","true"
"563","11.606340458033335","0","true","563","7.512427019384061","85","true","563","8.959176603726798","55","true","563","8.301561695341066","15","true","563","8.064196288385958","5","true","563","8.425884493452019","25","true","563","9.580517432345983","35","true","563","12.224956284413903","45","true","563","8.906931411388562","65","true","563","7.580007497847788","75","true","563","7.314932988452679","95","true","563","11.150734940320167","105","true","563","9.7209075051516","115","true","563","8.41593431175452","125","true","563","12.115859284412023","135","true"
"564","11.585798262532391","0","true","564","7.499130688376302","85","true","564","8.943319653985688","55","true","564","8.287221619551635","15","true","564","8.049923374601205","5","true","564","8.411276675846487","25","true","564","9.563810108854142","35","true","564","12.20490306889344","45","true","564","8.891166931014423","65","true","564","7.567273712247714","75","true","564","7.30198620440232","95","true","564","11.131212924236419","105","true","564","9.704128977717454","115","true","564","8.402445973757953","125","true","564","12.095771590903833","135","true"
"565","11.597824152723417","0","true","565","7.49269541353858","85","true","565","8.944599659457637","55","true","565","8.287302993751258","15","true","565","8.050615059703402","5","true","565","8.416353477163971","25","true","565","9.560619230260114","35","true","565","12.201297788520366","45","true","565","8.89536498669808","65","true","565","7.56556091062069","75","true","565","7.294219245676483","95","true","565","11.132126093694835","105","true","565","9.710685089669356","115","true","565","8.40021087924672","125","true","565","12.096047536545742","135","true"
"566","11.578640377344385","0","true","566","7.479480783179605","85","true","566","8.928824351416266","55","true","566","8.272686939088558","15","true","566","8.037995562809614","5","true","566","8.401509820237756","25","true","566","9.545194761797875","35","true","566","12.179778744801636","45","true","566","8.881919232880305","65","true","566","7.552350625547434","75","true","566","7.28135466146894","95","true","566","11.112729803728316","105","true","566","9.693896172050245","115","true","566","8.385746231903997","125","true","566","12.075543761845623","135","true"
"567","11.592596585738418","0","true","567","7.473560697015469","85","true","567","8.927975766094667","55","true","567","8.270572242948901","15","true","567","8.035726013679716","5","true","567","8.40399545066219","25","true","567","9.542467401185743","35","true","567","12.178885401291714","45","true","567","8.88875039093767","65","true","567","7.5521984465127705","75","true","567","7.273972667369269","95","true","567","11.110649474747381","105","true","567","9.694980909189535","115","true","567","8.382855193746233","125","true","567","12.08493805029239","135","true"
"568","11.57348942743802","0","true","568","7.460426143945143","85","true","568","8.912511174877238","55","true","568","8.257155098370175","15","true","568","8.021603472355146","5","true","568","8.389382317020221","25","true","568","9.525696808213537","35","true","568","12.157481384769234","45","true","568","8.873128685505442","65","true","568","7.5393386682739365","75","true","568","7.261188884122574","95","true","568","11.091122850011446","105","true","568","9.678293132497675","115","true","568","8.3681225835639","125","true","568","12.066814966897986","135","true"
"569","11.585536166607193","0","true","569","7.454103931640372","85","true","569","8.913541885981525","55","true","569","8.255197462335513","15","true","569","8.01897847326312","5","true","569","8.392725020545258","25","true","569","9.521799688818822","35","true","569","12.155925126045759","45","true","569","8.883877112318428","65","true","569","7.538368519644691","75","true","569","7.253088276697497","95","true","569","11.08911939960664","105","true","569","9.680289861919048","115","true","569","8.36512348984708","125","true","569","12.072765244497923","135","true"
"570","11.565246260886338","0","true","570","7.44104945890545","85","true","570","8.898449855365914","55","true","570","8.240740023697448","15","true","570","8.004934728126058","5","true","570","8.378685649182566","25","true","570","9.505124032621241","35","true","570","12.13463629044848","45","true","570","8.86859246417543","65","true","570","7.52516647320048","75","true","570","7.240385845389795","95","true","570","11.069938891345565","105","true","570","9.6639426199028","115","true","570","8.350473536274668","125","true","570","12.054368529853859","135","true"
"571","11.573263672369595","0","true","571","7.436918842042681","85","true","571","8.89936550086815","55","true","571","8.241625869011848","15","true","571","8.002942373200446","5","true","571","8.382452292126949","25","true","571","9.507068164379579","35","true","571","12.134224288867523","45","true","571","8.874014131627959","65","true","571","7.524467597910377","75","true","571","7.2323499307157375","95","true","571","11.068583580903509","105","true","571","9.667639883092038","115","true","571","8.347515783877293","125","true","571","12.05685384443978","135","true"
"572","11.555057899430528","0","true","572","7.424393864502859","85","true","572","8.884675349555856","55","true","572","8.227668671928079","15","true","572","7.9905320825383646","5","true","572","8.367985318571133","25","true","572","9.491818319826773","35","true","572","12.11361832910861","45","true","572","8.858934940382143","65","true","572","7.511831820053154","75","true","572","7.219728028567892","95","true","572","11.049266681111355","105","true","572","9.651368845163237","115","true","572","8.333641431151237","125","true","572","12.035812214693813","135","true"
"573","11.570775825811893","0","true","573","7.418494066422719","85","true","573","8.886462013141896","55","true","573","8.227058995037927","15","true","573","7.991119654202467","5","true","573","8.372503106013562","25","true","573","9.489112851110358","35","true","573","12.108764002988778","45","true","573","8.864717710263914","65","true","573","7.509745331294436","75","true","573","7.2117561028244435","95","true","573","11.04795682211352","105","true","573","9.653681802458888","115","true","573","8.330030779691267","125","true","573","12.047307039486181","135","true"
"574","11.550652737419176","0","true","574","7.405592337611549","85","true","574","8.872055090164519","55","true","574","8.212751066350904","15","true","574","7.977932802951928","5","true","574","8.358206379388022","25","true","574","9.473384726967542","35","true","574","12.08770528298358","45","true","574","8.850983097507672","65","true","574","7.497635986365963","75","true","574","7.199669648582574","95","true","574","11.028973925936572","105","true","574","9.637711390181057","115","true","574","8.315889431962976","125","true","574","12.026806293605581","135","true"
"575","11.563593578671627","0","true","575","7.3998827534176925","85","true","575","8.870689608617766","55","true","575","8.212488870970205","15","true","575","7.978793461623526","5","true","575","8.360212615553685","25","true","575","9.473266885185172","35","true","575","12.087322799237647","45","true","575","8.850749757116521","65","true","575","7.49593666594613","75","true","575","7.1913052876268395","95","true","575","11.027287978008893","105","true","575","9.640646490805228","115","true","575","8.311632012499986","125","true","575","12.027597544082541","135","true"
"576","11.54399375423032","0","true","576","7.387057999945564","85","true","576","8.856184843953635","55","true","576","8.199326249379054","15","true","576","7.964965396698702","5","true","576","8.345723512233835","25","true","576","9.456848745002874","35","true","576","12.06675790848261","45","true","576","8.835935530909486","65","true","576","7.482945441221786","75","true","576","7.178842020230605","95","true","576","11.008668904579917","105","true","576","9.623938264651319","115","true","576","8.297227104332743","125","true","576","12.007040369539135","135","true"
"577","11.553692056657894","0","true","577","7.380577545639894","85","true","577","8.852871417091873","55","true","577","8.196752007436997","15","true","577","7.966567017978817","5","true","577","8.349905163694984","25","true","577","9.456765507198696","35","true","577","12.061936768729785","45","true","577","8.838112929039765","65","true","577","7.480785137786317","75","true","577","7.170542635659409","95","true","577","11.003269696343208","105","true","577","9.628969717552904","115","true","577","8.293016704189053","125","true","577","12.012253796790686","135","true"
"578","11.533737493520315","0","true","578","7.367830434162105","85","true","578","8.838375200805526","55","true","578","8.182827473461389","15","true","578","7.953184463192899","5","true","578","8.335830524236732","25","true","578","9.441833525521265","35","true","578","12.041104408162031","45","true","578","8.824102479442947","65","true","578","7.468678464841054","75","true","578","7.159063442553778","95","true","578","10.985169266251072","105","true","578","9.612669547575496","115","true","578","8.278693704699954","125","true","578","11.993077036284458","135","true"
"579","11.545593056986169","0","true","579","7.3618539370738825","85","true","579","8.837093429429071","55","true","579","8.181551794038668","15","true","579","7.950542972887762","5","true","579","8.337522751401691","25","true","579","9.440029006433319","35","true","579","12.03291220790566","45","true","579","8.821896603988403","65","true","579","7.467711433155982","75","true","579","7.150237819993956","95","true","579","10.984751684984934","105","true","579","9.618054564700845","115","true","579","8.274193587510984","125","true","579","12.002543253364086","135","true"
"580","11.528641849415864","0","true","580","7.349630619990665","85","true","580","8.821883285832808","55","true","580","8.168328870139177","15","true","580","7.937930222869122","5","true","580","8.323724065134622","25","true","580","9.425500786547186","35","true","580","12.01298790193362","45","true","580","8.807467088761872","65","true","580","7.4548582293123395","75","true","580","7.137931042334758","95","true","580","10.965845055578763","105","true","580","9.602376376296428","115","true","580","8.260978568440864","125","true","580","11.982320891110243","135","true"
"581","11.537496643896093","0","true","581","7.34394091707255","85","true","581","8.818083861553145","55","true","581","8.16831505281215","15","true","581","7.938551094847444","5","true","581","8.327596289750327","25","true","581","9.42554808273946","35","true","581","12.010302488848163","45","true","581","8.811964881258362","65","true","581","7.454228640363586","75","true","581","7.12917205834081","95","true","581","10.962228291884546","105","true","581","9.605755740846215","115","true","581","8.25549983933242","125","true","581","11.985084686817233","135","true"
"582","11.518942830635227","0","true","582","7.331344105894038","85","true","582","8.803532470459169","55","true","582","8.155237089469617","15","true","582","7.925531425244077","5","true","582","8.31347453110291","25","true","582","9.409630155753032","35","true","582","11.989701626946195","45","true","582","8.798419478298047","65","true","582","7.442777246806507","75","true","582","7.116943632854805","95","true","582","10.944176580697055","105","true","582","9.589840900786335","115","true","582","8.241339462249519","125","true","582","11.964527080150308","135","true"
"583","11.530062075675374","0","true","583","7.32547155755884","85","true","583","8.802232526099512","55","true","583","8.155955197270563","15","true","583","7.924055822923537","5","true","583","8.317430780544813","25","true","583","9.407419413273075","35","true","583","11.98743030714352","45","true","583","8.813804184307262","65","true","583","7.440688557642745","75","true","583","7.1079380922344715","95","true","583","10.942373852431853","105","true","583","9.592978553825803","115","true","583","8.236247011652361","125","true","583","11.968447048858794","135","true"
"584","11.510352567853706","0","true","584","7.312949383956175","85","true","584","8.787185974772846","55","true","584","8.142145169966522","15","true","584","7.910510428354438","5","true","584","8.304044117195279","25","true","584","9.391575404127305","35","true","584","11.967604875546101","45","true","584","8.798737852368276","65","true","584","7.427969431903185","75","true","584","7.096235710732788","95","true","584","10.924168259946672","105","true","584","9.576933804586242","115","true","584","8.22250771049727","125","true","584","11.94855420598591","135","true"
"585","11.520905803657264","0","true","585","7.306684400649789","85","true","585","8.786894641529166","55","true","585","8.140065968808043","15","true","585","7.912199263547427","5","true","585","8.307737617073627","25","true","585","9.387346431491267","35","true","585","11.964541096535987","45","true","585","8.802766253882035","65","true","585","7.426039460066514","75","true","585","7.086849067876298","95","true","585","10.923712095970258","105","true","585","9.581089056035347","115","true","585","8.217125602591278","125","true","585","11.958790800483467","135","true"
"586","11.501279047603333","0","true","586","7.294236897411884","85","true","586","8.772705592737816","55","true","586","8.126198735471062","15","true","586","7.899353607900706","5","true","586","8.29358474208713","25","true","586","9.37326120740655","35","true","586","11.94520759499554","45","true","586","8.788023570318211","65","true","586","7.413623210248586","75","true","586","7.074776071167821","95","true","586","10.905102705687515","105","true","586","9.565488823281598","115","true","586","8.203127092195041","125","true","586","11.940404918814755","135","true"
"587","11.513313754417872","0","true","587","7.287274620066646","85","true","587","8.773418098465978","55","true","587","8.126568731742315","15","true","587","7.899017727004523","5","true","587","8.297616187158237","25","true","587","9.373088782995984","35","true","587","11.939738268371176","45","true","587","8.794826937876858","65","true","587","7.411297426594226","75","true","587","7.065768216359895","95","true","587","10.900645881752904","105","true","587","9.570023507363496","115","true","587","8.197464635220905","125","true","587","11.951465511301262","135","true"
"588","11.493766532423953","0","true","588","7.2749023371802854","85","true","588","8.758522651779279","55","true","588","8.113013213761846","15","true","588","7.886636937716963","5","true","588","8.283725666837952","25","true","588","9.35717521969718","35","true","588","11.919656277520598","45","true","588","8.779895143415267","65","true","588","7.398839160370308","75","true","588","7.053772005466245","95","true","588","10.882339225727417","105","true","588","9.553954719963132","115","true","588","8.183547038217133","125","true","588","11.931174398378849","135","true"
"589","11.502061407952171","0","true","589","7.267689406409023","85","true","589","8.759193515563165","55","true","589","8.111695305554582","15","true","589","7.885619447198779","5","true","589","8.291342896746634","25","true","589","9.353610158674089","35","true","589","11.917438945644925","45","true","589","8.784057460219417","65","true","589","7.396421947896423","75","true","589","7.044830285870721","95","true","589","10.879971061393263","105","true","589","9.554978908889058","115","true","589","8.177936962544567","125","true","589","11.940582311338424","135","true"
"590","11.48388116421522","0","true","590","7.2553921316096845","85","true","590","8.745838043527277","55","true","590","8.098473469515355","15","true","590","7.87227660549455","5","true","590","8.277833989540376","25","true","590","9.338071386643053","35","true","590","11.897274074332495","45","true","590","8.76968838581681","65","true","590","7.384278839168148","75","true","590","7.032910099261803","95","true","590","10.862677070937103","105","true","590","9.539064662340062","115","true","590","8.164772114336959","125","true","590","11.921462171382954","135","true"
"591","11.49412304377443","0","true","591","7.248236525276113","85","true","591","8.744615555556743","55","true","591","8.096987479128064","15","true","591","7.871766527443067","5","true","591","8.283558052192081","25","true","591","9.340576810201183","35","true","591","11.892251560607452","45","true","591","8.772176999605888","65","true","591","7.381275619917042","75","true","591","7.023725560237425","95","true","591","10.862303058381636","105","true","591","9.5412917723129","115","true","591","8.15887060874811","125","true","591","11.929417914227734","135","true"
"592","11.475704028193585","0","true","592","7.23601352944934","85","true","592","8.730167489578683","55","true","592","8.083723677163407","15","true","592","7.858492047632876","5","true","592","8.269589151598165","25","true","592","9.326366688245505","35","true","592","11.874114896997867","45","true","592","8.757384121023078","65","true","592","7.369255102128463","75","true","592","7.0118811663753045","95","true","592","10.844251893821085","105","true","592","9.525684646845914","115","true","592","8.145111973657473","125","true","592","11.909300851977772","135","true"
"593","11.488122099667306","0","true","593","7.229219597275877","85","true","593","8.728418073072929","55","true","593","8.085078806027202","15","true","593","7.858072268962267","5","true","593","8.273174497158246","25","true","593","9.32595608058285","35","true","593","11.868013627563002","45","true","593","8.763406730814516","65","true","593","7.36586117850741","75","true","593","7.003070183677884","95","true","593","10.839983543743585","105","true","593","9.529357077162338","115","true","593","8.138463810806291","125","true","593","11.91364133090208","135","true"
"594","11.468814331432572","0","true","594","7.217069648372893","85","true","594","8.715112625885697","55","true","594","8.07175783313236","15","true","594","7.846262982837457","5","true","594","8.259270002205039","25","true","594","9.310282204817165","35","true","594","11.84806738617214","45","true","594","8.749807435005916","65","true","594","7.354189368746601","75","true","594","6.991300317822963","95","true","594","10.8217650840062","105","true","594","9.514283856067852","115","true","594","8.12478572036796","125","true","594","11.894017668456648","135","true"
"595","11.480928910890594","0","true","595","7.210330299664904","85","true","595","8.714532226632498","55","true","595","8.069552699256139","15","true","595","7.846921675235533","5","true","595","8.262432940379183","25","true","595","9.307973967509424","35","true","595","11.844288544821447","45","true","595","8.752505322619285","65","true","595","7.350125510913801","75","true","595","6.982247235069619","95","true","595","10.82030467939618","105","true","595","9.519412218720268","115","true","595","8.118051358163886","125","true","595","11.906870856794564","135","true"
"596","11.464614353239796","0","true","596","7.198252694472836","85","true","596","8.699935020222728","55","true","596","8.056160977588853","15","true","596","7.833777752831454","5","true","596","8.249199026633553","25","true","596","9.292382721332691","35","true","596","11.824814543389053","45","true","596","8.740294778597157","65","true","596","7.338059079687445","75","true","596","6.970551678561965","95","true","596","10.803471192660892","105","true","596","9.5038007132643","115","true","596","8.105255197288272","125","true","596","11.88731263047516","135","true"
"597","11.47799398477368","0","true","597","7.192002312927124","85","true","597","8.698410966296313","55","true","597","8.056512350607422","15","true","597","7.833588233659084","5","true","597","8.251543123130313","25","true","597","9.292044324657331","35","true","597","11.822010163756513","45","true","597","8.744744368392524","65","true","597","7.333545934007097","75","true","597","6.961563570398534","95","true","597","10.797849779909951","105","true","597","9.507243581476137","115","true","597","8.097775443666244","125","true","597","11.894644523971811","135","true"
"598","11.458832058254858","0","true","598","7.179995631269482","85","true","598","8.684318872407264","55","true","598","8.043062413461167","15","true","598","7.820510456975179","5","true","598","8.238003063063209","25","true","598","9.278857130778494","35","true","598","11.803043824589604","45","true","598","8.73168465570363","65","true","598","7.322383192911196","75","true","598","6.95024625967546","95","true","598","10.780354968491617","105","true","598","9.491608235685389","115","true","598","8.084256619887169","125","true","598","11.875878754819482","135","true"
"599","11.469084382052595","0","true","599","7.173363001581387","85","true","599","8.683900337159711","55","true","599","8.044169832302932","15","true","599","7.8213084772334245","5","true","599","8.244251054642811","25","true","599","9.277498304435431","35","true","599","11.800712569570974","45","true","599","8.731446383732361","65","true","599","7.316832777498473","75","true","599","6.9413219542373845","95","true","599","10.779927829471797","105","true","599","9.494895821278048","115","true","599","8.076511812929242","125","true","599","11.883683351538819","135","true"
"600","11.45045119314469","0","true","600","7.161427289432333","85","true","600","8.67046589420801","55","true","600","8.03216165774802","15","true","600","7.809295225573743","5","true","600","8.23053349881146","25","true","600","9.262497811128581","35","true","600","11.781670228387139","45","true","600","8.718195911854433","65","true","600","7.304845698263781","75","true","600","6.929772333681249","95","true","600","10.761991177509282","105","true","600","9.479843036069168","115","true","600","8.063073357333687","125","true","600","11.864461139586544","135","true"
"601","11.464076428261635","0","true","601","7.154546634769049","85","true","601","8.671112485999519","55","true","601","8.032272777880987","15","true","601","7.812442614004177","5","true","601","8.238265707150601","25","true","601","9.260640029722232","35","true","601","11.78157374464983","45","true","601","8.720513676525677","65","true","601","7.29915581469163","75","true","601","6.9209116869422935","95","true","601","10.762693805513353","105","true","601","9.480925703426232","115","true","601","8.055389468775212","125","true","601","11.86805679129819","135","true"
"602","11.445064692891382","0","true","602","7.142681714976729","85","true","602","8.656732531628045","55","true","602","8.019807826114233","15","true","602","7.799981283657388","5","true","602","8.224931752035756","25","true","602","9.245282417732643","35","true","602","11.76203547973333","45","true","602","8.709219933915124","65","true","602","7.287293974316984","75","true","602","6.9094342214581435","95","true","602","10.745338618787843","105","true","602","9.465202775228178","115","true","602","8.043282628935092","125","true","602","11.848780942791235","135","true"
"603","11.456174081566093","0","true","603","7.1370160684980615","85","true","603","8.6545559415117","55","true","603","8.018260048989372","15","true","603","7.796930539280884","5","true","603","8.229043819315216","25","true","603","9.243459290227301","35","true","603","11.759579681574563","45","true","603","8.71323913597665","65","true","603","7.281409497073163","75","true","603","6.900334443855652","95","true","603","10.739685902569601","105","true","603","9.468159731656755","115","true","603","8.034729838963564","125","true","603","11.857095563758323","135","true"
"604","11.437238256637883","0","true","604","7.125219347723685","85","true","604","8.64150859589304","55","true","604","8.005191592000893","15","true","604","7.784043050786204","5","true","604","8.216160539183228","25","true","604","9.229944719413819","35","true","604","11.74098782512639","45","true","604","8.69883708781801","65","true","604","7.269374109474695","75","true","604","6.888928932378204","95","true","604","10.72244038590812","105","true","604","9.452509880860628","115","true","604","8.021449293775195","125","true","604","11.83749705869426","135","true"
"605","11.448275277714476","0","true","605","7.118014640005346","85","true","605","8.640566877230011","55","true","605","8.003567265538145","15","true","605","7.78199748839916","5","true","605","8.22272351725297","25","true","605","9.22639195495346","35","true","605","11.738050715354065","45","true","605","8.7051685289133","65","true","605","7.263538623681915","75","true","605","6.87989302415572","95","true","605","10.718621743377016","105","true","605","9.45845518261006","115","true","605","8.01296075943915","125","true","605","11.842780680968458","135","true"
"606","11.43068944159576","0","true","606","7.1062880919987474","85","true","606","8.626332005933092","55","true","606","7.99159373892334","15","true","606","7.769177064200809","5","true","606","8.209177020519439","25","true","606","9.21175274543404","35","true","606","11.71889976520565","45","true","606","8.691997476593231","65","true","606","7.252494191879484","75","true","606","6.869291123557485","95","true","606","10.701437003747234","105","true","606","9.443527141330975","115","true","606","7.999759835617997","125","true","606","11.823270333882842","135","true"
"607","11.436599017970837","0","true","607","7.100589705607982","85","true","607","8.625587903477847","55","true","607","7.990989856136692","15","true","607","7.770326043190989","5","true","607","8.212720087486163","25","true","607","9.207121878917052","35","true","607","11.716486986426053","45","true","607","8.703147428395928","65","true","607","7.245785321826135","75","true","607","6.859886242821047","95","true","607","10.701864949094604","105","true","607","9.452595846736422","115","true","607","7.991014190164594","125","true","607","11.825113287374082","135","true"
"608","11.417819709238536","0","true","608","7.088930280804028","85","true","608","8.611642782242997","55","true","608","7.9788228152088","15","true","608","7.758701519100963","5","true","608","8.199826680151359","25","true","608","9.192003452186484","35","true","608","11.697974295184538","45","true","608","8.688856545919087","65","true","608","7.233887480575189","75","true","608","6.849052349013048","95","true","608","10.684975569520155","105","true","608","9.437250679385958","115","true","608","7.977892656190596","125","true","608","11.805696024176424","135","true"
"609","11.429346700569239","0","true","609","7.082685116235268","85","true","609","8.611069683838709","55","true","609","7.976966064075623","15","true","609","7.75907175675026","5","true","609","8.2043835923196","25","true","609","9.187420144728973","35","true","609","11.696998004303497","45","true","609","8.690096906542777","65","true","609","7.2268064141696815","75","true","609","6.838982729219217","95","true","609","10.682598021159672","105","true","609","9.4437853068719","115","true","609","7.969211532819708","125","true","609","11.809565676563228","135","true"
"610","11.411230440431492","0","true","610","7.071093160234883","85","true","610","8.597507556881368","55","true","610","7.964057020760625","15","true","610","7.746372784971618","5","true","610","8.19181526623923","25","true","610","9.172963122669493","35","true","610","11.677853981383196","45","true","610","8.677758757544403","65","true","610","7.21497858043127","75","true","610","6.827789631462721","95","true","610","10.666350711510464","105","true","610","9.42832902977391","115","true","610","7.956168633420657","125","true","610","11.791071060435927","135","true"
"611","11.42037154932926","0","true","611","7.064472539355636","85","true","611","8.597086961865632","55","true","611","7.964690243488765","15","true","611","7.7471907618733935","5","true","611","8.199119105426657","25","true","611","9.167847180045392","35","true","611","11.677459417062458","45","true","611","8.676220472262694","65","true","611","7.207951551661308","75","true","611","6.817787661925652","95","true","611","10.66432936022091","105","true","611","9.434270475049379","115","true","611","7.9475513765032195","125","true","611","11.794840175509865","135","true"
"612","11.402150600415194","0","true","612","7.053372431969615","85","true","612","8.583062350182328","55","true","612","7.952617971498255","15","true","612","7.734552604023682","5","true","612","8.185743707212259","25","true","612","9.152891475020848","35","true","612","11.659399627570336","45","true","612","8.662066768392771","65","true","612","7.196560433819933","75","true","612","6.806665659214517","95","true","612","10.647934761216918","105","true","612","9.418880148010148","115","true","612","7.934904457595683","125","true","612","11.7778712551239","135","true"
"613","11.411071361163634","0","true","613","7.047520888155555","85","true","613","8.581504008973008","55","true","613","7.952946990950276","15","true","613","7.734581206884814","5","true","613","8.192159640275365","25","true","613","9.147824886684852","35","true","613","11.655262938027374","45","true","613","8.663882812805733","65","true","613","7.1889809780474865","75","true","613","6.796433451019541","95","true","613","10.644166463594132","105","true","613","9.421231815518157","115","true","613","7.926349902127202","125","true","613","11.783642277790346","135","true"
"614","11.392516773584505","0","true","614","7.036061504597578","85","true","614","8.568396835449317","55","true","614","7.940284264928036","15","true","614","7.722004652076871","5","true","614","8.178839055494429","25","true","614","9.132950374673982","35","true","614","11.636311290973671","45","true","614","8.651143614629014","65","true","614","7.177291578083182","75","true","614","6.78580842900772","95","true","614","10.626858875848452","105","true","614","9.406653757628746","115","true","614","7.913461528302605","125","true","614","11.76448188384272","135","true"
"615","11.40341324234387","0","true","615","7.028918257280602","85","true","615","8.567310687138578","55","true","615","7.940338840479612","15","true","615","7.720878231594128","5","true","615","8.184036184570852","25","true","615","9.127633933251888","35","true","615","11.634821650801916","45","true","615","8.656101616403536","65","true","615","7.169768011543336","75","true","615","6.775514161040219","95","true","615","10.624852995478879","105","true","615","9.408462267847197","115","true","615","7.904653014967318","125","true","615","11.774450572415786","135","true"
"616","11.385746515019774","0","true","616","7.017526169343356","85","true","616","8.553951366921018","55","true","616","7.927469571694394","15","true","616","7.70892404202221","5","true","616","8.172377769338658","25","true","616","9.11313855212515","35","true","616","11.615964565468364","45","true","616","8.643049117568557","65","true","616","7.158370819979964","75","true","616","6.76453277666252","95","true","616","10.608178275017318","105","true","616","9.393213544560574","115","true","616","7.8921576131378455","125","true","616","11.757355774417132","135","true"
"617","11.390113146196168","0","true","617","7.010015147136677","85","true","617","8.554632375686495","55","true","617","7.928244005467649","15","true","617","7.7115366332935125","5","true","617","8.17798313437246","25","true","617","9.10702286984654","35","true","617","11.612641794011392","45","true","617","8.643284667174504","65","true","617","7.15067940080944","75","true","617","6.754010951641625","95","true","617","10.60621384568591","105","true","617","9.394069230956374","115","true","617","7.883412078672842","125","true","617","11.766510276394891","135","true"
"618","11.37171231720393","0","true","618","6.998690405380398","85","true","618","8.540812291073108","55","true","618","7.915818133583182","15","true","618","7.699078577343118","5","true","618","8.164771529955056","25","true","618","9.092733982862974","35","true","618","11.594527069407558","45","true","618","8.630431393637318","65","true","618","7.139545935260843","75","true","618","6.743099786937843","95","true","618","10.590018082514936","105","true","618","9.37889302864465","115","true","618","7.870676356413274","125","true","618","11.747501374494414","135","true"
"619","11.382667099686596","0","true","619","6.992073046450858","85","true","619","8.540975245481086","55","true","619","7.9156045573376295","15","true","619","7.698774180680406","5","true","619","8.16958764632782","25","true","619","9.086248033014689","35","true","619","11.593673948489682","45","true","619","8.636153395187625","65","true","619","7.131491844311015","75","true","619","6.732646472626248","95","true","619","10.586724461864279","105","true","619","9.383352803990572","115","true","619","7.861993680538036","125","true","619","11.75731788592627","135","true"
"620","11.365145670749923","0","true","620","6.980813669564464","85","true","620","8.527428785123432","55","true","620","7.9035730856853075","15","true","620","7.686376798746943","5","true","620","8.156432110665456","25","true","620","9.072186731297093","35","true","620","11.576573628842723","45","true","620","8.622246545920012","65","true","620","7.120660988354005","75","true","620","6.721804851897382","95","true","620","10.569676596386236","105","true","620","9.369704071299537","115","true","620","7.849333465271469","125","true","620","11.73985776692957","135","true"
"621","11.375825915862368","0","true","621","6.974119380374837","85","true","621","8.526346016713852","55","true","621","7.903907920795064","15","true","621","7.685793490544175","5","true","621","8.161840359550325","25","true","621","9.065185250074009","35","true","621","11.575027526568382","45","true","621","8.626075532451065","65","true","621","7.112011178487456","75","true","621","6.711419385758881","95","true","621","10.568763065136677","105","true","621","9.371680647721005","115","true","621","7.8407130212979865","125","true","621","11.746535735476268","135","true"
"622","11.358547289386525","0","true","622","6.962924967244219","85","true","622","8.512928625718937","55","true","622","7.8912210701998875","15","true","622","7.674022010218749","5","true","622","8.150161178104508","25","true","622","9.051749272855675","35","true","622","11.55688807713489","45","true","622","8.612584376745323","65","true","622","7.10059543020738","75","true","622","6.700646641961515","95","true","622","10.551935782504607","105","true","622","9.356637821641197","115","true","622","7.8281276071386","125","true","622","11.729033604475768","135","true"
"623","11.371221152895782","0","true","623","6.956533885477023","85","true","623","8.512173442537033","55","true","623","7.8895183315041315","15","true","623","7.672291743923739","5","true","623","8.155787633902648","25","true","623","9.043689889353482","35","true","623","11.555035644681642","45","true","623","8.61260384512091","65","true","623","7.092005500433587","75","true","623","6.6903283699611755","95","true","623","10.551478624266744","105","true","623","9.360370446656095","115","true","623","7.819568776540246","125","true","623","11.738773005569604","135","true"
"624","11.353027199051148","0","true","624","6.945403431260259","85","true","624","8.500718424621832","55","true","624","7.877122891999718","15","true","624","7.660500443032064","5","true","624","8.142738373688404","25","true","624","9.029786672996735","35","true","624","11.537742626228964","45","true","624","8.599703006457808","65","true","624","7.0806582916328935","75","true","624","6.679623844569237","95","true","624","10.535323312211542","105","true","624","9.345393853941445","115","true","624","7.8079534264321815","125","true","624","11.72138980184486","135","true"
"625","11.364255103672535","0","true","625","6.938519114528758","85","true","625","8.500149135001053","55","true","625","7.877899568569398","15","true","625","7.6618520901598055","5","true","625","8.149811912646285","25","true","625","9.02122234013428","35","true","625","11.538883749374552","45","true","625","8.601697501547354","65","true","625","7.072127654188369","75","true","625","6.6693721210375765","95","true","625","10.533201548769975","105","true","625","9.346344244899342","115","true","625","7.798559638777761","125","true","625","11.727860495130608","135","true"
"626","11.34613029489475","0","true","626","6.927452895845299","85","true","626","8.487125967088396","55","true","626","7.866808951330464","15","true","626","7.649632230366887","5","true","626","8.137107903145377","25","true","626","9.006834425716203","35","true","626","11.521461191703162","45","true","626","8.591701015427267","65","true","626","7.060848343735118","75","true","626","6.658735163906735","95","true","626","10.517357496610394","105","true","626","9.332141084637094","115","true","626","7.786121744617032","125","true","626","11.711401379867453","135","true"
"627","11.354957480450784","0","true","627","6.92144745266846","85","true","627","8.485958070223852","55","true","627","7.868094391865465","15","true","627","7.647887814780038","5","true","627","8.141321836697198","25","true","627","8.998333915963629","35","true","627","11.522568865401812","45","true","627","8.590374606650569","65","true","627","7.052376418428789","75","true","627","6.648549351406485","95","true","627","10.516027686159898","105","true","627","9.334648325242258","115","true","627","7.776482143540544","125","true","627","11.720349079902011","135","true"
"628","11.338623581863768","0","true","628","6.910443561646729","85","true","628","8.472998872741405","55","true","628","7.85558549776075","15","true","628","7.6357290106229945","5","true","628","8.129026154021938","25","true","628","8.984613142736515","35","true","628","11.504249995981459","45","true","628","8.576717413317262","65","true","628","7.04163008411898","75","true","628","6.637979320641133","95","true","628","10.49930904118985","105","true","628","9.320999949757091","115","true","628","7.764118896889445","125","true","628","11.701715774528557","135","true"
"629","11.342808215369748","0","true","629","6.903783783346954","85","true","629","8.471060386364842","55","true","629","7.854948867446007","15","true","629","7.634678696406465","5","true","629","8.13433275319754","25","true","629","8.975590815121047","35","true","629","11.504867458509327","45","true","629","8.584462285886378","65","true","629","7.032750587340699","75","true","629","6.6278587898365435","95","true","629","10.495717078980446","105","true","629","9.322692726759863","115","true","629","7.75454482287626","125","true","629","11.70641827542559","135","true"
"630","11.324832291098163","0","true","630","6.892842763088084","85","true","630","8.457635568002933","55","true","630","7.842500454026917","15","true","630","7.624021893562313","5","true","630","8.121441576092632","25","true","630","8.961927722967744","35","true","630","11.486634705009312","45","true","630","8.571947849970135","65","true","630","7.021605182289446","75","true","630","6.617355051659306","95","true","630","10.48013778981922","105","true","630","9.30791825334186","115","true","630","7.742255528386758","125","true","630","11.687866107001778","135","true"
"631","11.334507336607315","0","true","631","6.886016011230792","85","true","631","8.455727525103415","55","true","631","7.843654674775298","15","true","631","7.6234115417159","5","true","631","8.127484788530055","25","true","631","8.952118317236069","35","true","631","11.483703748528137","45","true","631","8.577460167070265","65","true","631","7.012785470155764","75","true","631","6.607299181187931","95","true","631","10.48006244125134","105","true","631","9.313485942174445","115","true","631","7.732746346013649","125","true","631","11.695922422513298","135","true"
"632","11.31660132185754","0","true","632","6.875137628906573","85","true","632","8.442369345758859","55","true","632","7.832249381257509","15","true","632","7.611368237542573","5","true","632","8.115167574711565","25","true","632","8.939385654982662","35","true","632","11.466169893326688","45","true","632","8.563909677074895","65","true","632","7.001706820123922","75","true","632","6.5968611098116465","95","true","632","10.46443905689915","105","true","632","9.299135618366261","115","true","632","7.720530317031005","125","true","632","11.679665058635425","135","true"
"633","11.323118284754392","0","true","633","6.869342035759335","85","true","633","8.44049140113701","55","true","633","7.8333603158865674","15","true","633","7.612532603233069","5","true","633","8.122655657039715","25","true","633","8.928235267813479","35","true","633","11.46345356435096","45","true","633","8.572027386080006","65","true","633","6.992946315855276","75","true","633","6.586869286158551","95","true","633","10.466390617847171","105","true","633","9.304867324353769","115","true","633","7.711085398973515","125","true","633","11.68755712892889","135","true"
"634","11.305854022505024","0","true","634","6.858524174285698","85","true","634","8.428597405813615","55","true","634","7.821275492608058","15","true","634","7.600544362913016","5","true","634","8.109864073327842","25","true","634","8.914175054793299","35","true","634","11.445400881572453","45","true","634","8.55961540473723","65","true","634","6.98193380197204","75","true","634","6.576496263660664","95","true","634","10.449908112937177","105","true","634","9.290542405313182","115","true","634","7.699382882564896","125","true","634","11.66915152715105","135","true"
"635","11.31005070280082","0","true","635","6.851385345202788","85","true","635","8.42535110184964","55","true","635","7.822254252305759","15","true","635","7.599924135771054","5","true","635","8.116017386226977","25","true","635","8.903099371043186","35","true","635","11.443472175385168","45","true","635","8.561441344666479","65","true","635","6.973231936110137","75","true","635","6.566567881035017","95","true","635","10.447248381652402","105","true","635","9.293517161175677","115","true","635","7.689560684304703","125","true","635","11.67131372644903","135","true"
"636","11.292295521163771","0","true","636","6.840629638224447","85","true","636","8.412124491014712","55","true","636","7.809974418314699","15","true","636","7.588872950154107","5","true","636","8.104104815981975","25","true","636","8.889411591462355","35","true","636","11.425507540886917","45","true","636","8.548001091378149","65","true","636","6.962284947199446","75","true","636","6.556259297234335","95","true","636","10.431107677939643","105","true","636","9.27892765228843","115","true","636","7.67748916046749","125","true","636","11.655696785003485","135","true"
"637","11.300186753026457","0","true","637","6.833417470769716","85","true","637","8.408914183167862","55","true","637","7.808453678373199","15","true","637","7.591131723703462","5","true","637","8.109596143360193","25","true","637","8.878121066102175","35","true","637","11.425397243900779","45","true","637","8.548615729338158","65","true","637","6.953641157491927","75","true","637","6.546393757448309","95","true","637","10.427642316093031","105","true","637","9.282249362335625","115","true","637","7.667732068976291","125","true","637","11.661386655813306","135","true"
"638","11.283066447867427","0","true","638","6.822723546715304","85","true","638","8.396016526272268","55","true","638","7.796953114835444","15","true","638","7.579779271389152","5","true","638","8.096905069583416","25","true","638","8.864227292915785","35","true","638","11.408411706117148","45","true","638","8.53789240020429","65","true","638","6.942988301328057","75","true","638","6.53614900978407","95","true","638","10.411323627022464","105","true","638","9.267723150500984","115","true","638","7.655732488273667","125","true","638","11.643137224427056","135","true"
"639","11.28653860817205","0","true","639","6.81649810726888","85","true","639","8.392579995227846","55","true","639","7.797424303265267","15","true","639","7.579788470004096","5","true","639","8.103134396251813","25","true","639","8.853011400913834","35","true","639","11.406059907791747","45","true","639","8.540218096176242","65","true","639","6.934172821240081","75","true","639","6.526345722134017","95","true","639","10.407887269090201","105","true","639","9.269914138925902","115","true","639","7.646039882493682","125","true","639","11.652843044661939","135","true"
"640","11.26893090363512","0","true","640","6.805863944855044","85","true","640","8.379687707190639","55","true","640","7.785685014070779","15","true","640","7.568153260085427","5","true","640","8.090632037456384","25","true","640","8.8392001506784","35","true","640","11.389315113337023","45","true","640","8.52689482301528","65","true","640","6.923355078929254","75","true","640","6.516164215547224","95","true","640","10.391650315472276","105","true","640","9.255452494403396","115","true","640","7.6341115831450175","125","true","640","11.634663882345773","135","true"
"641","11.278847857854712","0","true","641","6.799279009721749","85","true","641","8.375886620311974","55","true","641","7.786323818999066","15","true","641","7.568494364271926","5","true","641","8.094881521127139","25","true","641","8.82805818223757","35","true","641","11.383999229933536","45","true","641","8.52871807033453","65","true","641","6.914369502445321","75","true","641","6.506422596697072","95","true","641","10.388596277574644","105","true","641","9.256311524349178","115","true","641","7.624482849820932","125","true","641","11.641337588171933","135","true"
"642","11.262987962693535","0","true","642","6.788704703330269","85","true","642","8.36332059880334","55","true","642","7.774878585363854","15","true","642","7.557037722807268","5","true","642","8.083291899537105","25","true","642","8.814614831686741","35","true","642","11.366294721022287","45","true","642","8.516277623382283","65","true","642","6.903616206174021","75","true","642","6.496303743514028","95","true","642","10.372826054868725","105","true","642","9.241916016535258","115","true","642","7.612625178203793","125","true","642","11.623232864084573","135","true"
"643","11.271049647427247","0","true","643","6.782448143582172","85","true","643","8.359097205235052","55","true","643","7.774906262715661","15","true","643","7.555037531742599","5","true","643","8.090777273636885","25","true","643","8.803259952497184","35","true","643","11.363825521611064","45","true","643","8.520990767318926","65","true","643","6.894689185630652","75","true","643","6.486623217380854","95","true","643","10.370121677323452","105","true","643","9.244891912279154","115","true","643","7.603059711761057","125","true","643","11.627934939412489","135","true"
"644","11.25357515184984","0","true","644","6.7719327201037505","85","true","644","8.347513805491714","55","true","644","7.762852144478893","15","true","644","7.544620987936175","5","true","644","8.078233432902564","25","true","644","8.789611487454552","35","true","644","11.347159922094825","45","true","644","8.509187596294465","65","true","644","6.8843887534624875","75","true","644","6.476566437198868","95","true","644","10.354315018562586","105","true","644","9.230778392186968","115","true","644","7.591272022285459","125","true","644","11.61093390529936","135","true"
"645","11.25911359073354","0","true","645","6.765038441709711","85","true","645","8.341953645994117","55","true","645","7.76348609927888","15","true","645","7.546415264932992","5","true","645","8.086529037486793","25","true","645","8.778330467556964","35","true","645","11.346665763992984","45","true","645","8.511672651259536","65","true","645","6.875130728362823","75","true","645","6.466946434840588","95","true","645","10.351365797898424","105","true","645","9.234429843503937","115","true","645","7.5817692247108415","125","true","645","11.61833795039647","135","true"
"646","11.243213188549744","0","true","646","6.754582431753437","85","true","646","8.329060363697373","55","true","646","7.752014536942396","15","true","646","7.53546053882659","5","true","646","8.074418311679318","25","true","646","8.765047087820484","35","true","646","11.329882841044558","45","true","646","8.500580114717716","65","true","646","6.8645045603128025","75","true","646","6.456951154415795","95","true","646","10.335583763605879","105","true","646","9.220726562936825","115","true","646","7.570050879695832","125","true","646","11.600380704723522","135","true"
"647","11.24965307392","0","true","647","6.747947258673893","85","true","647","8.323545842719513","55","true","647","7.7532460324057375","15","true","647","7.53650000897173","5","true","647","8.082142704755421","25","true","647","8.753554868326251","35","true","647","11.327743975556343","45","true","647","8.502342177788965","65","true","647","6.8553057948479355","75","true","647","6.44739111392094","95","true","647","10.333036915007394","105","true","647","9.223255686336202","115","true","647","7.560610160420194","125","true","647","11.610399264102023","135","true"
"648","11.232319247920122","0","true","648","6.737549805270698","85","true","648","8.311434441139273","55","true","648","7.741518948598094","15","true","648","7.524887528218307","5","true","648","8.070603496217291","25","true","648","8.74006711043977","35","true","648","11.310669822733926","45","true","648","8.489608076829885","65","true","648","6.844742919971437","75","true","648","6.437860534259659","95","true","648","10.317115440562082","105","true","648","9.20957943877212","115","true","648","7.548960529972706","125","true","648","11.593019810641499","135","true"
"649","11.23776015971045","0","true","649","6.730750849997288","85","true","649","8.305053436136786","55","true","649","7.74082603506339","15","true","649","7.527073855906758","5","true","649","8.078030293048853","25","true","649","8.728648682355336","35","true","649","11.309576608756442","45","true","649","8.491477711756778","65","true","649","6.83560286092391","75","true","649","6.427956133437721","95","true","649","10.315771773685102","105","true","649","9.210442774824381","115","true","649","7.539581305755951","125","true","649","11.597376790112737","135","true"
"650","11.222158278158233","0","true","650","6.720411754989612","85","true","650","8.292810071186908","55","true","650","7.729425373055715","15","true","650","7.516611037288775","5","true","650","8.065621644365214","25","true","650","8.715240619863238","35","true","650","11.292203987237615","45","true","650","8.479165976435576","65","true","650","6.825327689200185","75","true","650","6.418082160882517","95","true","650","10.300877383503284","105","true","650","9.196850563132985","115","true","650","7.527999767651871","125","true","650","11.581471958742483","135","true"
"651","11.230923149719244","0","true","651","6.712672887483546","85","true","651","8.285963979568152","55","true","651","7.729015873548493","15","true","651","7.514967712144448","5","true","651","8.073976151336439","25","true","651","8.703895295071359","35","true","651","11.291232224051706","45","true","651","8.48583329605579","65","true","651","6.816020803895123","75","true","651","6.4082384765866856","95","true","651","10.295575299617255","105","true","651","9.19813588766833","115","true","651","7.518681462470016","125","true","651","11.590218087023665","135","true"
"652","11.213724186243411","0","true","652","6.702393143398578","85","true","652","8.273274907623943","55","true","652","7.717179708351634","15","true","652","7.503459338925237","5","true","652","8.06161171618891","25","true","652","8.690826842687379","35","true","652","11.27515274820904","45","true","652","8.473104546634694","65","true","652","6.805582793475681","75","true","652","6.398424941400489","95","true","652","10.279808721823049","105","true","652","9.184382392562673","115","true","652","7.507167402037443","125","true","652","11.572468901591776","135","true"
"653","11.218331617930984","0","true","653","6.695568791194768","85","true","653","8.266479622345862","55","true","653","7.716669237156623","15","true","653","7.502969231832409","5","true","653","8.068945878036217","25","true","653","8.679293304651504","35","true","653","11.273947049006205","45","true","653","8.4819291116685","65","true","653","6.796334560565626","75","true","653","6.388641417025258","95","true","653","10.279355486760922","105","true","653","9.189141080586142","115","true","653","7.497481331559683","125","true","653","11.576548734421626","135","true"
"654","11.201204394086815","0","true","654","6.685346548765462","85","true","654","8.254507223156995","55","true","654","7.70488806274875","15","true","654","7.49151431697465","5","true","654","8.057257840805214","25","true","654","8.666042475178752","35","true","654","11.256734916106959","45","true","654","8.469897772711565","65","true","654","6.7859584772670525","75","true","654","6.3788877660068986","95","true","654","10.26387614954544","105","true","654","9.175111857562346","115","true","654","7.486034795175623","125","true","654","11.560525293338387","135","true"
"655","11.206166972115147","0","true","655","6.6789654923097705","85","true","655","8.247114072179805","55","true","655","7.70394633082733","15","true","655","7.492297246730381","5","true","655","8.06415857510648","25","true","655","8.654581881416629","35","true","655","11.250135423518358","45","true","655","8.476667973345547","65","true","655","6.776768355305212","75","true","655","6.369163851729449","95","true","655","10.262142263944211","105","true","655","9.177776876733194","115","true","655","7.476410469740268","125","true","655","11.566427467724774","135","true"
"656","11.190207240822447","0","true","656","6.668799639201231","85","true","656","8.234561387138436","55","true","656","7.693147755818522","15","true","656","7.481376224755242","5","true","656","8.051999681183966","25","true","656","8.641668051898996","35","true","656","11.233011929723048","45","true","656","8.465373008849681","65","true","656","6.766453639391505","75","true","656","6.359469538408704","95","true","656","10.247396514474396","105","true","656","9.16489941204463","115","true","656","7.465030849542794","125","true","656","11.548822555292924","135","true"
"657","11.196184039146601","0","true","657","6.661792530579087","85","true","657","8.227221020565459","55","true","657","7.693636799909653","15","true","657","7.480454992118573","5","true","657","8.058543194075721","25","true","657","8.630020679599594","35","true","657","11.228826522432204","45","true","657","8.47419644714598","65","true","657","6.7573210935418215","75","true","657","6.349804691085895","95","true","657","10.245705161730825","105","true","657","9.163101723913323","115","true","657","7.455467698266259","125","true","657","11.557503943359027","135","true"
"658","11.17974113735185","0","true","658","6.651683588954536","85","true","658","8.214736618409821","55","true","658","7.6823843913664085","15","true","658","7.469851597959522","5","true","658","8.046541286257549","25","true","658","8.616925048826301","35","true","658","11.211787331958103","45","true","658","8.46133727196063","65","true","658","6.747067192034171","75","true","658","6.3401691756214245","95","true","658","10.230289408408652","105","true","658","9.149600560587405","115","true","658","7.444154393716537","125","true","658","11.539966001108104","135","true"
"659","11.186801597207683","0","true","659","6.644604007896092","85","true","659","8.20744853290029","55","true","659","7.683076710247289","15","true","659","7.470357091826229","5","true","659","8.051424202062474","25","true","659","8.605350460993069","35","true","659","11.207441849901436","45","true","659","8.46563833569969","65","true","659","6.737991693970937","75","true","659","6.330562858688665","95","true","659","10.230088868942438","105","true","659","9.153998231053857","115","true","659","7.434429312130336","125","true","659","11.547822537861965","135","true"
"660","11.170257161909346","0","true","660","6.634551656900787","85","true","660","8.195031818024496","55","true","660","7.671453296162195","15","true","660","7.459293463375691","5","true","660","8.039697186750022","25","true","660","8.592589258916426","35","true","660","11.191558347544904","45","true","660","8.453526105417291","65","true","660","6.727956070180339","75","true","660","6.320985607767804","95","true","660","10.215114071240126","105","true","660","9.141241430103882","115","true","660","7.42318206657492","125","true","660","11.532241591001231","135","true"
"661","11.174583107400673","0","true","661","6.627912253796868","85","true","661","8.187795516459687","55","true","661","7.671513920689112","15","true","661","7.457652826443703","5","true","661","8.047432690289254","25","true","661","8.580829307151538","35","true","661","11.187265163073183","45","true","661","8.460428246126916","65","true","661","6.718779088355163","75","true","661","6.3114372911397565","95","true","661","10.213143164635081","105","true","661","9.146163995793316","115","true","661","7.413518046152336","125","true","661","11.540960964304888","135","true"
"662","11.158650465642017","0","true","662","6.617915402735334","85","true","662","8.175950610482772","55","true","662","7.661250639157267","15","true","662","7.4471521584688745","5","true","662","8.035868495625182","25","true","662","8.5678868798406","35","true","662","11.17039145996146","45","true","662","8.448091744471295","65","true","662","6.7086451832445215","75","true","662","6.301917777880119","95","true","662","10.198168651290121","105","true","662","9.132870961923638","115","true","662","7.402336269310477","125","true","662","11.523553783363251","135","true"
"663","11.16185304475224","0","true","663","6.612104506384161","85","true","663","8.1680089166439","55","true","663","7.66194072753527","15","true","663","7.447585917863456","5","true","663","8.041690503894516","25","true","663","8.556199551995297","35","true","663","11.16992584825732","45","true","663","8.45119842616145","65","true","663","6.699524925591915","75","true","663","6.2924269378531905","95","true","663","10.197719958101521","105","true","663","9.13554747040085","115","true","663","7.39273275165613","125","true","663","11.529970700101002","135","true"
"664","11.145068303331561","0","true","664","6.602161492088846","85","true","664","8.155726196468496","55","true","664","7.650419012155518","15","true","664","7.437128954520748","5","true","664","8.02982359491275","25","true","664","8.543333086503576","35","true","664","11.153128967282496","45","true","664","8.439572076506808","65","true","664","6.689450452019596","75","true","664","6.282964641706044","95","true","664","10.182590135109711","105","true","664","9.122659592439208","115","true","664","7.381615860300256","125","true","664","11.513332522780631","135","true"
"665","11.14888550436582","0","true","665","6.595543957663014","85","true","665","8.147587500189399","55","true","665","7.650187309309945","15","true","665","7.435665722925778","5","true","665","8.036438460855797","25","true","665","8.531717723296453","35","true","665","11.147427445786827","45","true","665","8.443861666775977","65","true","665","6.680386403445864","75","true","665","6.2735307608626405","95","true","665","10.18097432047248","105","true","665","9.12552613097775","115","true","665","7.372072293763505","125","true","665","11.52453659394455","135","true"
"666","11.132710731130496","0","true","666","6.585655585912394","85","true","666","8.135372226575921","55","true","666","7.638717763119074","15","true","666","7.4245177983037","5","true","666","8.024606051092157","25","true","666","8.518926542302005","35","true","666","11.131518228595866","45","true","666","8.431202204007198","65","true","666","6.670370831626604","75","true","666","6.264125167518019","95","true","666","10.165842579443506","105","true","666","9.111844682505518","115","true","666","7.361019711613935","125","true","666","11.50760416988183","135","true"
"667","11.13307230294394","0","true","667","6.578488459966575","85","true","667","8.127288367665761","55","true","667","7.637927067182861","15","true","667","7.4243607508178355","5","true","667","8.03328729906452","25","true","667","8.507382492374248","35","true","667","11.132088351261796","45","true","667","8.431773824185196","65","true","667","6.661362483228831","75","true","667","6.254747734632513","95","true","667","10.16433520255001","105","true","667","9.112363520909811","115","true","667","7.351535551187603","125","true","667","11.50990462813151","135","true"
"668","11.117508104453458","0","true","668","6.568655143882918","85","true","668","8.11558230850671","55","true","668","7.627996301492856","15","true","668","7.4141281356606115","5","true","668","8.021408253713265","25","true","668","8.495390142930244","35","true","668","11.11544845836006","45","true","668","8.420638475786822","65","true","668","6.651405289681404","75","true","668","6.245398335926037","95","true","668","10.149540904712259","105","true","668","9.100618158738273","115","true","668","7.340546708809146","125","true","668","11.492699987431761","135","true"
"669","11.121548162769795","0","true","669","6.561331132937712","85","true","669","8.107110423993012","55","true","669","7.628600401579883","15","true","669","7.415427454201708","5","true","669","8.030825292800204","25","true","669","8.483192546412772","35","true","669","11.11409822740446","45","true","669","8.422592971095558","65","true","669","6.6424521386548845","75","true","669","6.236076845872416","95","true","669","10.146286838089344","105","true","669","9.103362227859604","115","true","669","7.331121416030064","125","true","669","11.49600878200893","135","true"
"670","11.104973575343909","0","true","670","6.551552696077895","85","true","670","8.09502829221359","55","true","670","7.61723139949109","15","true","670","7.404376146520335","5","true","670","8.018856849740889","25","true","670","8.47054993457013","35","true","670","11.097534742713844","45","true","670","8.410407098177053","65","true","670","6.632552806108454","75","true","670","6.226783139693769","95","true","670","10.131678271049186","105","true","670","9.090141910877326","115","true","670","7.320195750730466","125","true","670","11.479635229759712","135","true"
"671","11.10780026193091","0","true","671","6.545136070871308","85","true","671","8.086612207975666","55","true","671","7.615080907799088","15","true","671","7.405021997799887","5","true","671","8.02438065889022","25","true","671","8.45842560501902","35","true","671","11.098470856947447","45","true","671","8.421718915260659","65","true","671","6.623654355655783","75","true","671","6.217517093354939","95","true","671","10.13201564786045","105","true","671","9.09430214008711","115","true","671","7.310828793581797","125","true","671","11.488657902935845","135","true"
"672","11.09273897384159","0","true","672","6.535410757244457","85","true","672","8.074596439464559","55","true","672","7.603948538156561","15","true","672","7.394018993345504","5","true","672","8.013473407765746","25","true","672","8.446097335528815","35","true","672","11.082221576137895","45","true","672","8.409861624597545","65","true","672","6.613812372957929","75","true","672","6.208278583557977","95","true","672","10.11756403264996","105","true","672","9.081088683210746","115","true","672","7.299965749311987","125","true","672","11.471587088815584","135","true"
"673","11.09466914323895","0","true","673","6.52883421184587","85","true","673","8.066235643091954","55","true","673","7.6042832862181555","15","true","673","7.393568391766802","5","true","673","8.022706178361272","25","true","673","8.43380564844066","35","true","673","11.07820290711545","45","true","673","8.410002848005782","65","true","673","6.604968132199703","75","true","673","6.1990674877366745","95","true","673","10.11742802133083","105","true","673","9.08879257515726","115","true","673","7.290656602127287","125","true","673","11.47849935632147","135","true"
"674","11.078232596360078","0","true","674","6.5191618648653575","85","true","674","8.054724086272945","55","true","674","7.593017681349684","15","true","674","7.382906425391995","5","true","674","8.011320214223046","25","true","674","8.421311121554082","35","true","674","11.062184808661758","45","true","674","8.398205268929853","65","true","674","6.595182994226074","75","true","674","6.189883684051139","95","true","674","10.102439239077007","105","true","674","9.075421323695252","115","true","674","7.279855629383395","125","true","674","11.461494172089882","135","true"
"675","11.078495521387193","0","true","675","6.512628813524724","85","true","675","8.045979649598085","55","true","675","7.592132078660355","15","true","675","7.38294929370601","5","true","675","8.019092386034028","25","true","675","8.409092466401061","35","true","675","11.060436493602197","45","true","675","8.400175978977177","65","true","675","6.5863924781131855","75","true","675","6.180727051382425","95","true","675","10.101729495101212","105","true","675","9.07926574843476","115","true","675","7.27060377275239","125","true","675","11.471452151323247","135","true"
"676","11.06266363990273","0","true","676","6.5030089777588085","85","true","676","8.03409489383797","55","true","676","7.581784178186367","15","true","676","7.372345129047996","5","true","676","8.007373998002146","25","true","676","8.396671354929271","35","true","676","11.044472618162922","45","true","676","8.388503983405691","65","true","676","6.57666368567875","75","true","676","6.171597469327207","95","true","676","10.086808181223661","105","true","676","9.065854720741356","115","true","676","7.259864328479491","125","true","676","11.456151474334927","135","true"
"677","11.064763903764277","0","true","677","6.496519022273319","85","true","677","8.025406678499078","55","true","677","7.58148549954398","15","true","677","7.3739140939988586","5","true","677","8.013663000702033","25","true","677","8.384525084845471","35","true","677","11.043483847342538","45","true","677","8.391938546903951","65","true","677","6.56760547385318","75","true","677","6.162494818192505","95","true","677","10.086804924312771","105","true","677","9.0718314012804","115","true","677","7.250669249155515","125","true","677","11.460979483100905","135","true"
"678","11.049529529108971","0","true","678","6.486951247571886","85","true","678","8.014155520047876","55","true","678","7.570319836068952","15","true","678","7.363054132152027","5","true","678","8.002434804619753","25","true","678","8.372414591698588","35","true","678","11.02721951177944","45","true","678","8.379890708660739","65","true","678","6.557933006292277","75","true","678","6.153418978990455","95","true","678","10.07267463009706","105","true","678","9.05847082484258","115","true","678","7.239990796653077","125","true","678","11.444100279149357","135","true"
"679","11.05007736311128","0","true","679","6.480121484629681","85","true","679","8.004708678661117","55","true","679","7.569757985804502","15","true","679","7.364465172648155","5","true","679","8.008774397980247","25","true","679","8.360102217299032","35","true","679","11.024442470267584","45","true","679","8.382574114398942","65","true","679","6.548928981382939","75","true","679","6.144369833433116","95","true","679","10.071479943210516","105","true","679","9.060851825488193","115","true","679","7.230851987462152","125","true","679","11.453506773223493","135","true"
"680","11.033851111476755","0","true","680","6.470605887735951","85","true","680","7.992954334052217","55","true","680","7.558876546080904","15","true","680","7.353650980030463","5","true","680","7.997014083152083","25","true","680","8.34782600258934","35","true","680","11.009269927463365","45","true","680","8.371901804817853","65","true","680","6.539312345580615","75","true","680","6.135347263927341","95","true","680","10.056690692192586","105","true","680","9.048538889457513","115","true","680","7.220233996291136","125","true","680","11.438482419792429","135","true"
"681","11.034927974553478","0","true","681","6.462792196027088","85","true","681","7.983566282795619","55","true","681","7.559418045664411","15","true","681","7.355085650079462","5","true","681","8.004197680105003","25","true","681","8.335585788509297","35","true","681","11.009223574394701","45","true","681","8.379959452519476","65","true","681","6.530362028457978","75","true","681","6.126351153569676","95","true","681","10.053007483015389","105","true","681","9.052903765294623","115","true","681","7.21115095604265","125","true","681","11.442146210908897","135","true"
"682","11.019138811874784","0","true","682","6.453329835564384","85","true","682","7.971877313128275","55","true","682","7.548350083664903","15","true","682","7.344650198181578","5","true","682","7.99247850341378","25","true","682","8.323381416930221","35","true","682","10.993600393132951","45","true","682","8.368331910506084","65","true","682","6.520800737054672","75","true","682","6.117381386141316","95","true","682","10.038726961860615","105","true","682","9.03964914777589","115","true","682","7.200592901934242","125","true","682","11.425393434611811","135","true"
"683","11.022087607780085","0","true","683","6.4460599628946476","85","true","683","7.962547526672024","55","true","683","7.548086969454032","15","true","683","7.346578860009828","5","true","683","8.000119555948281","25","true","683","8.31121273064816","35","true","683","10.992726175085854","45","true","683","8.371623779836655","65","true","683","6.511903654205093","75","true","683","6.108437846103097","95","true","683","10.036502045621742","105","true","683","9.043049001008283","115","true","683","7.191565135333205","125","true","683","11.429906410595231","135","true"
"684","11.00599696893661","0","true","684","6.436649656379473","85","true","684","7.951355391290401","55","true","684","7.537599242939677","15","true","684","7.33629647070245","5","true","684","7.988672391018958","25","true","684","8.29907957337714","35","true","684","10.976678399647772","45","true","684","8.359402431252953","65","true","684","6.5027148868762845","75","true","684","6.099520418590538","95","true","684","10.023828729601881","105","true","684","9.02984746961995","115","true","684","7.181066500099141","125","true","684","11.41421198975397","135","true"
"685","11.003527818841986","0","true","685","6.429574247974099","85","true","685","7.9416513288931725","55","true","685","7.536266737651145","15","true","685","7.338955773022296","5","true","685","7.995467449368887","25","true","685","8.28698178974248","35","true","685","10.974168217728227","45","true","685","8.370873024538168","65","true","685","6.493552908956597","75","true","685","6.09062898940892","95","true","685","10.020711472872248","105","true","685","9.033751155869622","115","true","685","7.171879411591805","125","true","685","11.422732252710636","135","true"
"686","10.98803551016304","0","true","686","6.420215333493787","85","true","686","7.930334968045996","55","true","686","7.525296917072323","15","true","686","7.328273159087766","5","true","686","7.9843632281828025","25","true","686","8.27491922527415","35","true","686","10.958431007618172","45","true","686","8.360301213572642","65","true","686","6.484100866876602","75","true","686","6.081763445028412","95","true","686","10.006125284411008","105","true","686","9.02139925609411","115","true","686","7.161439994689924","125","true","686","11.407484060296387","135","true"
"687","10.988658267071672","0","true","687","6.4131003695891255","85","true","687","7.9204464828597505","55","true","687","7.525604608359343","15","true","687","7.3282900638493365","5","true","687","7.994298268641811","25","true","687","8.262891726400206","35","true","687","10.954469771125616","45","true","687","8.365456159796164","65","true","687","6.474992577875287","75","true","687","6.072923672579242","95","true","687","10.004975167927915","105","true","687","9.02550961264231","115","true","687","7.152308139732622","125","true","687","11.413842632353246","135","true"
"688","10.972709561313948","0","true","688","6.403792531607138","85","true","688","7.908950914669823","55","true","688","7.515498025571559","15","true","688","7.317780891718204","5","true","688","7.982695513534929","25","true","688","8.250899140440263","35","true","688","10.939252341907277","45","true","688","8.355791297726572","65","true","688","6.465594910853697","75","true","688","6.064109559846907","95","true","688","9.990454158975915","105","true","688","9.012410179242249","115","true","688","7.141927431256957","125","true","688","11.397617880319082","135","true"
"689","10.973896849078518","0","true","689","6.396721991948413","85","true","689","7.899122083141184","55","true","689","7.515924768255325","15","true","689","7.318621556262535","5","true","689","7.988066496152837","25","true","689","8.238941315599044","35","true","689","10.938578455361467","45","true","689","8.361115163985883","65","true","689","6.456539842916186","75","true","689","6.055320995267419","95","true","689","9.990518649184999","105","true","689","9.01402435906044","115","true","689","7.132850324521898","125","true","689","11.406737608722349","135","true"
"690","10.958378807133407","0","true","690","6.3874647965910345","85","true","690","7.888118917739042","55","true","690","7.505245924916759","15","true","690","7.308030208134803","5","true","690","7.976620424229058","25","true","690","8.227018100959972","35","true","690","10.922748385237934","45","true","690","8.349015142040896","65","true","690","6.4471960804807065","75","true","690","6.046557867922603","95","true","690","9.97665602392456","105","true","690","9.000979461290454","115","true","690","7.122527820434311","125","true","690","11.391844018470982","135","true"
"691","10.959979200821573","0","true","691","6.380438287010826","85","true","691","7.877920945848738","55","true","691","7.506436023275288","15","true","691","7.307431811666206","5","true","691","7.983769660631729","25","true","691","8.215129346478816","35","true","691","10.920235252653741","45","true","691","8.351686563431123","65","true","691","6.438193771164942","75","true","691","6.037820067535431","95","true","691","9.976773901132368","105","true","691","9.008692286875153","115","true","691","7.1135049822314675","125","true","691","11.393608191982345","135","true"
"692","10.94520379578837","0","true","692","6.371231305355687","85","true","692","7.866553094556026","55","true","692","7.496332436231452","15","true","692","7.297322622169165","5","true","692","7.972757213810903","25","true","692","8.203274902977403","35","true","692","10.904477337426247","45","true","692","8.340263183527997","65","true","692","6.428903448262828","75","true","692","6.029107484465395","95","true","692","9.962949336494706","105","true","692","8.9970136343729","115","true","692","7.103240184277309","125","true","692","11.377167198920322","135","true"
"693","10.946030652708968","0","true","693","6.363695911748966","85","true","693","7.85641558630688","55","true","693","7.495694726447133","15","true","693","7.299852956936854","5","true","693","7.979915809589365","25","true","693","8.191454622137378","35","true","693","10.903678808070334","45","true","693","8.34565547922188","65","true","693","6.419953440461255","75","true","693","6.020420009703917","95","true","693","9.962752880741487","105","true","693","9.000829748903916","115","true","693","7.09427114047297","125","true","693","11.379283465025336","135","true"
"694","10.93079940249846","0","true","694","6.354539514753644","85","true","694","7.845592862950705","55","true","694","7.48522548698937","15","true","694","7.289349571387304","5","true","694","7.969103328127383","25","true","694","8.179668356494016","35","true","694","10.888601618229004","45","true","694","8.334212128599473","65","true","694","6.410716097381455","75","true","694","6.011757534869811","95","true","694","9.948417984510204","105","true","694","8.988425895824658","115","true","694","7.084063556098188","125","true","694","11.363369388980319","135","true"
"695","10.929673288583201","0","true","695","6.346612271475183","85","true","695","7.835033820785378","55","true","695","7.483955075137698","15","true","695","7.290214926063547","5","true","695","7.975119950593765","25","true","695","8.167915959430088","35","true","695","10.885046949538953","45","true","695","8.339613617645185","65","true","695","6.401817939244371","75","true","695","6.003119952204768","95","true","695","9.94757154451936","105","true","695","8.99063864879352","115","true","695","7.075147838034924","125","true","695","11.370180764897462","135","true"
"696","10.913992265213642","0","true","696","6.337506658460154","85","true","696","7.823792739263448","55","true","696","7.4736753620716","15","true","696","7.280214764195664","5","true","696","7.9636778846675185","25","true","696","8.156197285169787","35","true","696","10.869635768522334","45","true","696","8.328549616500496","65","true","696","6.3926331215410075","75","true","696","5.994507154568893","95","true","696","9.933447571591199","105","true","696","8.977739597647474","115","true","696","7.065276736525811","125","true","696","11.355248442023672","135","true"
"697","10.913135796215238","0","true","697","6.330371823156335","85","true","697","7.813295184502158","55","true","697","7.473109503989057","15","true","697","7.282585407600236","5","true","697","7.970791906447367","25","true","697","8.144512188772694","35","true","697","10.867372403750101","45","true","697","8.334266729561003","65","true","697","6.383786366401223","75","true","697","5.9859190354362735","95","true","697","9.93035362545491","105","true","697","8.982803836829447","115","true","697","7.056134124722598","125","true","697","11.362284268111408","135","true"
"698","10.897523298652699","0","true","698","6.321315497229072","85","true","698","7.802117365926333","55","true","698","7.462935994694219","15","true","698","7.272736632855551","5","true","698","7.959858884259287","25","true","698","8.132860526127812","35","true","698","10.851825375990803","45","true","698","8.322900646460289","65","true","698","6.3746536248183885","75","true","698","5.977355488890585","95","true","698","9.917636179038405","105","true","698","8.970654796574154","115","true","698","7.046039512240877","125","true","698","11.346029211933851","135","true"
"699","10.899028038900807","0","true","699","6.314205011562759","85","true","699","7.7916807689977","55","true","699","7.462714464400505","15","true","699","7.274174134795323","5","true","699","7.966760326415395","25","true","699","8.12124215394763","35","true","699","10.851799417077988","45","true","699","8.325292902566865","65","true","699","6.365857831117178","75","true","699","5.968816409620741","95","true","699","9.916486453094036","105","true","699","8.971753484755721","115","true","699","7.036950503934651","125","true","699","11.349378541915426","135","true"
"700","10.883480210029337","0","true","700","6.305197586439275","85","true","700","7.780565675176019","55","true","700","7.453219441388053","15","true","700","7.263797281535986","5","true","700","7.9556939451838256","25","true","700","8.109656929762256","35","true","700","10.837366539321117","45","true","700","8.313416593148082","65","true","700","6.356776721515014","75","true","700","5.960301692916574","95","true","700","9.902340252732989","105","true","700","8.958954977644801","115","true","700","7.027190218032009","125","true","700","11.334418799012637","135","true"
"701","10.881959003674387","0","true","701","6.298646400138596","85","true","701","7.770189512555945","55","true","701","7.453041866694694","15","true","701","7.266186388878383","5","true","701","7.963116806776308","25","true","701","8.09810471191359","35","true","701","10.837201581941034","45","true","701","8.315220914577282","65","true","701","6.348031452729339","75","true","701","5.951811234664556","95","true","701","9.898124074110633","105","true","701","8.959315839555329","115","true","701","7.017876191527263","125","true","701","11.341006847835036","135","true"
"702","10.866479687879686","0","true","702","6.289686732428584","85","true","702","7.759319574932647","55","true","702","7.442440100170234","15","true","702","7.255850419619666","5","true","702","7.951789471347039","25","true","702","8.086585359549561","35","true","702","10.82223818772282","45","true","702","8.303614608880123","65","true","702","6.339001536011374","75","true","702","5.943344931343555","95","true","702","9.884044239012326","105","true","702","8.947434381624273","115","true","702","7.0078934373430135","125","true","702","11.325675160551027","135","true"
"703","10.864564482422256","0","true","703","6.283288351954696","85","true","703","7.74882036552579","55","true","703","7.4416143870816125","15","true","703","7.256209695794033","5","true","703","7.955991625316445","25","true","703","8.075098732618383","35","true","703","10.81672685711633","45","true","703","8.309788053104592","65","true","703","6.330306360582339","75","true","703","5.934902680020623","95","true","703","9.882865808014294","105","true","703","8.949918966374723","115","true","703","6.9986332813406795","125","true","703","11.336138766224561","135","true"
"704","10.849153752659955","0","true","704","6.274375886207243","85","true","704","7.73782913096476","55","true","704","7.431667347564859","15","true","704","7.246755758841827","5","true","704","7.94470653081245","25","true","704","8.063644691862894","35","true","704","10.80159398682905","45","true","704","8.299209425245154","65","true","704","6.321327202624067","75","true","704","5.926484378346835","95","true","704","9.869957200942398","105","true","704","8.937905567333255","115","true","704","6.988706141934522","125","true","704","11.320059136768924","135","true"
"705","10.84814514704101","0","true","705","6.267760739403173","85","true","705","7.72739010408309","55","true","705","7.4306232599187485","15","true","705","7.247603141557596","5","true","705","7.951936421073464","25","true","705","8.052223098814931","35","true","705","10.802421175984383","45","true","705","8.301812845578798","65","true","705","6.312681693886598","75","true","705","5.918089924553143","95","true","705","9.868818611948088","105","true","705","8.944347079638161","115","true","705","6.979499396140988","125","true","705","11.326742918997143","135","true"
"706","10.832801235941941","0","true","706","6.258895448399775","85","true","706","7.716460273667131","55","true","706","7.420113184586473","15","true","706","7.2373519348510085","5","true","706","7.941528775855597","25","true","706","8.040833815789732","35","true","706","10.787341227617684","45","true","706","8.290583406607631","65","true","706","6.303752865465259","75","true","706","5.909719217446279","95","true","706","9.855502549537848","105","true","706","8.931695952227074","115","true","706","6.9696274026528116","125","true","706","11.311049784343618","135","true"
"707","10.831585743086038","0","true","707","6.252035108577199","85","true","707","7.706080917563795","55","true","707","7.4184325826760125","15","true","707","7.238689682954624","5","true","707","7.945979277379684","25","true","707","8.029476705880425","35","true","707","10.786643046263556","45","true","707","8.29686737181101","65","true","707","6.295156601578968","75","true","707","5.901372156404688","95","true","707","9.85537642446912","105","true","707","8.940780338186679","115","true","707","6.960473611987624","125","true","707","11.318283891238952","135","true"
"708","10.816308471234011","0","true","708","6.24321700546214","85","true","708","7.695211974097555","55","true","708","7.408076353407891","15","true","708","7.228479965489244","5","true","708","7.934771972334014","25","true","708","8.018151632952526","35","true","708","10.772340767781012","45","true","708","8.285383720917407","65","true","708","6.286277678304526","75","true","708","5.893048641374498","95","true","708","9.841476034589757","105","true","708","8.9285649272387","115","true","708","6.950656300828261","125","true","708","11.303043573302917","135","true"
"709","10.815153877799345","0","true","709","6.2365717986475255","85","true","709","7.684891782799538","55","true","709","7.405728302789552","15","true","709","7.229019999357749","5","true","709","7.94105133759635","25","true","709","8.006858461638508","35","true","709","10.774266879438452","45","true","709","8.28839827264316","65","true","709","6.277730242185748","75","true","709","5.8847485728655196","95","true","709","9.841634174705947","105","true","709","8.931039460916663","115","true","709","6.941555015350616","125","true","709","11.308519231517785","135","true"
"710","10.799942690910738","0","true","710","6.227800249001046","85","true","710","7.674083214891241","55","true","710","7.395312369874237","15","true","710","7.220274119906634","5","true","710","7.930001127550026","25","true","710","7.995597057332406","35","true","710","10.759113198876653","45","true","710","8.278688469297599","65","true","710","6.2689008044330246","75","true","710","5.876471851947284","95","true","710","9.828644995314713","105","true","710","8.918478223981477","115","true","710","6.9317919281279","125","true","710","11.293462243106923","135","true"
"711","10.799912498680062","0","true","711","6.2205756262062195","85","true","711","7.663821688118227","55","true","711","7.393683844618716","15","true","711","7.221846786366026","5","true","711","7.934918048046243","25","true","711","7.984367286184468","35","true","711","10.758605052376904","45","true","711","8.2853140545836","65","true","711","6.260401783687994","75","true","711","5.868218380245111","95","true","711","9.825647871934624","105","true","711","8.921845615362548","115","true","711","6.922742702964378","125","true","711","11.297540749789631","135","true"
"712","10.784765356325673","0","true","712","6.21185111621154","85","true","712","7.653072990098425","55","true","712","7.384245505055337","15","true","712","7.2117179689938435","5","true","712","7.924499368298819","25","true","712","7.97316901509585","35","true","712","10.743639205713718","45","true","712","8.274025192807041","65","true","712","6.251621416529947","75","true","712","5.859988059936211","95","true","712","9.812843305331615","105","true","712","8.910278071853604","115","true","712","6.91303338641043","125","true","712","11.281695671599183","135","true"
"713","10.78490769113222","0","true","713","6.205114314723872","85","true","713","7.64286963318303","55","true","713","7.382359333194392","15","true","713","7.214294719459878","5","true","713","7.929894067947311","25","true","713","7.962002111713363","35","true","713","10.74312891107514","45","true","713","8.278734571606712","65","true","713","6.243170403389108","75","true","713","5.851780793745824","95","true","713","9.811523631441952","105","true","713","8.911667947436303","115","true","713","6.904035781683945","125","true","713","11.285787734460236","135","true"
"714","10.769823904151615","0","true","714","6.196435833164817","85","true","714","7.632180305024732","55","true","714","7.372668758236688","15","true","714","7.204204796775319","5","true","714","7.918803307013119","25","true","714","7.950866444424253","35","true","714","10.728558745679562","45","true","714","8.268092275682768","65","true","714","6.234438696531221","75","true","714","5.843596484943383","95","true","714","9.797801220768607","105","true","714","8.899204076181146","115","true","714","6.894379787583687","125","true","714","11.270003415950502","135","true"
"715","10.770896079703517","0","true","715","6.189739379283325","85","true","715","7.6220346288340615","55","true","715","7.370147848304908","15","true","715","7.203201762088963","5","true","715","7.924303895195425","25","true","715","7.939761882351035","35","true","715","10.728207507473513","45","true","715","8.26923425209211","65","true","715","6.2260352877846294","75","true","715","5.835435037338714","95","true","715","9.79508999847309","105","true","715","8.901522612545927","115","true","715","6.885433368343626","125","true","715","11.275920944354695","135","true"
"716","10.755873909438938","0","true","716","6.1811065489077555","85","true","716","7.611404176074181","55","true","716","7.360229627715065","15","true","716","7.193554764706145","5","true","716","7.913251867447594","25","true","716","7.928688295346361","35","true","716","10.713244874966577","45","true","716","8.25841974448161","65","true","716","6.217351835500411","75","true","716","5.827296355278269","95","true","716","9.781428785086097","105","true","716","8.88984980213623","115","true","716","6.8758302534644855","125","true","716","11.26157924218845","135","true"
"717","10.75453904800422","0","true","717","6.174087832464","85","true","717","7.601315696932721","55","true","717","7.357210503606205","15","true","717","7.1953040137034145","5","true","717","7.917514226916236","25","true","717","7.91764555398794","35","true","717","10.711484097544208","45","true","717","8.261520916911973","65","true","717","6.208995632434214","75","true","717","5.819180343641391","95","true","717","9.778747089416036","105","true","717","8.891658630867619","115","true","717","6.866934589618016","125","true","717","11.268636606859648","135","true"
"718","10.739930412144695","0","true","718","6.165500784018293","85","true","718","7.5907436305948455","55","true","718","7.347559697925837","15","true","718","7.185515411022353","5","true","718","7.907277383348081","25","true","718","7.906633529573492","35","true","718","10.696802242852794","45","true","718","8.251590435010637","65","true","718","6.20036003350176","75","true","718","5.8110869078366045","95","true","718","9.766248942373721","105","true","718","8.87929192901662","115","true","718","6.857383915640801","125","true","718","11.253284691890597","135","true"
"719","10.740904688799679","0","true","719","6.158020059137348","85","true","719","7.58071187020861","55","true","719","7.343985611259456","15","true","719","7.185050104040313","5","true","719","7.913967901734819","25","true","719","7.895652094115752","35","true","719","10.696504215456311","45","true","719","8.254165690123822","65","true","719","6.1920506418357455","75","true","719","5.803015953797943","95","true","719","9.7630470025","105","true","719","8.88117426662657","115","true","719","6.848538581885327","125","true","719","11.260372199273288","135","true"
"720","10.726007456221593","0","true","720","6.1494791159207915","85","true","720","7.570197706727044","55","true","720","7.334302249192039","15","true","720","7.175084708611686","5","true","720","7.90306506114614","25","true","720","7.884701120337505","35","true","720","10.681887950230466","45","true","720","8.244424550938147","65","true","720","6.183764299799873","75","true","720","5.794967387981302","95","true","720","9.749506021914009","105","true","720","8.870518892271154","115","true","720","6.839039915336249","125","true","720","11.245232913490476","135","true"
"721","10.72469561600763","0","true","721","6.142652455396995","85","true","721","7.560222192109008","55","true","721","7.330254650145347","15","true","721","7.177251981152979","5","true","721","7.907194553493754","25","true","721","7.873780481666677","35","true","721","10.68080344250039","45","true","721","8.246052885422182","65","true","721","6.175199529301535","75","true","721","5.786941117360829","95","true","721","9.748693280918008","105","true","721","8.874400984782493","115","true","721","6.830244491092985","125","true","721","11.251367362207933","135","true"
"722","10.710360368622288","0","true","722","6.134156393909585","85","true","722","7.5497654532540865","55","true","722","7.3201159853457","15","true","722","7.167492970769922","5","true","722","7.896342834510201","25","true","722","7.862890052231454","35","true","722","10.666480629639723","45","true","722","8.235253847209114","65","true","722","6.166658451114396","75","true","722","5.778937049425338","95","true","722","9.735209611096545","105","true","722","8.862126571248908","115","true","722","6.820797403276812","125","true","722","11.235805304998793","135","true"
"723","10.70881614440708","0","true","723","6.127369755544709","85","true","723","7.539845716650842","55","true","723","7.315902520029249","15","true","723","7.168802900350165","5","true","723","7.899919153228496","25","true","723","7.852029706855443","35","true","723","10.665158566442333","45","true","723","8.237159811806523","65","true","723","6.158140967065895","75","true","723","5.7709550921747494","95","true","723","9.73406779452663","105","true","723","8.86386039640874","115","true","723","6.812051472625463","125","true","723","11.242906081823218","135","true"
"724","10.694045363518244","0","true","724","6.118918211054303","85","true","724","7.529788780548636","55","true","724","7.305811620001623","15","true","724","7.1592932301834225","5","true","724","7.889806652472081","25","true","724","7.841199321052884","35","true","724","10.651330442272169","45","true","724","8.226441535437612","65","true","724","6.149646979525115","75","true","724","5.762995154116577","95","true","724","9.721178913722468","105","true","724","8.852121306321854","115","true","724","6.8026555395597725","125","true","724","11.228619696099203","135","true"
"725","10.693744977317936","0","true","725","6.112171257895468","85","true","725","7.519581508275089","55","true","725","7.30162946501021","15","true","725","7.161472836314719","5","true","725","7.893101934558711","25","true","725","7.830398771023885","35","true","725","10.647936864222379","45","true","725","8.227639265088264","65","true","725","6.141176391399047","75","true","725","5.755057144262422","95","true","725","9.71911303338938","105","true","725","8.854595215147334","115","true","725","6.79395869117429","125","true","725","11.232694430414316","135","true"
"726","10.679035561943357","0","true","726","6.103763869645268","85","true","726","7.509238204962469","55","true","726","7.29158595818076","15","true","726","7.151622117145097","5","true","726","7.882342705695198","25","true","726","7.819627933649713","35","true","726","10.633998129434065","45","true","726","8.217546179026929","65","true","726","6.132729106128897","75","true","726","5.74714097212451","95","true","726","9.705913038980867","105","true","726","8.843318794592932","115","true","726","6.784613493524807","125","true","726","11.21724368154167","135","true"
"727","10.67861933599884","0","true","727","6.09663801305014","85","true","727","7.499087203458337","55","true","727","7.287239272050003","15","true","727","7.1531411626513135","5","true","727","7.885564052991785","25","true","727","7.808886686488106","35","true","727","10.63599296834956","45","true","727","8.225308852746128","65","true","727","6.124305027686412","75","true","727","5.739246547712251","95","true","727","9.705675488922635","105","true","727","8.847262949013137","115","true","727","6.7759653206102115","125","true","727","11.22726639829244","135","true"
"728","10.663971024152477","0","true","728","6.088274997943076","85","true","728","7.488800389736172","55","true","728","7.277610887736215","15","true","728","7.14332889768197","5","true","728","7.874747092699614","25","true","728","7.798174907768644","35","true","728","10.621403128886802","45","true","728","8.215183633440102","65","true","728","6.115904060570244","75","true","728","5.731373781528832","95","true","728","9.692361805124387","105","true","728","8.835126785845768","115","true","728","6.766670443627207","125","true","728","11.212181821263384","135","true"
"729","10.663703670563274","0","true","729","6.081438025212564","85","true","729","7.478705196202223","55","true","729","7.272927929462182","15","true","729","7.142545855662858","5","true","729","7.878939081323071","25","true","729","7.787492476388138","35","true","729","10.61988333046619","45","true","729","8.220372692762952","65","true","729","6.10752610980234","75","true","729","5.723522584567834","95","true","729","9.690009242852803","105","true","729","8.839505294708456","115","true","729","6.7580705438574435","125","true","729","11.219664996994837","135","true"
"730","10.649115840644583","0","true","730","6.073118684548798","85","true","730","7.468637622896821","55","true","730","7.262978643648964","15","true","730","7.132936428599095","5","true","730","7.86816077888624","25","true","730","7.776839271906075","35","true","730","10.605911471199699","45","true","730","8.210158281025176","65","true","730","6.0991710809243616","75","true","730","5.715692868309875","95","true","730","9.67768588922347","105","true","730","8.827799803025366","115","true","730","6.748825577313179","125","true","730","11.205085077316776","135","true"
"731","10.64922824112725","0","true","731","6.065718295029836","85","true","731","7.458434566034941","55","true","731","7.258328469747384","15","true","731","7.132761761008963","5","true","731","7.870886414610918","25","true","731","7.766215174540084","35","true","731","10.604419216914494","45","true","731","8.21526889725798","65","true","731","6.090838879994137","75","true","731","5.707884544719288","95","true","731","9.676145832664801","105","true","731","8.834919641823406","115","true","731","6.740273552769991","125","true","731","11.21205100453675","135","true"
"732","10.634699962489968","0","true","732","6.057443099538663","85","true","732","7.448259348345943","55","true","732","7.24926472921785","15","true","732","7.123566106084685","5","true","732","7.860632250933097","25","true","732","7.755620065161447","35","true","732","10.59039601163117","45","true","732","8.204632183852894","65","true","732","6.082529413582139","75","true","732","5.700097526240817","95","true","732","9.662945088009051","105","true","732","8.82311843466673","115","true","732","6.731078090897181","125","true","732","11.197196272906522","135","true"
"733","10.634467173448547","0","true","733","6.050685390826307","85","true","733","7.438111856045745","55","true","733","7.243658766679937","15","true","733","7.124399646253639","5","true","733","7.865867178984285","25","true","733","7.745053825290655","35","true","733","10.58895660778618","45","true","733","8.209085727887038","65","true","733","6.074242588767994","75","true","733","5.692331725796347","95","true","733","9.661505756186564","105","true","733","8.826727446139335","115","true","733","6.722573548009991","125","true","733","11.206170811358097","135","true"
"734","10.62048873070427","0","true","734","6.042453165804774","85","true","734","7.427991975969492","55","true","734","7.233803448630033","15","true","734","7.1147065855104366","5","true","734","7.855278515931875","25","true","734","7.734516337092981","35","true","734","10.574549864102117","45","true","734","8.197916903767464","65","true","734","6.065978313137018","75","true","734","5.684587056781658","95","true","734","9.64850808464783","105","true","734","8.81471829315139","115","true","734","6.713427189441269","125","true","734","11.191825365269779","135","true"
"735","10.619551522110319","0","true","735","6.035734187189101","85","true","735","7.41789959556736","55","true","735","7.228233726860686","15","true","735","7.115892525066357","5","true","735","7.858331685903983","25","true","735","7.724007483374105","35","true","735","10.57210899563809","45","true","735","8.19787428327709","65","true","735","6.057736494776777","75","true","735","5.676863433063205","95","true","735","9.648109292936091","105","true","735","8.816332554670334","115","true","735","6.704969738928034","125","true","735","11.19960008973373","135","true"
"736","10.605142361293343","0","true","736","6.027544588563336","85","true","736","7.407834602900375","55","true","736","7.218529021711048","15","true","736","7.106617131031117","5","true","736","7.847924739722255","25","true","736","7.713527147575768","35","true","736","10.558378616669676","45","true","736","8.187345754069622","65","true","736","6.049517042273688","75","true","736","5.6691607689749235","95","true","736","9.635242662463867","105","true","736","8.805000105713965","115","true","736","6.695872086636408","125","true","736","11.184403888797863","135","true"
"737","10.604568500465794","0","true","737","6.020618566449284","85","true","737","7.397796886636283","55","true","737","7.2128922915933","15","true","737","7.107619530244521","5","true","737","7.852839512957227","25","true","737","7.703075213771465","35","true","737","10.558069418786127","45","true","737","8.197615449372659","65","true","737","6.041319864709632","75","true","737","5.661478979315066","95","true","737","9.63317098160082","105","true","737","8.8112226347487","115","true","737","6.687461343445437","125","true","737","11.192481084987586","135","true"
"738","10.590218610749332","0","true","738","6.012471585980475","85","true","738","7.387786336045435","55","true","738","7.203689220339427","15","true","738","7.098277711539639","5","true","738","7.842360351336452","25","true","738","7.692651566662167","35","true","738","10.544326595742964","45","true","738","8.186785599000391","65","true","738","6.033144871658604","75","true","738","5.6538179793430565","95","true","738","9.62112168683998","105","true","738","8.799299464742276","115","true","738","6.6784120046857005","125","true","738","11.177335643735912","135","true"
"739","10.589327373715285","0","true","739","6.005829441816542","85","true","739","7.377802840996726","55","true","739","7.19753126133874","15","true","739","7.100080804022723","5","true","739","7.845901686143946","25","true","739","7.682256091572082","35","true","739","10.542253835283267","45","true","739","8.191247624411607","65","true","739","6.024991973183389","75","true","739","5.646177684776377","95","true","739","9.621785503685134","105","true","739","8.802908146772815","115","true","739","6.670047587938422","125","true","739","11.18558449425267","135","true"
"740","10.575036783467358","0","true","740","5.997724408831634","85","true","740","7.367846291953545","55","true","740","7.188033240114307","15","true","740","7.090499048551708","5","true","740","7.836102247663498","25","true","740","7.671888674444455","35","true","740","10.528462920159008","45","true","740","8.180193309129","65","true","740","6.016861079832265","75","true","740","5.638558011787475","95","true","740","9.608800637958163","105","true","740","8.792110750380678","115","true","740","6.661046174189517","125","true","740","11.170489238524933","135","true"
"741","10.57381576664639","0","true","741","5.99087591268549","85","true","741","7.35791657996978","55","true","741","7.181698022844337","15","true","741","7.090525132755874","5","true","741","7.839425084281606","25","true","741","7.661549201837387","35","true","741","10.52723448883953","45","true","741","8.185525757897176","65","true","741","6.008752102635725","75","true","741","5.630958877000699","95","true","741","9.6086241866536","105","true","741","8.795730630914429","115","true","741","6.652727707124167","125","true","741","11.17377167080855","135","true"
"742","10.559584520661671","0","true","742","5.9828128226280395","85","true","742","7.348013596685837","55","true","742","7.17247392204983","15","true","742","7.08147055576555","5","true","742","7.828874041099531","25","true","742","7.651237560919705","35","true","742","10.513065936364645","45","true","742","8.174869942045301","65","true","742","6.000664953103241","75","true","742","5.623380197489258","95","true","742","9.596010339237031","105","true","742","8.783892500859363","115","true","742","6.644036270218459","125","true","742","11.158732947160088","135","true"
"743","10.559564751425606","0","true","743","5.975653173077018","85","true","743","7.3381372343247","55","true","743","7.165735530882117","15","true","743","7.082168254680622","5","true","743","7.833231780000233","25","true","743","7.640953639466856","35","true","743","10.512013746229034","45","true","743","8.179893100331386","65","true","743","5.992599543220038","75","true","743","5.615821890772203","95","true","743","9.596358511990012","105","true","743","8.790728280693537","115","true","743","6.635500943948698","125","true","743","11.164745010802033","135","true"
"744","10.545390839007585","0","true","744","5.967632162106445","85","true","744","7.328287385688022","55","true","744","7.156117093927913","15","true","744","7.072873127742823","5","true","744","7.822717374926407","25","true","744","7.630697325856834","35","true","744","10.49871977879351","45","true","744","8.16973004096582","65","true","744","5.984555785443903","75","true","744","5.608283874811435","95","true","744","9.584402344055565","105","true","744","8.779598411278139","115","true","744","6.626594231272257","125","true","744","11.150201293801025","135","true"
"745","10.545049852577229","0","true","745","5.960754877965478","85","true","745","7.318463944152247","55","true","745","7.149418694195128","15","true","745","7.071405904637894","5","true","745","7.8290533028661","25","true","745","7.620468509066141","35","true","745","10.497212257666748","45","true","745","8.17132182194612","65","true","745","5.976533592702022","75","true","745","5.600766068008738","95","true","745","9.583621071647407","105","true","745","8.784059211656702","115","true","745","6.618105168664005","125","true","745","11.15940210397055","135","true"
"746","10.530933319976723","0","true","746","5.95277528642871","85","true","746","7.308666803664761","55","true","746","7.140038439773508","15","true","746","7.06275187572786","5","true","746","7.819032019007124","25","true","746","7.6102670786657844","35","true","746","10.483159764684597","45","true","746","8.16193376990285","65","true","746","5.968532878387829","75","true","746","5.593268389202836","95","true","746","9.570791592301159","105","true","746","8.772300096246184","115","true","746","6.609245590124964","125","true","746","11.144776245816772","135","true"
"747","10.529902446041111","0","true","747","5.946283989126893","85","true","747","7.298895858740076","55","true","747","7.133189113319299","15","true","747","7.0638698632445","5","true","747","7.821951845109875","25","true","747","7.600092924817301","35","true","747","10.482305620286605","45","true","747","8.162307810165796","65","true","747","5.960553556357898","75","true","747","5.585790757666469","95","true","747","9.571838818743583","105","true","747","8.774413289957518","115","true","747","6.6008024189155945","125","true","747","11.149568712624015","135","true"
"748","10.515843831293392","0","true","748","5.938345025189474","85","true","748","7.289151004456044","55","true","748","7.124192680724274","15","true","748","7.055087593596395","5","true","748","7.811508651725215","25","true","748","7.589945938268813","35","true","748","10.468310552702777","45","true","748","8.152866011651945","65","true","748","5.952595540928849","75","true","748","5.578333093103496","95","true","748","9.55905932766382","105","true","748","8.763116072839448","115","true","748","6.591989598596615","125","true","748","11.135432764693054","135","true"
"749","10.514501252519844","0","true","749","5.931967344126389","85","true","749","7.279432136450103","55","true","749","7.116856265353147","15","true","749","7.0567367262748055","5","true","749","7.816982605253336","25","true","749","7.5798260103511215","35","true","749","10.464441267176145","45","true","749","8.152885458947926","65","true","749","5.9446587468742775","75","true","749","5.570895315646025","95","true","749","9.556828471576791","105","true","749","8.766833368016416","115","true","749","6.583591950499175","125","true","749","11.141303102587864","135","true"
"750","10.50050058507308","0","true","750","5.924068586011706","85","true","750","7.269739150915548","55","true","750","7.107569331100008","15","true","750","7.047549724889647","5","true","750","7.806573840133158","25","true","750","7.569733032973823","35","true","750","10.450940627210846","45","true","750","8.143564081552073","65","true","750","5.936743089421715","75","true","750","5.563477345851556","95","true","750","9.545386147974906","105","true","750","8.755340512273255","115","true","750","6.574825516477206","125","true","750","11.126467812171635","135","true"
"751","10.499767589325812","0","true","751","5.917304104106032","85","true","751","7.260071944597842","55","true","751","7.1000852129883505","15","true","751","7.048766118835666","5","true","751","7.809332821672896","25","true","751","7.559666898621464","35","true","751","10.45055390393554","45","true","751","8.144219465044287","65","true","751","5.928848484249611","75","true","751","5.556079104700158","95","true","751","9.545692704899214","105","true","751","8.756578006888537","115","true","751","6.566473027127524","125","true","751","11.129324796496869","135","true"
"752","10.485823674864557","0","true","752","5.909445798522889","85","true","752","7.250430414790938","55","true","752","7.090656148960478","15","true","752","7.039932220712744","5","true","752","7.799280311691151","25","true","752","7.549627500349723","35","true","752","10.437607782886984","45","true","752","8.133403768543564","65","true","752","5.92097484748434","75","true","752","5.548700513591658","95","true","752","9.533015822156985","105","true","752","8.74511145657679","115","true","752","6.557752611420847","125","true","752","11.11489253125478","135","true"
"753","10.48496701997976","0","true","753","5.902823377395396","85","true","753","7.240814459333656","55","true","753","7.083113695818031","15","true","753","7.042072789751762","5","true","753","7.804246802175527","25","true","753","7.53961473178162","35","true","753","10.435837053030468","45","true","753","8.138409260295633","65","true","753","5.913122095697226","75","true","753","5.541341494342863","95","true","753","9.532024722967297","105","true","753","8.747587368676157","115","true","753","6.549444920325483","125","true","753","11.118064579281898","135","true"
"754","10.471079646443362","0","true","754","5.895005068286263","85","true","754","7.231223976606062","55","true","754","7.073732088273902","15","true","754","7.032745541023614","5","true","754","7.7941964254837375","25","true","754","7.529628487103763","35","true","754","10.422014752297978","45","true","754","8.129228280338955","65","true","754","5.9052901459016","75","true","754","5.534001969184793","95","true","754","9.51939952465873","105","true","754","8.736001160240825","115","true","754","6.5407701588416085","125","true","754","11.103338665931856","135","true"
"755","10.469912842713573","0","true","755","5.888658877593649","85","true","755","7.221658865525895","55","true","755","7.066231975034856","15","true","755","7.034777909728577","5","true","755","7.798518367045534","25","true","755","7.51966866106262","35","true","755","10.419910507980617","45","true","755","8.134868285836331","65","true","755","5.897478915549878","75","true","755","5.526681860759945","95","true","755","9.51588895009684","105","true","755","8.741030197765943","115","true","755","6.532506909326628","125","true","755","11.109664219885376","135","true"
"756","10.456082046355958","0","true","756","5.8808799358795225","85","true","756","7.212119025545015","55","true","756","7.057108151466823","15","true","756","7.025853217853405","5","true","756","7.788471409800968","25","true","756","7.509735148960821","35","true","756","10.406478737416162","45","true","756","8.124452919960865","65","true","756","5.889688322530658","75","true","756","5.519381092119576","95","true","756","9.504105329789184","105","true","756","8.730284034872232","115","true","756","6.523877441811005","125","true","756","11.095863167991793","135","true"
"757","10.455245204529875","0","true","757","5.874167422712561","85","true","757","7.20260435664588","55","true","757","7.0494393398494815","15","true","757","7.026597012961293","5","true","757","7.7938290935601415","25","true","757","7.499827846653484","35","true","757","10.404791771658507","45","true","757","8.126619015382483","65","true","757","5.881918285165842","75","true","757","5.512099586721001","95","true","757","9.504744759669382","105","true","757","8.733951628692546","115","true","757","6.515658280971566","125","true","757","11.101916821891443","135","true"
"758","10.441470177909942","0","true","758","5.866666733929377","85","true","758","7.193114759338046","55","true","758","7.040151540982749","15","true","758","7.017817477812698","5","true","758","7.783780844581502","25","true","758","7.489946650544586","35","true","758","10.391869701192073","45","true","758","8.117198389539151","65","true","758","5.874168722207784","75","true","758","5.504837268424926","95","true","758","9.492563452933542","105","true","758","8.722444446046048","115","true","758","6.507073750957111","125","true","758","11.087289790505551","135","true"
"759","10.440243696595799","0","true","759","5.860048985849135","85","true","759","7.183650134654706","55","true","759","7.0325252217781955","15","true","759","7.016613648179988","5","true","759","7.7884263827971525","25","true","759","7.4800914575833435","35","true","759","10.390446566997582","45","true","759","8.119323228617887","65","true","759","5.866439552836458","75","true","759","5.497594061492788","95","true","759","9.493798159035011","105","true","759","8.724210496028064","115","true","759","6.498898329607847","125","true","759","11.092567492012204","135","true"
"760","10.426524585299353","0","true","760","5.8523485272606335","85","true","760","7.174210384149247","55","true","760","7.02328405854327","15","true","760","7.007600093696205","5","true","760","7.778709297456791","25","true","760","7.470262165260632","35","true","760","10.376792892139504","45","true","760","8.108653947108534","65","true","760","5.858730696656647","75","true","760","5.490369890584125","95","true","760","9.481322734384504","105","true","760","8.713332565643425","115","true","760","6.490358384365261","125","true","760","11.079388418425046","135","true"
"761","10.425650241019653","0","true","761","5.845529216275604","85","true","761","7.164795409891833","55","true","761","7.015699891728282","15","true","761","7.007810124235295","5","true","761","7.7818006711370815","25","true","761","7.460458671605434","35","true","761","10.377113812678795","45","true","761","8.111333020757051","65","true","761","5.851042073695155","75","true","761","5.483164680753962","95","true","761","9.479581405202987","105","true","761","8.718148405774736","115","true","761","6.482226356991444","125","true","761","11.084533064589904","135","true"
"762","10.41198621711268","0","true","762","5.837867972217575","85","true","762","7.155405114466024","55","true","762","7.006505003272544","15","true","762","6.9986255762349865","5","true","762","7.7716864498056","25","true","762","7.450680875181312","35","true","762","10.36351340139088","45","true","762","8.10128137278954","65","true","762","5.843373604398045","75","true","762","5.475978357450221","95","true","762","9.467354770191609","105","true","762","8.706722261075162","115","true","762","6.473730647480315","125","true","762","11.070307739137114","135","true"
"763","10.410333136491795","0","true","763","5.831663020558481","85","true","763","7.146039400965415","55","true","763","6.998962652411613","15","true","763","7.000990813308485","5","true","763","7.775145458923334","25","true","763","7.440928675082907","35","true","763","10.362389188050406","45","true","763","8.103338682280523","65","true","763","5.83572520962789","75","true","763","5.4688108465111505","95","true","763","9.46620057710432","105","true","763","8.713053194541848","115","true","763","6.465641672189787","125","true","763","11.078745545673382","135","true"
"764","10.396724857882003","0","true","764","5.8240399316427185","85","true","764","7.136698172990297","55","true","764","6.990056586841508","15","true","764","6.991839191330305","5","true","764","7.764981870088141","25","true","764","7.431201970932472","35","true","764","10.349420218026244","45","true","764","8.093411295138685","65","true","764","5.828096810661056","75","true","764","5.46166207416277","95","true","764","9.454498081083361","105","true","764","8.702369027332862","115","true","764","6.457189853010454","125","true","764","11.065318284497591","135","true"
"765","10.39509601684398","0","true","765","5.817691103091175","85","true","765","7.127381334644356","55","true","765","6.982312813822447","15","true","765","6.992558451136006","5","true","765","7.7687211552774835","25","true","765","7.421500662876424","35","true","765","10.346739358320718","45","true","765","8.094272455748516","65","true","765","5.820488329184998","75","true","765","5.454531967016343","95","true","765","9.455244074616337","105","true","765","8.704219534560663","115","true","765","6.44914359148631","125","true","765","11.071668412287368","135","true"
"766","10.381543088529972","0","true","766","5.81010610817189","85","true","766","7.118088790531391","55","true","766","6.973209407285521","15","true","766","6.983963555677454","5","true","766","7.7590238256921","25","true","766","7.411824651581931","35","true","766","10.333249476497615","45","true","766","8.084947697536766","65","true","766","5.812899687295578","75","true","766","5.447420452065866","95","true","766","9.442916507374335","105","true","766","8.692871138818079","115","true","766","6.440735320832482","125","true","766","11.057233381762872","135","true"
"767","10.379938257194327","0","true","767","5.803791956027344","85","true","767","7.108820445752053","55","true","767","6.965507736773745","15","true","767","6.984334473065102","5","true","767","7.763724244336407","25","true","767","7.402173838233517","35","true","767","10.330234316692009","45","true","767","8.08735978287119","65","true","767","5.805330807494411","75","true","767","5.440327456685571","95","true","767","9.441586260573668","105","true","767","8.698431571565703","115","true","767","6.432731438286497","125","true","767","11.062693976933089","135","true"
"768","10.366440288069239","0","true","768","5.796818561218467","85","true","768","7.09957620590062","55","true","768","6.957049812160662","15","true","768","6.97525211354226","5","true","768","7.753824846632766","25","true","768","7.392548124529702","35","true","768","10.316800982079926","45","true","768","8.076843060136635","65","true","768","5.797781612686227","75","true","768","5.433252908627463","95","true","768","9.429308515111284","105","true","768","8.687560241969454","115","true","768","6.424366377898608","125","true","768","11.049341361266814","135","true"
"769","10.365081139918724","0","true","769","5.789804823606611","85","true","769","7.090355977061788","55","true","769","6.948789958826594","15","true","769","6.9764673481859365","5","true","769","7.757437389076443","25","true","769","7.3829474126796635","35","true","769","10.31532345709163","45","true","769","8.081643450940096","65","true","769","5.790252026176244","75","true","769","5.426196736018856","95","true","769","9.429891613587497","105","true","769","8.689980607130348","115","true","769","6.4164045430253855","125","true","769","11.05677371504779","135","true"
"770","10.351637454912344","0","true","770","5.782295349127224","85","true","770","7.081159665807492","55","true","770","6.939777261084925","15","true","770","6.968045799936255","5","true","770","7.747455065199938","25","true","770","7.373371605399924","35","true","770","10.301944308638852","45","true","770","8.073282712949492","65","true","770","5.782741971667585","75","true","770","5.419158867359947","95","true","770","9.417815106548359","105","true","770","8.678709555759232","115","true","770","6.408082358144678","125","true","770","11.042862379448792","135","true"
"771","10.346444421154574","0","true","771","5.77547836799255","85","true","771","7.071987179193752","55","true","771","6.931561180105447","15","true","771","6.967707917241976","5","true","771","7.7522322417907645","25","true","771","7.363820605911063","35","true","771","10.302743101618995","45","true","771","8.076266780273892","65","true","771","5.77525137325869","75","true","771","5.412139231521397","95","true","771","9.414322724997195","105","true","771","8.681035608519556","115","true","771","6.400162243076507","125","true","771","11.050104452111048","135","true"
"772","10.333059628889174","0","true","772","5.7680068565203735","85","true","772","7.062838424757538","55","true","772","6.9227903791779575","15","true","772","6.958694064826397","5","true","772","7.7425008847025625","25","true","772","7.354294317934464","35","true","772","10.290173439520991","45","true","772","8.065818828423602","65","true","772","5.767780155440761","75","true","772","5.405137757741939","95","true","772","9.402722641030252","105","true","772","8.670171161524951","115","true","772","6.391882602399823","125","true","772","11.036845788779171","135","true"
"773","10.331083217539772","0","true","773","5.761225950908796","85","true","773","7.053713310513665","55","true","773","6.914421439000431","15","true","773","6.958905393577604","5","true","773","7.7468501970877","25","true","773","7.344792645689071","35","true","773","10.288214392186632","45","true","773","8.068769472838394","65","true","773","5.7603282430952305","75","true","773","5.398154375625993","95","true","773","9.40075750300347","105","true","773","8.675695307622805","115","true","773","6.384003882662248","125","true","773","11.042198710943891","135","true"
"774","10.317752787581657","0","true","774","5.753792110972139","85","true","774","7.044611744951712","55","true","774","6.905683306358166","15","true","774","6.950129126858175","5","true","774","7.737110907634748","25","true","774","7.3353154938881815","35","true","774","10.274939276841875","45","true","774","8.05835815738957","65","true","774","5.752895561491236","75","true","774","5.391189015141315","95","true","774","9.389075402443037","105","true","774","8.664500862064582","115","true","774","6.375766458297522","125","true","774","11.02795071260719","135","true"
"775","10.31512239059525","0","true","775","5.747046999892483","85","true","775","7.03553363703296","55","true","775","6.897174516067146","15","true","775","6.952668361076258","5","true","775","7.740003217904406","25","true","775","7.325862767736264","35","true","775","10.273899147741602","45","true","775","8.059990368170444","65","true","775","5.745482036283129","75","true","775","5.384241606616648","95","true","775","9.38889444371533","105","true","775","8.665546977439126","115","true","775","6.367928812765588","125","true","775","11.030922480524621","135","true"
"776","10.301846814802976","0","true","776","5.739650543007164","85","true","776","7.026478896187357","55","true","776","6.888297843588295","15","true","776","6.944006022855656","5","true","776","7.730143198576351","25","true","776","7.316434372925793","35","true","776","10.260676626315938","45","true","776","8.050841175833417","65","true","776","5.73808759350799","75","true","776","5.377312080739406","95","true","776","9.376810924482749","105","true","776","8.655067537933505","115","true","776","6.359733280188026","125","true","776","11.017151838938647","135","true"
"777","10.299906249329505","0","true","777","5.732940948367256","85","true","777","7.01744743231051","55","true","777","6.879833273147342","15","true","777","6.944795343822812","5","true","777","7.732778349032464","25","true","777","7.307030215634114","35","true","777","10.260867256645868","45","true","777","8.053036563743545","65","true","777","5.730712159583172","75","true","777","5.370400368553366","95","true","777","9.376691958937574","105","true","777","8.65885616504294","115","true","777","6.351936391043204","125","true","777","11.023446987065531","135","true"
"778","10.286684290087745","0","true","778","5.725581588998364","85","true","778","7.008439155760689","55","true","778","6.871196043040944","15","true","778","6.9360822544032965","5","true","778","7.723119023667643","25","true","778","7.297650202520335","35","true","778","10.247695411643756","45","true","778","8.042698904483283","65","true","778","5.723355661303861","75","true","778","5.3635064014563785","95","true","778","9.366049754960365","105","true","778","8.648489503749595","115","true","778","6.343782429052135","125","true","778","11.009296220715","135","true"
"779","10.2847643813753","0","true","779","5.7189072355678","85","true","779","6.999453977355867","55","true","779","6.862580959678408","15","true","779","6.936121159261759","5","true","779","7.724846664548618","25","true","779","7.288294240722232","35","true","779","10.246474467812872","45","true","779","8.04250490660461","65","true","779","5.716018025840651","75","true","779","5.356630111198101","95","true","779","9.365551589148476","105","true","779","8.651021205946977","115","true","779","6.33602598173991","125","true","779","11.014857663498345","135","true"
"780","10.271595668979172","0","true","780","5.711584691092041","85","true","780","6.990491808370777","55","true","780","6.853987937989015","15","true","780","6.927240082233255","5","true","780","7.715076498507437","25","true","780","7.2789622378531895","35","true","780","10.234013523133365","45","true","780","8.033609236086946","65","true","780","5.708699180737142","75","true","780","5.349771429877745","95","true","780","9.353858771109744","105","true","780","8.640301852743493","115","true","780","6.327913272416299","125","true","780","11.00147339467483","135","true"
"781","10.26969996543109","0","true","781","5.704945306465528","85","true","781","6.981552560533986","55","true","781","6.845223247531229","15","true","781","6.927609489526637","5","true","781","7.717187330736888","25","true","781","7.269654101999158","35","true","781","10.233952152555407","45","true","781","8.03307548117556","65","true","781","5.701399053907555","75","true","781","5.34293028994184","95","true","781","9.352562514178594","105","true","781","8.642602645189449","115","true","781","6.320196955604406","125","true","781","11.006654862053221","135","true"
"782","10.25658412894906","0","true","782","5.697659297134154","85","true","782","6.972636146025002","55","true","782","6.836480944533105","15","true","782","6.919118016564565","5","true","782","7.707331408219982","25","true","782","7.260369741715634","35","true","782","10.220881971006804","45","true","782","8.022816125516332","65","true","782","5.694117573634365","75","true","782","5.336106624182016","95","true","782","9.34061798989484","105","true","782","8.631722817613827","115","true","782","6.312125184269024","125","true","782","10.993316644716213","135","true"
"783","10.254712408751905","0","true","783","5.69105461169541","85","true","783","6.963742477471399","55","true","783","6.827760943328344","15","true","783","6.920999714274007","5","true","783","7.710512603329199","25","true","783","7.25110906602467","35","true","783","10.21958230143408","45","true","783","8.024442855746006","65","true","783","5.686854668565954","75","true","783","5.329300365732805","95","true","783","9.338008449265878","105","true","783","8.635822948182101","115","true","783","6.30444868980633","125","true","783","10.99833201723423","135","true"
"784","10.241649080842667","0","true","784","5.683804860597709","85","true","784","6.954871467945957","55","true","784","6.819063158687161","15","true","784","6.912183154128436","5","true","784","7.700863008941055","25","true","784","7.241871984411899","35","true","784","10.20656372525391","45","true","784","8.014220635547604","65","true","784","5.679610267714278","75","true","784","5.32251144806945","95","true","784","9.326571907146224","105","true","784","8.624821899840468","115","true","784","6.296417544978551","125","true","784","10.984321403199537","135","true"
"785","10.240258983567747","0","true","785","5.676904082093869","85","true","785","6.946023030963838","55","true","785","6.810387505813513","15","true","785","6.913211118316116","5","true","785","7.704901689637867","25","true","785","7.232658406823589","35","true","785","10.203974480539927","45","true","785","8.016637720211138","65","true","785","5.6723843004525545","75","true","785","5.315739805005749","95","true","785","9.32389466977256","105","true","785","8.62918215361732","115","true","785","6.288780567854554","125","true","785","10.990133586151359","135","true"
"786","10.227247218658512","0","true","786","5.669690735102644","85","true","786","6.937197080479767","55","true","786","6.80173390034234","15","true","786","6.904581228044053","5","true","786","7.695111471480767","25","true","786","7.223468243663712","35","true","786","10.19171967547687","45","true","786","8.006451395280754","65","true","786","5.665176696512971","75","true","786","5.308985370691892","95","true","786","9.312821883506523","105","true","786","8.618372856881013","115","true","786","6.280789741211791","125","true","786","10.976168994555232","135","true"
"787","10.225422229160696","0","true","787","5.663155069084949","85","true","787","6.928393530885249","55","true","787","6.7931022583368295","15","true","787","6.9058548225039935","5","true","787","7.698736982916272","25","true","787","7.2143014057910415","35","true","787","10.188622732231911","45","true","787","8.00862967071187","65","true","787","5.657987385984401","75","true","787","5.302248079612333","95","true","787","9.311230003595217","105","true","787","8.6207775238118","115","true","787","6.273191979516746","125","true","787","10.980736016570908","135","true"
"788","10.21246225168394","0","true","788","5.655977432748973","85","true","788","6.919612297005801","55","true","788","6.784492496285705","15","true","788","6.897558085813187","5","true","788","7.689103766140942","25","true","788","7.205157804516275","35","true","788","10.175709395435673","45","true","788","7.999163483157821","65","true","788","5.65081629931015","75","true","788","5.295527866583674","95","true","788","9.299428698140723","105","true","788","8.609851316557286","115","true","788","6.265241165854494","125","true","788","10.967111014958158","135","true"
"789","10.210011748487036","0","true","789","5.64947567133177","85","true","789","6.910853294098199","55","true","789","6.775904531100533","15","true","789","6.8978473211310805","5","true","789","7.692676575749722","25","true","789","7.196037351599165","35","true","789","10.17487647772544","45","true","789","8.002395249296375","65","true","789","5.643663367285707","75","true","789","5.288824666752555","95","true","789","9.299289398380717","105","true","789","8.617972217351097","115","true","789","6.257682320740142","125","true","789","10.971776109245821","135","true"
"790","10.197104021877065","0","true","790","5.642333477057014","85","true","790","6.902116437847758","55","true","790","6.767338280113049","15","true","790","6.889434081721821","5","true","790","7.683428101112812","25","true","790","7.186939959245691","35","true","790","10.16201316991542","45","true","790","7.992565397011321","65","true","790","5.636528521056521","75","true","790","5.282138415593576","95","true","790","9.28809167114401","105","true","790","8.608024739968487","115","true","790","6.249771217932633","125","true","790","10.957905342988873","135","true"
"791","10.19489606912583","0","true","791","5.635865361446032","85","true","791","6.893401644365627","55","true","791","6.7587936610725015","15","true","791","6.889525920308028","5","true","791","7.688567851650132","25","true","791","7.177865540105229","35","true","791","10.160384580768396","45","true","791","7.996875309924539","65","true","791","5.629411692115793","75","true","791","5.275469048907221","95","true","791","9.287733074378416","105","true","791","8.609343521651155","115","true","791","6.2422509935735215","125","true","791","10.959688545848437","135","true"
"792","10.182039958067664","0","true","792","5.628758343335759","85","true","792","6.884708830186099","55","true","792","6.750270592143028","15","true","792","6.8810363525472615","5","true","792","7.679153957019282","25","true","792","7.168814007267769","35","true","792","10.147777166255597","45","true","792","7.987405627469562","65","true","792","5.62231281230228","75","true","792","5.2688165028178044","95","true","792","9.276618513228184","105","true","792","8.598637416110362","115","true","792","6.234379302534967","125","true","792","10.946462059126768","135","true"
"793","10.180290632150328","0","true","793","5.622323617353169","85","true","793","6.876037912263951","55","true","793","6.741768991901035","15","true","793","6.881371857891435","5","true","793","7.680949568217511","25","true","793","7.159785274261135","35","true","793","10.147219394064724","45","true","793","7.989655832455693","65","true","793","5.615231813798121","75","true","793","5.262180713771434","95","true","793","9.276856328613784","105","true","793","8.600888963507714","115","true","793","6.22689740609036","125","true","793","10.951096512543295","135","true"
"794","10.167485235128755","0","true","794","5.615251512174108","85","true","794","6.867388807971794","55","true","794","6.7332887793326055","15","true","794","6.872913904216126","5","true","794","7.671287996433589","25","true","794","7.150779255048228","35","true","794","10.134734623760433","45","true","794","7.980409296093003","65","true","794","5.608168629126677","75","true","794","5.255561618533986","95","true","794","9.26518732694257","105","true","794","8.591107951336346","115","true","794","6.219064830736786","125","true","794","10.937321548376573","135","true"
"795","10.165753665102688","0","true","795","5.6088499222255965","85","true","795","6.858761435097458","55","true","795","6.724829873830931","15","true","795","6.873039384736983","5","true","795","7.674625217580668","25","true","795","7.141795864024298","35","true","795","10.133504378871677","45","true","795","7.984709900136823","65","true","795","5.601123191150387","75","true","795","5.248959154189094","95","true","795","9.264193644666726","105","true","795","8.592289620729012","115","true","795","6.211620972313144","125","true","795","10.943624692011376","135","true"
"796","10.152998641683487","0","true","796","5.601812469374623","85","true","796","6.850155711841376","55","true","796","6.7163921951937535","15","true","796","6.864720608781738","5","true","796","7.665528681871603","25","true","796","7.13283501601423","35","true","796","10.12113972666591","45","true","796","7.975895290464348","65","true","796","5.5940954330686425","75","true","796","5.242373258136159","95","true","796","9.252569813243053","105","true","796","8.581645974267104","115","true","796","6.203827219524795","125","true","796","10.930724620799872","135","true"
"797","10.151289565057793","0","true","797","5.5954437644169595","85","true","797","6.841571556814006","55","true","797","6.707975663620829","15","true","797","6.864341898775156","5","true","797","7.670050657596666","25","true","797","7.12389662626985","35","true","797","10.119152060388156","45","true","797","7.976599594444158","65","true","797","5.5870852884156745","75","true","797","5.23580386808837","95","true","797","9.250576412459639","105","true","797","8.586477677194447","115","true","797","6.196237056045138","125","true","797","10.936763383152527","135","true"
"798","10.138584571859974","0","true","798","5.588440705888277","85","true","798","6.8330088890332625","55","true","798","6.6995801997114155","15","true","798","6.8559027818482825","5","true","798","7.6604510948212","25","true","798","7.11498061046726","35","true","798","10.106639890477279","45","true","798","7.966934814229829","65","true","798","5.580092691058458","75","true","798","5.229250922070737","95","true","798","9.239328003232346","105","true","798","8.575983519478678","115","true","798","6.18848206598751","125","true","798","10.9230753188432","135","true"
"799","10.136897785513124","0","true","799","5.582104637397365","85","true","799","6.824467627921971","55","true","799","6.691205724461777","15","true","799","6.855384181557629","5","true","799","7.663904188452669","25","true","799","7.106086884704176","35","true","799","10.10527036226084","45","true","799","7.973605663544034","65","true","799","5.573117575194635","75","true","799","5.222714358418148","95","true","799","9.23864373207108","105","true","799","8.579837151341009","115","true","799","6.180930059358474","125","true","799","10.928217218795691","135","true"
"800","10.12424248241011","0","true","800","5.575135717750178","85","true","800","6.815947693305339","55","true","800","6.682852159262699","15","true","800","6.84718619743719","5","true","800","7.654336268117523","25","true","800","7.097215365497305","35","true","800","10.093588229165338","45","true","800","7.963651099669447","65","true","800","5.566159875350447","75","true","800","5.2161941157734315","95","true","800","9.227467753933869","105","true","800","8.569661793632898","115","true","800","6.173213542430435","125","true","800","10.914987402003463","135","true"
"801","10.12215169167836","0","true","801","5.5686619054707505","85","true","801","6.80744900540845","55","true","801","6.674519425897034","15","true","801","6.846319660592805","5","true","801","7.65731998134307","25","true","801","7.088365969779727","35","true","801","10.091916201273095","45","true","801","7.970162934566582","65","true","801","5.559219526378689","75","true","801","5.209690133085435","95","true","801","9.226787816455962","105","true","801","8.572026318391341","115","true","801","6.165699406794934","125","true","801","10.917771826053464","135","true"
"802","10.109546272386108","0","true","802","5.561727083670663","85","true","802","6.7989714848537695","55","true","802","6.666207446537262","15","true","802","6.837945025242382","5","true","802","7.648110729220895","25","true","802","7.079538614898308","35","true","802","10.079753677665334","45","true","802","7.9609083337967235","65","true","802","5.552296463456672","75","true","802","5.203202349607122","95","true","802","9.215297420669591","105","true","802","8.561351316749509","115","true","802","6.158021076275887","125","true","802","10.904175597129363","135","true"
"803","10.107478961494516","0","true","803","5.555286052807452","85","true","803","6.7905150526586775","55","true","803","6.657916143743061","15","true","803","6.836941034133917","5","true","803","7.65300669205376","25","true","803","7.070733218611121","35","true","803","10.078484861704005","45","true","803","7.965532378565473","65","true","803","5.545390622084214","75","true","803","5.19673070489368","95","true","803","9.212672281737596","105","true","803","8.565517092647477","115","true","803","6.150544528622258","125","true","803","10.908914335075908","135","true"
"804","10.094923087008187","0","true","804","5.548385076344338","85","true","804","6.782079630233015","55","true","804","6.649645440458908","15","true","804","6.828957612197464","5","true","804","7.643499851442513","25","true","804","7.061949699084896","35","true","804","10.066523700452535","45","true","804","7.956245726009461","65","true","804","5.538501938081625","75","true","804","5.1902751388006445","95","true","804","9.20142112291662","105","true","804","8.555096284742184","115","true","804","6.142904100636391","125","true","804","10.895362888696932","135","true"
"805","10.092879048830195","0","true","805","5.541976581546949","85","true","805","6.7736651393766465","55","true","805","6.641395260011689","15","true","805","6.827458222850752","5","true","805","7.646211894906089","25","true","805","7.053187974892483","35","true","805","10.068056620580894","45","true","805","7.958013269591079","65","true","805","5.531630347587727","75","true","805","5.183835591482033","95","true","805","9.198952494025269","105","true","805","8.55830230400318","115","true","805","6.1354648607630935","125","true","805","10.899393105460685","135","true"
"806","10.080372383342176","0","true","806","5.5351092004050075","85","true","806","6.765271502277047","55","true","806","6.633165526108328","15","true","806","6.819192845481694","5","true","806","7.636868562246332","25","true","806","7.0444479650103355","35","true","806","10.05592492821634","45","true","806","7.949997507151574","65","true","806","5.524775787057878","75","true","806","5.177412003388499","95","true","806","9.187974954684401","105","true","806","8.548512347974963","115","true","806","6.12786205424418","125","true","806","10.885887042132977","135","true"
"807","10.07835141296124","0","true","807","5.528732998758033","85","true","807","6.756898641506902","55","true","807","6.624956162833442","15","true","807","6.817364220225557","5","true","807","7.639541843747312","25","true","807","7.035729588816016","35","true","807","10.054076187281492","45","true","807","7.954967380047091","65","true","807","5.517938193262015","75","true","807","5.171004315265494","95","true","807","9.187508039458328","105","true","807","8.550249091982234","115","true","807","6.120459844725015","125","true","807","10.888562393895182","135","true"
"808","10.065893623822847","0","true","808","5.521898965385032","85","true","808","6.7485464800217265","55","true","808","6.616767094646998","15","true","808","6.80893731760476","5","true","808","7.630446138263699","25","true","808","7.027032766085712","35","true","808","10.042289848091647","45","true","808","7.945940995096179","65","true","808","5.511117503282705","75","true","808","5.164612468151445","95","true","808","9.176472428557936","105","true","808","8.539680180867299","115","true","808","6.112894381381721","125","true","808","10.87510310787059","135","true"
"809","10.063895518503985","0","true","809","5.515554816377951","85","true","809","6.740214941157502","55","true","809","6.608598246382002","15","true","809","6.8071258686182405","5","true","809","7.631532419827251","25","true","809","7.018357416991779","35","true","809","10.038871406055545","45","true","809","7.947171069199127","65","true","809","5.50431365451322","75","true","809","5.158236403375949","95","true","809","9.176187649375208","105","true","809","8.543585288045517","115","true","809","6.105528927531568","125","true","809","10.879774007340849","135","true"
"810","10.051486276187704","0","true","810","5.5087538856549205","85","true","810","6.731903948628331","55","true","810","6.600449543242196","15","true","810","6.799088474083675","5","true","810","7.622353676785123","25","true","810","7.009703462100297","35","true","810","10.02649301961158","45","true","810","7.937588840648864","65","true","810","5.4975265846556205","75","true","810","5.151876062557976","95","true","810","9.16514887318374","105","true","810","8.533358663762131","115","true","810","6.09800053181328","125","true","810","10.866358749625261","135","true"
"811","10.049510835349475","0","true","811","5.502441551152451","85","true","811","6.72361342652411","55","true","811","6.5923209107997796","15","true","811","6.796937952240516","5","true","811","7.625653432798895","25","true","811","7.001070822368646","35","true","811","10.027403177628909","45","true","811","7.941932209696411","65","true","811","5.490756231718852","75","true","811","5.145531387604088","95","true","811","9.164022752250467","105","true","811","8.538047881392647","115","true","811","6.090671561654346","125","true","811","10.869258897253598","135","true"
"812","10.037149813411776","0","true","812","5.495673480363825","85","true","812","6.715343299308213","55","true","812","6.584212274993138","15","true","812","6.788577634956087","5","true","812","7.616273785280078","25","true","812","6.992459419143101","35","true","812","10.01526947737613","45","true","812","7.932515386845274","65","true","812","5.484002534016861","75","true","812","5.139202320706665","95","true","812","9.153097353244426","105","true","812","8.527545977479495","115","true","812","6.0831799607175014","125","true","812","10.856580526792442","135","true"
"813","10.035196838598672","0","true","813","5.489392724576708","85","true","813","6.707093491815205","55","true","813","6.576123562124597","15","true","813","6.78644530952916","5","true","813","7.619543885776707","25","true","813","6.983869174156439","35","true","813","10.012957958915596","45","true","813","7.936848441519209","65","true","813","5.477265430166717","75","true","813","5.13288880434216","95","true","813","9.151503470478296","105","true","813","8.530434590276023","115","true","813","6.075887204946052","125","true","813","10.860324461329935","135","true"
"814","10.023191603048252","0","true","814","5.482657273380908","85","true","814","6.69886392924856","55","true","814","6.568054698858186","15","true","814","6.778323672863337","5","true","814","7.610867669404353","25","true","814","6.975300009525572","35","true","814","10.001406237899939","45","true","814","7.927109977173787","65","true","814","5.4705448590867585","75","true","814","5.126590781269348","95","true","814","9.140777913240903","105","true","814","8.52014986074584","115","true","814","6.068432128620965","125","true","814","10.847811508538662","135","true"
"815","10.02095300849861","0","true","815","5.476407862837119","85","true","815","6.6906545371784025","55","true","815","6.560005612217428","15","true","815","6.7760041013409005","5","true","815","7.61375758432977","25","true","815","6.966751847749192","35","true","815","10.001011780556167","45","true","815","7.9331023013326565","65","true","815","5.46384075999474","75","true","815","5.120308194527596","95","true","815","9.141133842980915","105","true","815","8.521900709443496","115","true","815","6.061175320574565","125","true","815","10.850722890059261","135","true"
"816","10.008687460140594","0","true","816","5.469704793237564","85","true","816","6.682465241539262","55","true","816","6.551976229583135","15","true","816","6.767710338670961","5","true","816","7.605093130985047","25","true","816","6.958224611705436","35","true","816","9.989184379123396","45","true","816","7.923705345035295","65","true","816","5.457153072406007","75","true","816","5.114040987435152","95","true","816","9.130252875275927","105","true","816","8.511469986420922","115","true","816","6.053756501332735","125","true","816","10.838129280294602","135","true"
"817","10.006472070153308","0","true","817","5.463486496753959","85","true","817","6.6742959686278445","55","true","817","6.543966478691224","15","true","817","6.765409413208717","5","true","817","7.608900772141844","25","true","817","6.949718224649561","35","true","817","9.987456096960894","45","true","817","7.925316953596573","65","true","817","5.450481736131673","75","true","817","5.107789103587431","95","true","817","9.130732201722799","105","true","817","8.517894804253558","115","true","817","6.04653537695795","125","true","817","10.840358651733135","135","true"
"818","9.994254155537735","0","true","818","5.456815573070499","85","true","818","6.666146645100826","55","true","818","6.535976287630551","15","true","818","6.757148840054616","5","true","818","7.600028415442268","25","true","818","6.9412326102116495","35","true","818","9.97526140087181","45","true","818","7.91703519396059","65","true","818","5.4438266912768105","75","true","818","5.101552486855335","95","true","818","9.120173949027341","105","true","818","8.508152904514153","115","true","818","6.039152549879858","125","true","818","10.827122560583277","135","true"
"819","9.99206177053164","0","true","819","5.450628161724864","85","true","819","6.658017197972654","55","true","819","6.528005584840757","15","true","819","6.754866406482056","5","true","819","7.604894701437011","25","true","819","6.932767692394318","35","true","819","9.97508848722615","45","true","819","7.92283709667233","65","true","819","5.437187878238668","75","true","819","5.095331081383559","95","true","819","9.120670325881555","105","true","819","8.510215760411432","115","true","819","6.031966847700441","125","true","819","10.829359917359412","135","true"
"820","9.979891171541954","0","true","820","5.4439891505656375","85","true","820","6.64990755461337","55","true","820","6.520054299110136","15","true","820","6.747373751021208","5","true","820","7.59573977961846","25","true","820","6.924323395570452","35","true","820","9.963258289269724","45","true","820","7.913641700644312","65","true","820","5.430565237704882","75","true","820","5.089124831588939","95","true","820","9.109756567689969","105","true","820","8.499850089570492","115","true","820","6.024619750443802","125","true","820","10.816169466790157","135","true"
"821","9.977721594022487","0","true","821","5.437832397669146","85","true","821","6.641817642746444","55","true","821","6.512122359573505","15","true","821","6.744374703924381","5","true","821","7.598645954980156","25","true","821","6.91589964448095","35","true","821","9.96224030458039","45","true","821","7.917524541696442","65","true","821","5.423958710651713","75","true","821","5.082933682158782","95","true","821","9.10858857313935","105","true","821","8.503896304771311","115","true","821","6.017469211529343","125","true","821","10.81708119345188","135","true"
"822","9.965902892043124","0","true","822","5.431225067902841","85","true","822","6.63374739044663","55","true","822","6.504209695710111","15","true","822","6.736179837941484","5","true","822","7.589681972799627","25","true","822","6.907496364232492","35","true","822","9.950333214139977","45","true","822","7.908114374298217","65","true","822","5.417368238342294","75","true","822","5.076757578049233","95","true","822","9.098042977170028","105","true","822","8.493783416050432","115","true","822","6.010157584297837","125","true","822","10.803937716910626","135","true"
"823","9.96324367129564","0","true","823","5.425098748972922","85","true","823","6.625696726137836","55","true","823","6.496316237341531","15","true","823","6.733201654931153","5","true","823","7.593750383699471","25","true","823","6.899113480295317","35","true","823","9.949914300065286","45","true","823","7.908866370088504","65","true","823","5.4107937623248885","75","true","823","5.070596464483639","95","true","823","9.098253226367222","105","true","823","8.49843854367412","115","true","823","6.003041952232862","125","true","823","10.805424445677284","135","true"
"824","9.95116701230013","0","true","824","5.41852287170144","85","true","824","6.617665578591002","55","true","824","6.488441914629601","15","true","824","6.72538677056081","5","true","824","7.584676678925854","25","true","824","6.890750918501019","35","true","824","9.937853797883388","45","true","824","7.9000771235705685","65","true","824","5.4042352244311616","75","true","824","5.064450286950932","95","true","824","9.087225040638291","105","true","824","8.488663679009118","115","true","824","5.9957655377453065","125","true","824","10.792326961500706","135","true"
"825","9.948532070391918","0","true","825","5.412277435968846","85","true","825","6.609653876922006","55","true","825","6.48058665807436","15","true","825","6.7220827127127105","5","true","825","7.5881773459684325","25","true","825","6.882408605040364","35","true","825","9.93572579550733","45","true","825","7.900838122411621","65","true","825","5.397692566774465","75","true","825","5.058318991204018","95","true","825","9.086462595210138","105","true","825","8.492292793751252","115","true","825","5.988684558598833","125","true","825","10.794318818818388","135","true"
"826","9.936502406461576","0","true","826","5.405732965066829","85","true","826","6.601661550589573","55","true","826","6.472750398511996","15","true","826","6.713954438574001","5","true","826","7.579001798996282","25","true","826","6.874086466461113","35","true","826","9.923711616794504","45","true","826","7.892563420725631","65","true","826","5.391165731748136","75","true","826","5.052202523258185","95","true","826","9.07547533693298","105","true","826","8.482321844967126","115","true","826","5.981443102058811","125","true","826","10.781666841973651","135","true"
"827","9.933891540023962","0","true","827","5.399518061674936","85","true","827","6.593688529393209","55","true","827","6.464933067112828","15","true","827","6.710482194447716","5","true","827","7.5825099337899315","25","true","827","6.8657844296658705","35","true","827","9.922164191148822","45","true","827","7.896179806339375","65","true","827","5.384654662023802","75","true","827","5.046100829389515","95","true","827","9.074156828805403","105","true","827","8.488194256928354","115","true","827","5.974396524354341","125","true","827","10.7832590455518","135","true"
"828","9.921908558672909","0","true","828","5.393004770888838","85","true","828","6.585734743471142","55","true","828","6.457134595379277","15","true","828","6.702534070539099","5","true","828","7.573546375649038","25","true","828","6.857502421909941","35","true","828","9.911051609507915","45","true","828","7.88665486085525","65","true","828","5.378159300549708","75","true","828","5.040013856133315","95","true","828","9.063503096989319","105","true","828","8.479069566642897","115","true","828","5.967189773420259","125","true","828","10.770251495436538","135","true"
"829","9.918887455878979","0","true","829","5.386820178341477","85","true","829","6.577800123298285","55","true","829","6.449354915143881","15","true","829","6.698937582294843","5","true","829","7.577095475999507","25","true","829","6.849240370799206","35","true","829","9.910094171295171","45","true","829","7.886071569733775","65","true","829","5.3716795905490455","75","true","829","5.033941550282552","95","true","829","9.061844819475949","105","true","829","8.482574714161156","115","true","829","5.960177348106209","125","true","829","10.771853615809123","135","true"
"830","9.906951369891157","0","true","830","5.380337843590164","85","true","830","6.569884599684208","55","true","830","6.441593958567294","15","true","830","6.691211768309198","5","true","830","7.567977430902035","25","true","830","6.840998204288016","35","true","830","9.898478275124342","45","true","830","7.877161975868874","65","true","830","5.365215475518301","75","true","830","5.027883858886304","95","true","830","9.051087746406063","105","true","830","8.472367043024981","115","true","830","5.953005052861797","125","true","830","10.759446113850537","135","true"
"831","9.903750141862796","0","true","831","5.374183342524045","85","true","831","6.561988103771126","55","true","831","6.433851658136324","15","true","831","6.68730245448621","5","true","831","7.57029917703257","25","true","831","6.832775850677092","35","true","831","9.898803436512585","45","true","831","7.882889615344954","65","true","831","5.358766899225611","75","true","831","5.02184072924822","95","true","831","9.048824156205043","105","true","831","8.475359943942074","115","true","831","5.946026533282345","125","true","831","10.760503019863284","135","true"
"832","9.89186088599021","0","true","832","5.367731741872755","85","true","832","6.554110567031905","55","true","832","6.42612794666197","15","true","832","6.6792744803511725","5","true","832","7.561434191071281","25","true","832","6.824573238611454","35","true","832","9.88692011906179","45","true","832","7.873426362505404","65","true","832","5.352333805709133","75","true","832","5.015812108924993","95","true","832","9.03806370221843","105","true","832","8.465803795600296","115","true","832","5.938888446207576","125","true","832","10.747585249131156","135","true"
"833","9.88868542887307","0","true","833","5.361607115031876","85","true","833","6.546251921268078","55","true","833","6.418422757277484","15","true","833","6.675388854676392","5","true","833","7.565383153600425","25","true","833","6.816390297078346","35","true","833","9.885887164218945","45","true","833","7.877988409576568","65","true","833","5.345916139275429","75","true","833","5.009797945724842","95","true","833","9.035645972318893","105","true","833","8.46892204210454","115","true","833","5.931943588073945","125","true","833","10.748100821288352","135","true"
"834","9.876842691832502","0","true","834","5.3551860286665685","85","true","834","6.538412098607877","55","true","834","6.410736023436432","15","true","834","6.66777114032593","5","true","834","7.556532357950199","25","true","834","6.808226955405199","35","true","834","9.874667368569147","45","true","834","7.86885520656685","65","true","834","5.339513844497854","75","true","834","5.0037981877060105","95","true","834","9.02493373508367","105","true","834","8.45959585422975","115","true","834","5.924839464016371","125","true","834","10.73562541188348","135","true"
"835","9.8736927958498","0","true","835","5.349091060876991","85","true","835","6.5305910315042786","55","true","835","6.403067678910791","15","true","835","6.663532257736476","5","true","835","7.559533839798029","25","true","835","6.800083143257585","35","true","835","9.871261707140324","45","true","835","7.874204194421562","65","true","835","5.333126866214962","75","true","835","4.997812783175262","95","true","835","9.022861199897902","105","true","835","8.463973677067335","115","true","835","5.917928025378502","125","true","835","10.735757963376457","135","true"
"836","9.861896269211988","0","true","836","5.342700271079049","85","true","836","6.522788652733067","55","true","836","6.395417657789034","15","true","836","6.655758979873016","5","true","836","7.55057208699939","25","true","836","6.791958790637206","35","true","836","9.859856866085485","45","true","836","7.8651273682168075","65","true","836","5.326755149528922","75","true","836","4.991841680686402","95","true","836","9.012752583638541","105","true","836","8.453861402662236","115","true","836","5.910857621525003","125","true","836","10.723327110335651","135","true"
"837","9.858771726707312","0","true","837","5.336634749224038","85","true","837","6.515004895390903","55","true","837","6.387785894474249","15","true","837","6.651356841006249","5","true","837","7.552119946391713","25","true","837","6.783853827879882","35","true","837","9.857457259271522","45","true","837","7.869387694102087","65","true","837","5.320398639803948","75","true","837","4.985884829038805","95","true","837","9.012265037170623","105","true","837","8.458404392570058","115","true","837","5.903979362743659","125","true","837","10.72307887332068","135","true"
"838","9.8470211048638","0","true","838","5.330274040345344","85","true","838","6.507239692893417","55","true","838","6.380172323682266","15","true","838","6.643582426849362","5","true","838","7.543243891946565","25","true","838","6.775768185653565","35","true","838","9.845708204135322","45","true","838","7.860008209365374","65","true","838","5.31405728266473","75","true","838","4.979942177275946","95","true","838","9.002312453800442","105","true","838","8.44897651326058","115","true","838","5.8969424385925935","125","true","838","10.71029808801279","135","true"
"839","9.843492767707875","0","true","839","5.324237753340861","85","true","839","6.499492978973306","55","true","839","6.372576880439787","15","true","839","6.639052142110428","5","true","839","7.546374548761484","25","true","839","6.767701794956358","35","true","839","9.84587302237739","45","true","839","7.861668062619565","65","true","839","5.307731023994891","75","true","839","4.974013674683951","95","true","839","9.001219465041126","105","true","839","8.454228091514292","115","true","839","5.890097122311839","125","true","839","10.71006595277919","135","true"
"840","9.83178825787707","0","true","840","5.317906911779219","85","true","840","6.49176468767845","55","true","840","6.364999500082546","15","true","840","6.631310847486489","5","true","840","7.538430207288071","25","true","840","6.7596545871145555","35","true","840","9.834833812284176","45","true","840","7.853032160342631","65","true","840","5.301419809935443","75","true","840","4.9680992707901535","95","true","840","8.990516469244406","105","true","840","8.44425198754713","115","true","840","5.883093439645593","125","true","840","10.697331034880524","135","true"
"841","9.828083466958535","0","true","841","5.3118996505497655","85","true","841","6.484054753370044","55","true","841","6.35744011825347","15","true","841","6.626454431344444","5","true","841","7.541896990881019","25","true","841","6.75162649378069","35","true","841","9.833107012876173","45","true","841","7.85586148831318","65","true","841","5.295123586883264","75","true","841","4.962198915361661","95","true","841","8.991181853520764","105","true","841","8.447356881210244","115","true","841","5.87628083076568","125","true","841","10.696840968031115","135","true"
"842","9.816425004957399","0","true","842","5.305598464724676","85","true","842","6.476363110720731","55","true","842","6.349898670900855","15","true","842","6.61878046248878","5","true","842","7.532950493857436","25","true","842","6.743617446931602","35","true","842","9.821442591745834","45","true","842","7.846542554163343","65","true","842","5.288842301489571","75","true","842","4.956312558403937","95","true","842","8.980841113141974","105","true","842","8.437336291790064","115","true","842","5.869310153623609","125","true","842","10.684151951461683","135","true"
"843","9.812747196070566","0","true","843","5.2994583543554175","85","true","843","6.468689694712769","55","true","843","6.342375094276566","15","true","843","6.613764028018846","5","true","843","7.537007885102268","25","true","843","6.735627378866518","35","true","843","9.82004608913198","45","true","843","7.849854850252207","65","true","843","5.282575900658422","75","true","843","4.950440150159382","95","true","843","8.981177721261204","105","true","843","8.438677828941021","115","true","843","5.862530019274243","125","true","843","10.683678660935874","135","true"
"844","9.801134477495335","0","true","844","5.293186806007068","85","true","844","6.461034440636186","55","true","844","6.3348693249342265","15","true","844","6.606123240631865","5","true","844","7.528088349143567","25","true","844","6.7276562222051375","35","true","844","9.80842473281348","45","true","844","7.841451983153541","65","true","844","5.276324331545217","75","true","844","4.944581641105939","95","true","844","8.971488212825193","105","true","844","8.429321765940273","115","true","844","5.855592113925989","125","true","844","10.671035254236541","135","true"
"845","9.79748343710169","0","true","845","5.287075882256552","85","true","845","6.45339728408697","55","true","845","6.327381299727448","15","true","845","6.600947694347245","5","true","845","7.529814789820708","25","true","845","6.719703909885745","35","true","845","9.806565605928236","45","true","845","7.845447492264979","65","true","845","5.270087541555211","75","true","845","4.938736981955696","95","true","845","8.970560319751684","105","true","845","8.43284799924758","115","true","845","5.848844223439976","125","true","845","10.670578586971105","135","true"
"846","9.785916160316447","0","true","846","5.280833761970535","85","true","846","6.445778160965262","55","true","846","6.319910955808053","15","true","846","6.59334008040589","5","true","846","7.521779582494046","25","true","846","6.71177037516333","35","true","846","9.794987606393493","45","true","846","7.836184862403981","65","true","846","5.263865478342041","75","true","846","4.932906123653505","95","true","846","8.959969339445012","105","true","846","8.42319409522481","115","true","846","5.841938858359173","125","true","846","10.658252767794176","135","true"
"847","9.782291676995873","0","true","847","5.274751818044945","85","true","847","6.438177007473557","55","true","847","6.312458230624317","15","true","847","6.588006321346241","5","true","847","7.523426591756355","25","true","847","6.703855551607713","35","true","847","9.792351127997625","45","true","847","7.8397855603781235","65","true","847","5.2576580898062595","75","true","847","4.927089017375612","95","true","847","8.959547620325688","105","true","847","8.424788055636727","115","true","847","5.835222983246435","125","true","847","10.657540305808059","135","true"
"848","9.770769543100707","0","true","848","5.268538918377047","85","true","848","6.430593760114931","55","true","848","6.305023061919224","15","true","848","6.580246596586116","5","true","848","7.514565076336147","25","true","848","6.695959373101697","35","true","848","9.781008788473624","45","true","848","7.830551419553179","65","true","848","5.251465324093885","75","true","848","4.921285614528291","95","true","848","8.94899456070222","105","true","848","8.41486486593633","115","true","848","5.828349929084779","125","true","848","10.645377283031161","135","true"
"849","9.767171407525849","0","true","849","5.2624857494296275","85","true","849","6.423028355691267","55","true","849","6.297605387728731","15","true","849","6.574940791646395","5","true","849","7.517703171045111","25","true","849","6.688081773839225","35","true","849","9.778169345733406","45","true","849","7.833060247794896","65","true","849","5.245287129594951","75","true","849","4.915495866746492","95","true","849","8.94780868317306","105","true","849","8.420335093339713","115","true","849","5.821665843006748","125","true","849","10.644020770099633","135","true"
"850","9.755694120325467","0","true","850","5.2563018648827065","85","true","850","6.415480731301501","55","true","850","6.290205146380049","15","true","850","6.567735480181968","5","true","850","7.508869207271851","25","true","850","6.68022268832355","35","true","850","9.766679134986363","45","true","850","7.823855711663527","65","true","850","5.239123454942078","75","true","850","4.909719725892502","95","true","850","8.938546197398713","105","true","850","8.41044045750735","115","true","850","5.814824872568432","125","true","850","10.63190221921611","135","true"
"851","9.752122125236436","0","true","851","5.250277267990908","85","true","851","6.407950824339879","55","true","851","6.282822276489931","15","true","851","6.5619366024615715","5","true","851","7.511582074901659","25","true","851","6.672382051365424","35","true","851","9.765034879362524","45","true","851","7.825404667950234","65","true","851","5.232974249009047","75","true","851","4.9039571440545995","95","true","851","8.939087026761102","105","true","851","8.413716111369663","115","true","851","5.808172351312787","125","true","851","10.63017605149756","135","true"
"852","9.740689391209195","0","true","852","5.244122194992091","85","true","852","6.400438572494228","55","true","852","6.275456716962979","15","true","852","6.554243828015544","5","true","852","7.503000290765397","25","true","852","6.6645597980812905","35","true","852","9.753896600643326","45","true","852","7.817134621391089","65","true","852","5.226839460909388","75","true","852","4.898208073545743","95","true","852","8.928607440563258","105","true","852","8.40426569411164","115","true","852","5.8013632395293016","125","true","852","10.617713945927223","135","true"
"853","9.737143331388658","0","true","853","5.238125969135039","85","true","853","6.392943913744235","55","true","853","6.268108406989954","15","true","853","6.54847432899258","5","true","853","7.503738289578309","25","true","853","6.6567558638915","35","true","853","9.753388829840228","45","true","853","7.820642145388751","65","true","853","5.220719039994974","75","true","853","4.892472466902247","95","true","853","8.92700984402146","105","true","853","8.40623177037483","115","true","853","5.794742060985073","125","true","853","10.61573839983","135","true"
"854","9.72575485965604","0","true","854","5.231999506013244","85","true","854","6.385466786359739","55","true","854","6.260777286046107","15","true","854","6.540815294689665","5","true","854","7.494961987485235","25","true","854","6.648970184518528","35","true","854","9.742615277956277","45","true","854","7.811855177441318","65","true","854","5.214612935854629","75","true","854","4.886750276882478","95","true","854","8.916568896835471","105","true","854","8.396399920351","115","true","854","5.787964584890354","125","true","854","10.604096913907911","135","true"
"855","9.72201372169559","0","true","855","5.226031452049526","85","true","855","6.378007128899038","55","true","855","6.253463293889511","15","true","855","6.535074963343537","5","true","855","7.496236459463712","25","true","855","6.6412026959852115","35","true","855","9.740730557358487","45","true","855","7.815023375018668","65","true","855","5.208521098312743","75","true","855","4.881041456465559","95","true","855","8.915022870633248","105","true","855","8.400526592626465","115","true","855","5.781374529023377","125","true","855","10.60136821382444","135","true"
"856","9.710669481646939","0","true","856","5.2199333990132954","85","true","856","6.3705648802072075","55","true","856","6.246166370559418","15","true","856","6.527732956324941","5","true","856","7.487489392416497","25","true","856","6.633453334613","35","true","856","9.729364477361571","45","true","856","7.8062692332079635","65","true","856","5.202443477427898","75","true","856","4.8753459588500805","95","true","856","8.904988116287958","105","true","856","8.39072434456039","115","true","856","5.7746284677293005","125","true","856","10.589384276548357","135","true"
"857","9.706954646313449","0","true","857","5.213993319659049","85","true","857","6.363139979414425","55","true","857","6.238886456374617","15","true","857","6.521738065599618","5","true","857","7.489948324907245","25","true","857","6.625722037020211","35","true","857","9.729314947379496","45","true","857","7.808172787348792","65","true","857","5.196380023491502","75","true","857","4.869663737452819","95","true","857","8.90405827625708","105","true","857","8.393509294555702","115","true","857","5.768069316558005","125","true","857","10.585907210615334","135","true"
"858","9.695654349868379","0","true","858","5.207923478774696","85","true","858","6.3557323659343155","55","true","858","6.231623491931806","15","true","858","6.514145821052937","5","true","858","7.481916374763949","25","true","858","6.618008740120303","35","true","858","9.718331272839533","45","true","858","7.799820883130381","65","true","858","5.190330687026435","75","true","858","4.863994745907473","95","true","858","8.89427066320546","105","true","858","8.38373803810104","115","true","858","5.761354451230232","125","true","858","10.574237637276239","135","true"
"859","9.691965613142385","0","true","859","5.2020111785820164","85","true","859","6.348341979462298","55","true","859","6.224377418103979","15","true","859","6.5081806709284535","5","true","859","7.484174030238088","25","true","859","6.6103133811201635","35","true","859","9.720165516004782","45","true","859","7.804690439019327","65","true","859","5.184295418785707","75","true","859","4.858338938063394","95","true","859","8.892242343727716","105","true","859","8.386327640173999","115","true","859","5.754825988801776","125","true","859","10.570133079551129","135","true"
"860","9.680708974799593","0","true","860","5.195969353752073","85","true","860","6.340968759973957","55","true","860","6.217148176038817","15","true","860","6.5006218083605924","5","true","860","7.4759828901598055","25","true","860","6.6026358975183985","35","true","860","9.709377521885598","45","true","860","7.796707955149459","65","true","860","5.178274169751113","75","true","860","4.852696267984342","95","true","860","8.88204391188517","105","true","860","8.376587422241162","115","true","860","5.74814210263592","125","true","860","10.557856502222963","135","true"
"861","9.67664969940734","0","true","861","5.190084639087709","85","true","861","6.333612647723407","55","true","861","6.2099357071571015","15","true","861","6.494686187601471","5","true","861","7.47606111483639","25","true","861","6.594976227103643","35","true","861","9.70899163516865","45","true","861","7.797527544395195","65","true","861","5.172266891131912","75","true","861","4.847066689947238","95","true","861","8.88033596653315","105","true","861","8.381030170264475","115","true","861","5.741644115002651","125","true","861","10.553780471470594","135","true"
"862","9.665436895584158","0","true","862","5.184070636029669","85","true","862","6.326273583241688","55","true","862","6.202739953151125","15","true","862","6.487483522448079","5","true","862","7.46747526590122","25","true","862","6.5873343079528865","35","true","862","9.697741355174248","45","true","862","7.788492170647345","65","true","862","5.1662735343635084","75","true","862","4.841450158440925","95","true","862","8.870409102035227","105","true","862","8.371912430439831","115","true","862","5.734990993200794","125","true","862","10.541551293635749","135","true"
"863","9.66140469268033","0","true","863","5.1782133150540215","85","true","863","6.318951507335158","55","true","863","6.195560855983127","15","true","863","6.481254178734336","5","true","863","7.467999162383282","25","true","863","6.579710078429793","35","true","863","9.696715387242598","45","true","863","7.79204793320448","65","true","863","5.160294051106144","75","true","863","4.835846628164952","95","true","863","8.868677433493835","105","true","863","8.373619002925107","115","true","863","5.7285232683970415","125","true","863","10.53750356990895","135","true"
"864","9.650235438700353","0","true","864","5.172226941279392","85","true","864","6.311646361083904","55","true","864","6.188398357883724","15","true","864","6.473761399336955","5","true","864","7.459567727150378","25","true","864","6.572103477183053","35","true","864","9.685708647951566","45","true","864","7.783789465948961","65","true","864","5.154328393243593","75","true","864","4.830256054028346","95","true","864","8.858542702865844","105","true","864","8.363938518528663","115","true","864","5.721900698144559","125","true","864","10.525321484857031","135","true"
"865","9.646032799622478","0","true","865","5.166396823925803","85","true","865","6.304358085840158","55","true","865","6.181252401350371","15","true","865","6.467562287506051","5","true","865","7.460632995398142","25","true","865","6.564514443144736","35","true","865","9.68282515636541","45","true","865","7.790308129451567","65","true","865","5.14837651288188","75","true","865","4.824678391148405","95","true","865","8.85832307738373","105","true","865","8.367971837765342","115","true","865","5.715463026163744","125","true","865","10.521101264477107","135","true"
"866","9.634907040914726","0","true","866","5.160437888719429","85","true","866","6.297086623226732","55","true","866","6.174122929145815","15","true","866","6.460658419583811","5","true","866","7.452027882370001","25","true","866","6.556942915528651","35","true","866","9.672067681691475","45","true","866","7.781322768287263","65","true","866","5.142438362347991","75","true","866","4.819113594849503","95","true","866","8.848767930599271","105","true","866","8.358877542009434","115","true","866","5.708870796606461","125","true","866","10.508966199581515","135","true"
"867","9.630731744781484","0","true","867","5.15463478667375","85","true","867","6.289831915135457","55","true","867","6.167009884296569","15","true","867","6.453933492550709","5","true","867","7.453426215016119","25","true","867","6.549388833828734","35","true","867","9.669840607679838","45","true","867","7.784145915464578","65","true","867","5.136513894188604","75","true","867","4.813561620661888","95","true","867","8.848412592502504","105","true","867","8.362556479256636","115","true","867","5.702462969378526","125","true","867","10.504774545706239","135","true"
"868","9.61964919962063","0","true","868","5.148703101073435","85","true","868","6.282593903725635","55","true","868","6.159913210091394","15","true","868","6.446506641581145","5","true","868","7.445175666195004","25","true","868","6.541852137817424","35","true","868","9.65904169648219","45","true","868","7.775426566199677","65","true","868","5.1306030611688245","75","true","868","4.808022424320505","95","true","868","8.838230299530695","105","true","868","8.352933284228722","115","true","868","5.695900871600184","125","true","868","10.492686197552377","135","true"
"869","9.615501039617918","0","true","869","5.142926827753891","85","true","869","6.275372531422502","55","true","869","6.152832850079794","15","true","869","6.439813440561915","5","true","869","7.445736032229157","25","true","869","6.53433276754407","35","true","869","9.657605685826251","45","true","869","7.778112332100711","65","true","869","5.124705816270929","75","true","869","4.802495961763815","95","true","869","8.839117405570342","105","true","869","8.355435122663962","115","true","869","5.689522682969332","125","true","869","10.488522892309032","135","true"
"870","9.60446142878024","0","true","870","5.137022204530293","85","true","870","6.268167740915702","55","true","870","6.145768748070518","15","true","870","6.432419854522234","5","true","870","7.437501045304242","25","true","870","6.526830663333342","35","true","870","9.646810415427478","45","true","870","7.769822174468388","65","true","870","5.11882211269312","75","true","870","4.796982189132628","95","true","870","8.828969165150628","105","true","870","8.345842200594314","115","true","870","5.6829905099693665","125","true","870","10.476745724515464","135","true"
"871","9.600340200074369","0","true","871","5.13127257506761","85","true","871","6.260979475157772","55","true","871","6.13872084813007","15","true","871","6.425758159453804","5","true","871","7.438599672006144","25","true","871","6.5193457657836476","35","true","871","9.646117407860523","45","true","871","7.773317558832116","65","true","871","5.112951903848289","75","true","871","4.791481062768944","95","true","871","8.827351927992602","105","true","871","8.35137055250103","115","true","871","5.676641755672106","125","true","871","10.472345787780618","135","true"
"872","9.58934324680968","0","true","872","5.125394828704416","85","true","872","6.253807677362631","55","true","872","6.131689094581239","15","true","872","6.418728423762661","5","true","872","7.430078939277615","25","true","872","6.511878015765568","35","true","872","9.635770298918727","45","true","872","7.764644579753546","65","true","872","5.107095143362781","75","true","872","4.785992539214798","95","true","872","8.817358583760756","105","true","872","8.342604693542706","115","true","872","5.67013930234373","125","true","872","10.460729279396244","135","true"
"873","9.585248746524154","0","true","873","5.1196716599222265","85","true","873","6.246652291004092","55","true","873","6.124673432001626","15","true","873","6.411767204575021","5","true","873","7.431213199639498","25","true","873","6.504427354420298","35","true","873","9.636157060518482","45","true","873","7.769319323291448","65","true","873","5.101251785075181","75","true","873","4.78051657521112","95","true","873","8.817131637784668","105","true","873","8.344828695098188","115","true","873","5.663819779987225","125","true","873","10.455978864801406","135","true"
"874","9.574294176528127","0","true","874","5.113820606596601","85","true","874","6.239513259814373","55","true","874","6.1176738052221955","15","true","874","6.404439470626935","5","true","874","7.423039842593977","25","true","874","6.496993723158104","35","true","874","9.625144309592175","45","true","874","7.760440101207687","65","true","874","5.095421783035095","75","true","874","4.775053127696593","95","true","874","8.807232451916915","105","true","874","8.335465989585153","115","true","874","5.657346843095811","125","true","874","10.444029174670204","135","true"
"875","9.570226203720743","0","true","875","5.108123716992119","85","true","875","6.232390527782622","55","true","875","6.110690159325824","15","true","875","6.397510456224125","5","true","875","7.42383546884755","25","true","875","6.489577063656782","35","true","875","9.623240872296115","45","true","875","7.761697470684743","65","true","875","5.08960509150195","75","true","875","4.769602153806528","95","true","875","8.807721584956099","105","true","875","8.341354914775133","115","true","875","5.651056352136522","125","true","875","10.43930866981728","135","true"
"876","9.559313745107607","0","true","876","5.102299174555411","85","true","876","6.225284039153451","55","true","876","6.103722439645862","15","true","876","6.390597243450512","5","true","876","7.415529798863007","25","true","876","6.482177317860138","35","true","876","9.612403029359692","45","true","876","7.753044402614358","65","true","876","5.0838016649437945","75","true","876","4.764163610871743","95","true","876","8.797678572886593","105","true","876","8.332047179603759","115","true","876","5.644612730298282","125","true","876","10.427405239178947","135","true"
"877","9.555272100747873","0","true","877","5.096628384280372","85","true","877","6.218193738425486","55","true","877","6.096770591764717","15","true","877","6.383318658890773","5","true","877","7.415655235271035","25","true","877","6.47479442797647","35","true","877","9.609962473124764","45","true","877","7.758975869522218","65","true","877","5.078011458036114","75","true","877","4.758737456417447","95","true","877","8.796919590592166","105","true","877","8.334905211903395","115","true","877","5.638351072020901","125","true","877","10.422516576680644","135","true"
"878","9.544401484023473","0","true","878","5.090830172239097","85","true","878","6.211119570349917","55","true","878","6.089834561512425","15","true","878","6.376056635388053","5","true","878","7.407320558606304","25","true","878","6.467428336477066","35","true","878","9.59902963754669","45","true","878","7.750414620009423","65","true","878","5.072234425660646","75","true","878","4.753323648162137","95","true","878","8.787094283720718","105","true","878","8.325547303119194","115","true","878","5.6319365656818565","125","true","878","10.410921688361453","135","true"
"879","9.540385970970334","0","true","879","5.085185303080951","85","true","879","6.204061479929065","55","true","879","6.082914294965251","15","true","879","6.368811116484203","5","true","879","7.40861497747299","25","true","879","6.460078986094706","35","true","879","9.597335808744763","45","true","879","7.753546222601532","65","true","879","5.066470522904214","75","true","879","4.747922144016498","95","true","879","8.787422409855736","105","true","879","8.328271781256701","115","true","879","5.625703543178534","125","true","879","10.405800811240086","135","true"
"880","9.53037488986005","0","true","880","5.079413242578021","85","true","880","6.1970194124149565","55","true","880","6.076009738444292","15","true","880","6.361582045977411","5","true","880","7.400696362669858","25","true","880","6.452746319822181","35","true","880","9.586442124512363","45","true","880","7.744962893687492","65","true","880","5.060719705057558","75","true","880","4.742532902082314","95","true","880","8.778491304009307","105","true","880","8.319153754904141","115","true","880","5.619317954593768","125","true","880","10.39398945958147","135","true"
"881","9.525567351985437","0","true","881","5.073794117941391","85","true","881","6.189993313307911","55","true","881","6.069120838514083","15","true","881","6.3543693679207465","5","true","881","7.401359123474766","25","true","881","6.445430280910817","35","true","881","9.585864874937926","45","true","881","7.747943114523412","65","true","881","5.054981927614182","75","true","881","4.737155880651382","95","true","881","8.776932513218524","105","true","881","8.323076177417635","115","true","881","5.613113372743615","125","true","881","10.388899391964662","135","true"
"882","9.514779619989984","0","true","882","5.068048031737606","85","true","882","6.182983128355127","55","true","882","6.0622475419812245","15","true","882","6.347173026620723","5","true","882","7.393289398259772","25","true","882","6.438130812869016","35","true","882","9.575334656005305","45","true","882","7.739429256944135","65","true","882","5.0492571462692055","75","true","882","4.731791038204438","95","true","882","8.766992612297551","105","true","882","8.313838916015753","115","true","882","5.606756505956816","125","true","882","10.377133933989617","135","true"
"883","9.510000600605887","0","true","883","5.062454476625992","85","true","883","6.175988803549295","55","true","883","6.05538979589301","15","true","883","6.339992966635858","5","true","883","7.395074600710982","25","true","883","6.430847859460793","35","true","883","9.573446895166533","45","true","883","7.743968107045595","65","true","883","5.043545316918221","75","true","883","4.726438333410089","95","true","883","8.765808760072877","105","true","883","8.320114858511873","115","true","883","5.600580171405686","125","true","883","10.372074449699536","135","true"
"884","9.499661969143514","0","true","884","5.056734189081782","85","true","884","6.1690102851272055","55","true","884","6.048547547536069","15","true","884","6.332829132775252","5","true","884","7.386718584213004","25","true","884","6.42358136470434","35","true","884","9.562828182178208","45","true","884","7.735404456118398","65","true","884","5.037846395656167","75","true","884","4.72109772512375","95","true","884","8.755903891417427","105","true","884","8.311172676509875","115","true","884","5.594251832228957","125","true","884","10.36061516754633","135","true"
"885","9.494696976308658","0","true","885","5.051026814150538","85","true","885","6.162047519568371","55","true","885","6.041720744435013","15","true","885","6.325681470097177","5","true","885","7.387665893155796","25","true","885","6.416331272870588","35","true","885","9.562704506284213","45","true","885","7.740424651969187","65","true","885","5.032160338776194","75","true","885","4.71576917238659","95","true","885","8.754240934821247","105","true","885","8.31427485802471","115","true","885","5.588103553369509","125","true","885","10.3553254665417","135","true"
"886","9.483992695613834","0","true","886","5.045332308159388","85","true","886","6.15510045359366","55","true","886","6.034909334351095","15","true","886","6.318549923907665","5","true","886","7.38013546341294","25","true","886","6.409097528481783","35","true","886","9.551923554191447","45","true","886","7.73196001342332","65","true","886","5.026487102768555","75","true","886","4.7104526344244855","95","true","886","8.745291026700126","105","true","886","8.304901380168989","115","true","886","5.581803549363455","125","true","886","10.343910905411565","135","true"
"887","9.47905653077357","0","true","887","5.039650627632181","85","true","887","6.148169034163938","55","true","887","6.02811326528088","15","true","887","6.31143443975912","5","true","887","7.382290102960158","25","true","887","6.401880076310069","35","true","887","9.549388234460018","45","true","887","7.735881452151945","65","true","887","5.020826644319491","75","true","887","4.705148070646981","95","true","887","8.74221352090225","105","true","887","8.307617138305357","115","true","887","5.575683136315477","125","true","887","10.338392233596162","135","true"
"888","9.468393925002173","0","true","888","5.033981729288388","85","true","888","6.141253208478714","55","true","888","6.021332485454917","15","true","888","6.304334963448929","5","true","888","7.374491782819598","25","true","888","6.394678861376087","35","true","888","9.538920073348482","45","true","888","7.727179673240638","65","true","888","5.015178920310133","75","true","888","4.699855440646253","95","true","888","8.732522225318364","105","true","888","8.298449081016406","115","true","888","5.569411276769565","125","true","888","10.327135475142422","135","true"
"889","9.463294397814579","0","true","889","5.028464160281401","85","true","889","6.134352923974806","55","true","889","6.014566943336429","15","true","889","6.297251441018088","5","true","889","7.376022360704117","25","true","889","6.387493828947574","35","true","889","9.537207970574515","45","true","889","7.729739244291136","65","true","889","5.009543887815402","75","true","889","4.694574704196088","95","true","889","8.732613896524478","105","true","889","8.304674349278159","115","true","889","5.563318541360563","125","true","889","10.32127599299632","135","true"
"890","9.45307780674678","0","true","890","5.022820541695227","85","true","890","6.127468128325002","55","true","890","6.007816587620002","15","true","890","6.2901838187498305","5","true","890","7.367743996662923","25","true","890","6.380324924537981","35","true","890","9.52650403345827","45","true","890","7.72132160086616","65","true","890","5.0039215041029275","75","true","890","4.689305821250863","95","true","890","8.722812983060367","105","true","890","8.295353727112863","115","true","890","5.557074637273739","125","true","890","10.309692069322923","135","true"
"891","9.447794498175377","0","true","891","5.017189576962385","85","true","891","6.120598769436746","55","true","891","6.0010813672302925","15","true","891","6.283132043168272","5","true","891","7.368589656716176","25","true","891","6.373172093905091","35","true","891","9.526480984962589","45","true","891","7.72520666573181","65","true","891","4.99831172663196","75","true","891","4.684048751944528","95","true","891","8.721771515256068","105","true","891","8.299245481955092","115","true","891","5.551009393019798","125","true","891","10.303494053995085","135","true"
"892","9.43721466111135","0","true","892","5.011571223572729","85","true","892","6.113744795450814","55","true","892","5.994361231320741","15","true","892","6.276096061037064","5","true","892","7.361030712953987","25","true","892","6.366035283049654","35","true","892","9.5161445715364","45","true","892","7.716555818401764","65","true","892","4.992714513052305","75","true","892","4.678803456589606","95","true","892","8.712229486046295","105","true","892","8.289951814002174","115","true","892","5.544793257081365","125","true","892","10.29195598674537","135","true"
"893","9.431387548283267","0","true","893","5.006103409355165","85","true","893","6.1069061547400185","55","true","893","5.987656129272283","15","true","893","6.2690758193580525","5","true","893","7.362945131974234","25","true","893","6.358914438214028","35","true","893","9.514824632256877","45","true","893","7.718890049546064","65","true","893","4.987129821203253","75","true","893","4.673569895676195","95","true","893","8.712629345346983","105","true","893","8.291747179121417","115","true","893","5.538755319168253","125","true","893","10.285791676242177","135","true"
"894","9.420849685100826","0","true","894","5.000509997724601","85","true","894","6.100082795907907","55","true","894","5.980966010692091","15","true","894","6.262071265369943","5","true","894","7.354718377636833","25","true","894","6.351809505880828","35","true","894","9.50419354328229","45","true","894","7.710265591390146","65","true","894","4.981557609112523","75","true","894","4.6683480298709705","95","true","894","8.703220183260742","105","true","894","8.282640949259626","115","true","894","5.5325667657390145","125","true","894","10.274299171575983","135","true"
"895","9.415053843703173","0","true","895","4.99506673356762","85","true","895","6.093274667787474","55","true","895","5.9742908254123","15","true","895","6.255082346546985","5","true","895","7.356813025819832","25","true","895","6.344720432771586","35","true","895","9.504010678815046","45","true","895","7.716360724649356","65","true","895","4.97599783499521","75","true","895","4.663137820016204","95","true","895","8.70314617694827","105","true","895","8.284282350853964","115","true","895","5.5265559510035445","125","true","895","10.26816832696138","135","true"
"896","9.404557685571955","0","true","896","4.989498097298314","85","true","896","6.086481719439885","55","true","896","5.967630523488764","15","true","896","6.248109010597657","5","true","896","7.348611450540211","25","true","896","6.337647165845419","35","true","896","9.494087738848362","45","true","896","7.707758315814742","65","true","896","4.97045045725274","75","true","896","4.657939227128783","95","true","896","8.693646410599177","105","true","896","8.27521032334058","115","true","896","5.520394796097186","125","true","896","10.256721093597989","135","true"
"897","9.398602623787784","0","true","897","4.984079218919441","85","true","897","6.079703900153204","55","true","897","5.960985055199801","15","true","897","6.241151205463361","5","true","897","7.35054260678476","25","true","897","6.330589652297707","35","true","897","9.493486031436333","45","true","897","7.710133794428844","65","true","897","4.964915434471835","75","true","897","4.652752212399242","95","true","897","8.693180818969909","105","true","897","8.280254224663048","115","true","897","5.514410923008835","125","true","897","10.250623478122813","135","true"
"898","9.388148115863661","0","true","898","4.978535193091944","85","true","898","6.072941159441131","55","true","898","5.954354371044962","15","true","898","6.234208879317128","5","true","898","7.342366252383441","25","true","898","6.323547839558778","35","true","898","9.483174190590743","45","true","898","7.701557449829925","65","true","898","4.95939272542348","75","true","898","4.647576737190788","95","true","898","8.683752137849936","105","true","898","8.271404005697402","115","true","898","5.508276984273564","125","true","898","10.239221227312887","135","true"
"899","9.382224520405353","0","true","899","4.973140537669698","85","true","899","6.066193447041752","55","true","899","5.947738421743802","15","true","899","6.227281980562331","5","true","899","7.3428658673217315","25","true","899","6.316521675292601","35","true","899","9.48151136979039","45","true","899","7.705717147444763","65","true","899","4.953882289061898","75","true","899","4.6424127630383545","95","true","899","8.681445491788732","105","true","899","8.275023035943985","115","true","899","5.502319872916325","125","true","899","10.233156606390196","135","true"
"900","9.371811396631319","0","true","900","4.967620958826557","85","true","900","6.059460712916289","55","true","900","5.9411371582346515","15","true","900","6.220370457831408","5","true","900","7.3350703687351295","25","true","900","6.309511107395495","35","true","900","9.470988049735128","45","true","900","7.697164742175679","65","true","900","4.948384084523538","75","true","900","4.637260251647635","95","true","900","8.672482160466856","105","true","900","8.26583877064327","115","true","900","5.496212969616751","125","true","900","10.222055000549709","135","true"
"901","9.365919047193133","0","true","901","4.962113618517437","85","true","901","6.052742907247868","55","true","901","5.934550531673416","15","true","901","6.213474259984588","5","true","901","7.335403374333916","25","true","901","6.302516083994835","35","true","901","9.469801403474756","45","true","901","7.700068440780362","65","true","901","4.942898071126062","75","true","901","4.632119164894145","95","true","901","8.670747840157565","105","true","901","8.267644945210854","115","true","901","5.490282441671232","125","true","901","10.21576719306881","135","true"
"902","9.35554704381861","0","true","902","4.956618476082755","85","true","902","6.046039980440284","55","true","902","5.92797849343236","15","true","902","6.206593336108637","5","true","902","7.327280004041188","25","true","902","6.295536553447775","35","true","902","9.459314358731152","45","true","902","7.691804496186959","65","true","902","4.93742420836734","75","true","902","4.62698946482228","95","true","902","8.661445906958663","105","true","902","8.259101250791707","115","true","902","5.484202394670488","125","true","902","10.204454051105278","135","true"
"903","9.349496713697096","0","true","903","4.951135491042841","85","true","903","6.0393518831167885","55","true","903","5.921420995098917","15","true","903","6.199727635515596","5","true","903","7.329800574991231","25","true","903","6.288572464339979","35","true","903","9.458623559994589","45","true","903","7.696429122059963","65","true","903","4.931962455924456","75","true","903","4.621871113644379","95","true","903","8.660126989719178","105","true","903","8.2618253273803","115","true","903","5.478298273396249","125","true","903","10.198199624779695","135","true"
"904","9.339165778101851","0","true","904","4.945664623096937","85","true","904","6.03267856611887","55","true","904","5.914877988474498","15","true","904","6.192877107741546","5","true","904","7.3217013478365445","25","true","904","6.281623765484355","35","true","904","9.448705569395777","45","true","904","7.687924780488626","65","true","904","4.926512773652716","75","true","904","4.6167640737398","95","true","904","8.650740794279294","105","true","904","8.252696238620764","115","true","904","5.472244905138353","125","true","904","10.186930895912536","135","true"
"905","9.332769702668115","0","true","905","4.940341974851875","85","true","905","6.026019980505052","55","true","905","5.908349425573313","15","true","905","6.186041702545363","5","true","905","7.323329725023721","25","true","905","6.274690405919802","35","true","905","9.44653212288639","45","true","905","7.690826608571952","65","true","905","4.921075121584667","75","true","905","4.611668307653995","95","true","905","8.648626722773733","105","true","905","8.25679579989278","115","true","905","5.466367015356476","125","true","905","10.180709617498481","135","true"
"906","9.32247998965525","0","true","906","4.934895070800219","85","true","906","6.0193760775496985","55","true","906","5.901835258621192","15","true","906","6.179221369907496","5","true","906","7.315586874016475","25","true","906","6.267772334909968","35","true","906","9.436116982728853","45","true","906","7.682626246834152","65","true","906","4.915649459929116","75","true","906","4.606583778097595","95","true","906","8.639250628238473","105","true","906","8.248111517708578","115","true","906","5.460340149848917","125","true","906","10.169485020345782","135","true"
"907","9.316304554671657","0","true","907","4.9294601643345795","85","true","907","6.0127468087418245","55","true","907","5.895335440054429","15","true","907","6.172416060028743","5","true","907","7.316111579768488","25","true","907","6.260869501942006","35","true","907","9.436549109664695","45","true","907","7.688821721155301","65","true","907","4.910235749070163","75","true","907","4.601510447945505","95","true","907","8.639251850889469","105","true","907","8.253410721041437","115","true","907","5.454488317924808","125","true","907","10.162931973720463","135","true"
"908","9.306055594765528","0","true","908","4.924037215858964","85","true","908","6.006132125783913","55","true","908","5.888849922518616","15","true","908","6.1656257233290415","5","true","908","7.308152097847892","25","true","908","6.253981856725348","35","true","908","9.426303955752216","45","true","908","7.680625876296793","65","true","908","4.904833949566235","75","true","908","4.596448280235994","95","true","908","8.629887054295343","105","true","908","8.244552893694081","115","true","908","5.44848778072137","125","true","908","10.15175163051505","135","true"
"909","9.299911780952108","0","true","909","4.918626185951426","85","true","909","5.999531980590744","55","true","909","5.882378658867496","15","true","909","6.158850310446262","5","true","909","7.310303111797604","25","true","909","6.2471093491904846","35","true","909","9.425317332800939","45","true","909","7.685025785486437","65","true","909","4.8994440221491296","75","true","909","4.591397238169801","95","true","909","8.630340583704102","105","true","909","8.246296476798777","115","true","909","5.442661834547785","125","true","909","10.14523247343158","135","true"
"910","9.289703315769943","0","true","910","4.913227035363116","85","true","910","5.992946325288229","55","true","910","5.8759216021618235","15","true","910","6.152089772235015","5","true","910","7.30227862978685","25","true","910","6.2402519294877505","35","true","910","9.41529533279039","45","true","910","7.676589972330031","65","true","910","4.8940659277230605","75","true","910","4.586357285109242","95","true","910","8.620959342124712","105","true","910","8.237569405028735","115","true","910","5.436687452731596","125","true","910","10.13409610408643","135","true"
"911","9.283590905362907","0","true","911","4.907839725017323","85","true","911","5.986375112212255","55","true","911","5.869478705668225","15","true","911","6.145344059765459","5","true","911","7.304404682346549","25","true","911","6.23340954798612","35","true","911","9.413854136415052","45","true","911","7.680756270177942","65","true","911","4.888699627363715","75","true","911","4.581328384577323","95","true","911","8.61805363117006","105","true","911","8.242613064106939","115","true","911","5.430887221711889","125","true","911","10.127610602529929","135","true"
"912","9.27342267874148","0","true","912","4.902464216008541","85","true","912","5.979818293907532","55","true","912","5.863049922858074","15","true","912","6.138613124322124","5","true","912","7.296487003100502","25","true","912","6.2265821552720055","35","true","912","9.404388838947064","45","true","912","7.672592219896492","65","true","912","4.883345082317314","75","true","912","4.5763105002568665","95","true","912","8.608949652505686","105","true","912","8.233986220047033","115","true","912","5.424938823878688","125","true","912","10.11651792936177","135","true"
"913","9.26734145592508","0","true","913","4.89710046960153","85","true","913","5.9732758231264516","55","true","913","5.856635207406369","15","true","913","6.131896917402734","5","true","913","7.299388538353905","25","true","913","6.219769702148075","35","true","913","9.404225869887584","45","true","913","7.680139908397615","65","true","913","4.87800225399968","75","true","913","4.571303595989627","95","true","913","8.608685980196269","105","true","913","8.237604696372898","115","true","913","5.419164138910285","125","true","913","10.110065851413404","135","true"
"914","9.257213213896748","0","true","914","4.8917484472303805","85","true","914","5.966747652827952","55","true","914","5.850234513190625","15","true","914","6.125195390717048","5","true","914","7.291471354231273","25","true","914","6.2129721396320665","35","true","914","9.393948027406832","45","true","914","7.67198486128996","65","true","914","4.87267110399531","75","true","914","4.566307635775431","95","true","914","8.599571939054798","105","true","914","8.228601849710195","115","true","914","5.413241555151913","125","true","914","10.099016599116778","135","true"
"915","9.250976432478888","0","true","915","4.886542766952913","85","true","915","5.960233736176394","55","true","915","5.843847794289761","15","true","915","6.118508496185697","5","true","915","7.293006402809842","25","true","915","6.206189418955613","35","true","915","9.393138033463506","45","true","915","7.67569472491194","65","true","915","4.86735159405645","75","true","915","4.561322583771308","95","true","915","8.600275981951887","105","true","915","8.232428594669358","115","true","915","5.407492248609999","125","true","915","10.092597714930578","135","true"
"916","9.240888126663751","0","true","916","4.881213930783935","85","true","916","5.953734026540433","55","true","916","5.837475004983011","15","true","916","6.111836185939039","5","true","916","7.285136831968863","25","true","916","6.1994214915630765","35","true","916","9.383692332600438","45","true","916","7.667697362124707","65","true","916","4.86204368610219","75","true","916","4.556348404290642","95","true","916","8.591565155156887","105","true","916","8.224040380156387","115","true","916","5.401595310498101","125","true","916","10.082204199115314","135","true"
"917","9.234868842238795","0","true","917","4.875896704279813","85","true","917","5.947248477491914","55","true","917","5.831116099748825","15","true","917","6.105178412316011","5","true","917","7.287110937927159","25","true","917","6.192668309110394","35","true","917","9.383255335566488","45","true","917","7.669180946737763","65","true","917","4.856747342217547","75","true","917","4.551385061802308","95","true","917","8.592744374025822","105","true","917","8.226907855638625","115","true","917","5.3958712162195175","125","true","917","10.075205692332208","135","true"
"918","9.224820018689025","0","true","918","4.87059104954175","85","true","918","5.940777042804762","55","true","918","5.824771033263788","15","true","918","6.098535127863002","5","true","918","7.279181546264562","25","true","918","6.185929823463918","35","true","918","9.373451661593144","45","true","918","7.66083580969017","65","true","918","4.8514625246525656","75","true","918","4.5464325209298355","95","true","918","8.58370917329161","105","true","918","8.217955834032926","115","true","918","5.3899997567894635","125","true","918","10.064242465245883","135","true"
"919","9.218831284999748","0","true","919","4.865296928835726","85","true","919","5.934319676453888","55","true","919","5.818439760401545","15","true","919","6.0919062853327155","5","true","919","7.280877202168293","25","true","919","6.179205986699284","35","true","919","9.373749458750716","45","true","919","7.665512994544099","65","true","919","4.846189195821422","75","true","919","4.541490746450564","95","true","919","8.583211676182984","105","true","919","8.220602179508873","115","true","919","5.384300710056821","125","true","919","10.057278696231728","135","true"
"920","9.20882169619953","0","true","920","4.860014304591606","85","true","920","5.9278763326140895","55","true","920","5.812122236231728","15","true","920","6.0852918376830605","5","true","920","7.273175686064008","25","true","920","6.172496751100262","35","true","920","9.36411595840977","45","true","920","7.657435257563086","65","true","920","4.840927318301529","75","true","920","4.536559703294809","95","true","920","8.574071818374867","105","true","920","8.211676444243391","115","true","920","5.37845456379183","125","true","920","10.046358741078382","135","true"
"921","9.202677986588833","0","true","921","4.854876919568263","85","true","921","5.921446965658977","55","true","921","5.805818416018895","15","true","921","6.078691738076029","5","true","921","7.27528319109822","25","true","921","6.165802069157636","35","true","921","9.362943524921803","45","true","921","7.658625089575682","65","true","921","4.835676854832656","75","true","921","4.531639356545031","95","true","921","8.573440269601765","105","true","921","8.214234758862693","115","true","921","5.372780401317824","125","true","921","10.039429474517803","135","true"
"922","9.19270758790347","0","true","922","4.849617031248037","85","true","922","5.915031530159888","55","true","922","5.799528255221475","15","true","922","6.072105939876597","5","true","922","7.267763831199657","25","true","922","6.159121893568083","35","true","922","9.352933514822453","45","true","922","7.650327554267366","65","true","922","4.8304377683160435","75","true","922","4.526729671435015","95","true","922","8.56478062554863","105","true","922","8.205335262915929","115","true","922","5.366959404133298","125","true","922","10.02855251950749","135","true"
"923","9.18677953318123","0","true","923","4.844368527967466","85","true","923","5.9086299808848235","55","true","923","5.793251709490716","15","true","923","6.065534396651622","5","true","923","7.268941228884494","25","true","923","6.152456177233053","35","true","923","9.351713179285184","45","true","923","7.655242960254609","65","true","923","4.825210021813537","75","true","923","4.521830613349047","95","true","923","8.565723006466502","105","true","923","8.20989202549544","115","true","923","5.36130996404523","125","true","923","10.021657522161945","135","true"
"924","9.176847879631845","0","true","924","4.839131372802096","85","true","924","5.9022422727973805","55","true","924","5.786988734669644","15","true","924","6.058977062168755","5","true","924","7.261082914042458","25","true","924","6.145804873257666","35","true","924","9.342263897873693","45","true","924","7.647419573934743","65","true","924","4.819993578546711","75","true","924","4.516942147821101","95","true","924","8.556618991301992","105","true","924","8.201170513196258","115","true","924","5.355513953273289","125","true","924","10.010823297813662","135","true"
"925","9.170949755598283","0","true","925","4.833905528986975","85","true","925","5.895868361055698","55","true","925","5.7807392867920315","15","true","925","6.0524338903953545","5","true","925","7.262605269646244","25","true","925","6.139167934949612","35","true","925","9.341739976974715","45","true","925","7.651415770947689","65","true","925","4.814788401896013","75","true","925","4.512064240534038","95","true","925","8.55573600958336","105","true","925","8.203826028260918","115","true","925","5.349889075097787","125","true","925","10.00396233849877","135","true"
"926","9.161056605915869","0","true","926","4.828690959915791","85","true","926","5.8895082010114095","55","true","926","5.774503322081361","15","true","926","6.045904835497409","5","true","926","7.25477074400477","25","true","926","6.132545315818059","35","true","926","9.33166258757129","45","true","926","7.643161816502222","65","true","926","4.809594455399901","75","true","926","4.507196857318791","95","true","926","8.54685000511309","105","true","926","8.195402609805802","115","true","926","5.344117889472007","125","true","926","9.993170577615816","135","true"
"927","9.155188209815263","0","true","927","4.82348762914002","85","true","927","5.883161748208596","55","true","927","5.768280796949807","15","true","927","6.039389851838468","5","true","927","7.256211780565958","25","true","927","6.125936969572566","35","true","927","9.330615906954495","45","true","927","7.647016205376733","65","true","927","4.804411702753995","75","true","927","4.502339964153577","95","true","927","8.545070472000214","105","true","927","8.198958928442366","115","true","927","5.338517414119945","125","true","927","9.986343427178971","135","true"
"928","9.145333324767021","0","true","928","4.818295500368071","85","true","928","5.876828958382752","55","true","928","5.762071667997224","15","true","928","6.032888893978577","5","true","928","7.248567106924074","25","true","928","6.1193428501220035","35","true","928","9.320936654926147","45","true","928","7.639026798668987","65","true","928","4.799240107810235","75","true","928","4.4974935271630985","95","true","928","8.535872333709579","105","true","928","8.190133353707767","115","true","928","5.332770893760289","125","true","928","9.975593864824633","135","true"
"929","9.139494455627007","0","true","929","4.81311453746445","85","true","929","5.87050978745976","55","true","929","5.75587589201013","15","true","929","6.026401916673224","5","true","929","7.249763495286623","25","true","929","6.112762911573485","35","true","929","9.321480162979894","45","true","929","7.641179575702953","65","true","929","4.79407963457603","75","true","929","4.492657512617762","95","true","929","8.53612415751162","105","true","929","8.192491601483988","115","true","929","5.3271946635119","125","true","929","9.968800296122913","135","true"
"930","9.129677597994755","0","true","930","4.807944704448913","85","true","930","5.864204191554863","55","true","930","5.74969342596071","15","true","930","6.019928874872286","5","true","930","7.241976423863115","25","true","930","6.106197108231301","35","true","930","9.311751487328882","45","true","930","7.633980121331681","65","true","930","4.788930247213435","75","true","930","4.487831886932888","95","true","930","8.527763319160218","105","true","930","8.184107918339398","115","true","930","5.321472649909847","125","true","930","9.958092669596464","135","true"
"931","9.123684726575378","0","true","931","4.8029183102521555","85","true","931","5.857912126971649","55","true","931","5.743524227005817","15","true","931","6.01346972371899","5","true","931","7.244023513191759","25","true","931","6.09964539459586","35","true","931","9.313314126143698","45","true","931","7.640150325156575","65","true","931","4.783791910038313","75","true","931","4.483016616667939","95","true","931","8.527947883971","105","true","931","8.186868477397187","115","true","931","5.315920508400027","125","true","931","9.95133245747482","135","true"
"932","9.113905857629424","0","true","932","4.797770487840309","85","true","932","5.851633550201047","55","true","932","5.737368252485982","15","true","932","6.007024418548873","5","true","932","7.236259286489516","25","true","932","6.093107725362637","35","true","932","9.304185052354628","45","true","932","7.631961525236793","65","true","932","4.778664587519516","75","true","932","4.478211668525744","95","true","932","8.518934033594547","105","true","932","8.178093698750459","115","true","932","5.310222844403886","125","true","932","9.94091367643156","135","true"
"933","9.107942705142815","0","true","933","4.792765749965824","85","true","933","5.845368417920318","55","true","933","5.731225459924434","15","true","933","6.000592914888757","5","true","933","7.237536455893751","25","true","933","6.086584055421136","35","true","933","9.304309382117646","45","true","933","7.636317081549883","65","true","933","4.77354824427806","75","true","933","4.473417009351733","95","true","933","8.51773021569581","105","true","933","8.183096679686065","115","true","933","5.3046946366076915","125","true","933","9.933939427557554","135","true"
"934","9.098384331757012","0","true","934","4.787639797292063","85","true","934","5.83911668699206","55","true","934","5.725095807026119","15","true","934","5.994175168455721","5","true","934","7.2300306413067625","25","true","934","6.080074339853841","35","true","934","9.294358249088642","45","true","934","7.6284555931342455","65","true","934","4.7684428450863185","75","true","934","4.468632606133175","95","true","934","8.508620343807365","105","true","934","8.17489729742479","115","true","934","5.299021166408111","125","true","934","9.923314893410435","135","true"
"935","9.092267957306117","0","true","935","4.782524797508632","85","true","935","5.8328783144632235","55","true","935","5.718979251676732","15","true","935","5.9877711351560885","5","true","935","7.232182679244166","25","true","935","6.073578533935193","35","true","935","9.295179856653046","45","true","935","7.631193829431884","65","true","935","4.763348354867209","75","true","935","4.463858425998417","95","true","935","8.508289978312188","105","true","935","8.178525683704793","115","true","935","5.293516738626433","125","true","935","9.916374348896227","135","true"
"936","9.082564362901309","0","true","936","4.777420715547576","85","true","936","5.826653257564116","55","true","936","5.712875751941752","15","true","936","5.9813807710844165","5","true","936","7.224660080308122","25","true","936","6.067096593130566","35","true","936","9.28562106360712","45","true","936","7.623254063818117","65","true","936","4.758264738693391","75","true","936","4.4590944362161355","95","true","936","8.499360579570212","105","true","936","8.16979726782037","115","true","936","5.2878673077420935","125","true","936","9.906037353586958","135","true"
"937","9.076477895398982","0","true","937","4.772327516490489","85","true","937","5.820441473707438","55","true","937","5.706785266065481","15","true","937","5.975004032522493","5","true","937","7.226425589914732","25","true","937","6.060628473095246","35","true","937","9.285746985139987","45","true","937","7.627501864519377","65","true","937","4.753191961786469","75","true","937","4.4543406041945826","95","true","937","8.50099076341122","105","true","937","8.171500489077845","115","true","937","5.2823865075875265","125","true","937","9.898884174621514","135","true"
"938","9.066811784754254","0","true","938","4.76724516556771","85","true","938","5.8142429204873025","55","true","938","5.700707752470097","15","true","938","5.968640875938337","5","true","938","7.218799163847715","25","true","938","6.054174129673419","35","true","938","9.276181028506464","45","true","938","7.619378859338845","65","true","938","4.748129989516196","75","true","938","4.449596897480851","95","true","938","8.492637343048024","105","true","938","8.163684217955822","115","true","938","5.276760962851012","125","true","938","9.888342231943536","135","true"
"939","9.060391485692692","0","true","939","4.762304846575691","85","true","939","5.808057555678273","55","true","939","5.694643169754704","15","true","939","5.962291257985211","5","true","939","7.220381216790723","25","true","939","6.0477335188971715","35","true","939","9.27414205307445","45","true","939","7.620918040437696","65","true","939","4.743078787399689","75","true","939","4.444863283760126","95","true","939","8.490922216640287","105","true","939","8.168117911950937","115","true","939","5.271303639233892","125","true","939","9.880977767590284","135","true"
"940","9.050763014400776","0","true","940","4.757243948757863","85","true","940","5.801885337234407","55","true","940","5.68859147669439","15","true","940","5.955955135500636","5","true","940","7.2127081230428045","25","true","940","6.041306596985485","35","true","940","9.264286429213584","45","true","940","7.613303585387829","65","true","940","4.738038321100646","75","true","940","4.440139730854962","95","true","940","8.48189891991697","105","true","940","8.159437659122084","115","true","940","5.265701828777745","125","true","940","9.870477259867021","135","true"
"941","9.044373383458616","0","true","941","4.752324735768811","85","true","941","5.795726223288298","55","true","941","5.682552632239301","15","true","941","5.949632465505412","5","true","941","7.213215031464828","25","true","941","6.034893320343249","35","true","941","9.263338655992952","45","true","941","7.619072327712914","65","true","941","4.733008556428564","75","true","941","4.435426206724542","95","true","941","8.484118093968297","105","true","941","8.161782773382098","115","true","941","5.260267831892374","125","true","941","9.863147396257702","135","true"
"942","9.034782319425256","0","true","942","4.747285154924941","85","true","942","5.789580172150134","55","true","942","5.676526595513702","15","true","942","5.94332320520265","5","true","942","7.20595448138829","25","true","942","6.0284936455602764","35","true","942","9.253515391246406","45","true","942","7.611198618676885","65","true","942","4.727989459337972","75","true","942","4.4307226794639645","95","true","942","8.475121150072255","105","true","942","8.153735828171088","115","true","942","5.25468960513533","125","true","942","9.852688067099423","135","true"
"943","9.028604154104151","0","true","943","4.742256251159131","85","true","943","5.7834471423067555","55","true","943","5.670513325815065","15","true","943","5.9370273119768","5","true","943","7.207794559689677","25","true","943","6.022107529410319","35","true","943","9.251142750721975","45","true","943","7.614885660489074","65","true","943","4.7229809959276565","75","true","943","4.426029117303516","95","true","943","8.474610965841302","105","true","943","8.158087098802953","115","true","943","5.2492787864463715","125","true","943","9.84539257734602","135","true"
"944","9.0190500756342","0","true","944","4.737237990575894","85","true","944","5.777327092420716","55","true","944","5.664512782613144","15","true","944","5.9307447433926965","5","true","944","7.200314960028127","25","true","944","6.0157349288500965","35","true","944","9.24225680188929","45","true","944","7.607226154467949","65","true","944","4.717983132439903","75","true","944","4.421345488607956","95","true","944","8.46606198001099","105","true","944","8.1496484268712","115","true","944","5.243723994079762","125","true","944","9.834974172502267","135","true"
"945","9.012720985350109","0","true","945","4.732360725589102","85","true","945","5.771219981329362","55","true","945","5.658524925549071","15","true","945","5.924475457194608","5","true","945","7.201347776191565","25","true","945","6.009375801018331","35","true","945","9.242313327274873","45","true","945","7.611819780520686","65","true","945","4.712995835259734","75","true","945","4.416671761875813","95","true","945","8.465929667532219","105","true","945","8.153760888643824","115","true","945","5.238336206308809","125","true","945","9.82771283166441","135","true"
"946","9.003203856537702","0","true","946","4.727363512573696","85","true","946","5.765125768043903","55","true","946","5.652549714434447","15","true","946","5.918219411305278","5","true","946","7.193823188815129","25","true","946","6.003030103234784","35","true","946","9.232553756707528","45","true","946","7.604715295627262","65","true","946","4.708019070914158","75","true","946","4.412007905738668","95","true","946","8.456989931874846","105","true","946","8.145445096255301","115","true","946","5.23280470028314","125","true","946","9.817335099001617","135","true"
"947","8.996904834185749","0","true","947","4.722506953291519","85","true","947","5.759044411748499","55","true","947","5.6465871092504445","15","true","947","5.911976563824998","5","true","947","7.194941030516715","25","true","947","5.996697792999305","35","true","947","9.231184264510551","45","true","947","7.6085933846756895","65","true","947","4.703052806071422","75","true","947","4.407353888960463","95","true","947","8.4559153890701","105","true","947","8.14939545297092","115","true","947","5.227439797395455","125","true","947","9.810107684065843","135","true"
"948","8.987424428670273","0","true","948","4.717530655132097","85","true","948","5.752975871799343","55","true","948","5.640637070146914","15","true","948","5.905746873030663","5","true","948","7.187359427744832","25","true","948","5.990378827990876","35","true","948","9.221456989205482","45","true","948","7.6005758995495825","65","true","948","4.6980970075402615","75","true","948","4.402709680436796","95","true","948","8.447005046194366","105","true","948","8.141447702745223","115","true","948","5.221931430907157","125","true","948","9.799770373545226","135","true"
"949","8.98133513375199","0","true","949","4.712564833389853","85","true","949","5.746920107723765","55","true","949","5.634699557441496","15","true","949","5.899530297374841","5","true","949","7.188401532611039","25","true","949","5.984073166066675","35","true","949","9.22022223691118","45","true","949","7.603278590286794","65","true","949","4.693151642269166","75","true","949","4.39807524919423","95","true","949","8.44759407679465","105","true","949","8.144974001125115","115","true","949","5.216589268098579","125","true","949","9.792576663404533","135","true"
"950","8.9718910379226","0","true","950","4.707609455016152","85","true","950","5.740877079219324","55","true","950","5.628774531618739","15","true","950","5.893326795484857","5","true","950","7.181166310536175","25","true","950","5.977780765261136","35","true","950","9.21080463532861","45","true","950","7.595283554965778","65","true","950","4.688216677345645","75","true","950","4.393450564389609","95","true","950","8.438711222875833","105","true","950","8.1366562763422","115","true","950","5.211103895576919","125","true","950","9.78227952706026","135","true"
"951","8.965830852227619","0","true","951","4.702664487101218","85","true","951","5.7348467461529165","55","true","951","5.622861953329224","15","true","951","5.887136326161868","5","true","951","7.182051148243727","25","true","951","5.971501583785022","35","true","951","9.210136756270497","45","true","951","7.598813388788066","65","true","951","4.683292079995492","75","true","951","4.388835595309368","95","true","951","8.439225102081444","105","true","951","8.138436273445798","115","true","951","5.205784329260933","125","true","951","9.775119302493902","135","true"
"952","8.956422845037453","0","true","952","4.69772989687341","85","true","952","5.728829068559891","55","true","952","5.61696178338869","15","true","952","5.880958848379956","5","true","952","7.174514893103912","25","true","952","5.965235580024492","35","true","952","9.20110527334545","45","true","952","7.59104090196807","65","true","952","4.678377817582065","75","true","952","4.384230311368855","95","true","952","8.430660117884297","105","true","952","8.130263566437906","115","true","952","5.200321806355098","125","true","952","9.764862094411537","135","true"
"953","8.950212475877965","0","true","953","4.692934944479487","85","true","953","5.722824006643163","55","true","953","5.611073982777171","15","true","953","5.8747943212852185","5","true","953","7.175933656305154","25","true","953","5.958982712540189","35","true","953","9.202257358070435","45","true","953","7.596185347064071","65","true","953","4.673473857605564","75","true","953","4.3796346821116545","95","true","953","8.429678794873356","105","true","953","8.135641069762391","115","true","953","5.19502469415007","125","true","953","9.757735138065076","135","true"
"954","8.940840525641445","0","true","954","4.688020876474796","85","true","954","5.716831520772332","55","true","954","5.605198512638138","15","true","954","5.868642704194867","5","true","954","7.1684195896493375","25","true","954","5.952742940066326","35","true","954","9.192621486491305","45","true","954","7.588231226281804","65","true","954","4.668580167702312","75","true","954","4.3750486772089205","95","true","954","8.421012123078446","105","true","954","8.127122073877823","115","true","954","5.189584877716404","125","true","954","9.747517614360296","135","true"
"955","8.934838175987323","0","true","955","4.683117088947103","85","true","955","5.710851571482821","55","true","955","5.5993353342776375","15","true","955","5.8625039565963375","5","true","955","7.169146259987082","25","true","955","5.946516221509771","35","true","955","9.19220388992266","45","true","955","7.591881467102704","65","true","955","4.663696715644046","75","true","955","4.370472266458702","95","true","955","8.420546610279398","105","true","955","8.132731739306903","115","true","955","5.184310078432976","125","true","955","9.74042371072591","135","true"
"956","8.925501876952854","0","true","956","4.678223549669206","85","true","956","5.704884119475002","55","true","956","5.59348440916345","15","true","956","5.856378038146394","5","true","956","7.162044190926419","25","true","956","5.9403025159491545","35","true","956","9.182966238837054","45","true","956","7.584317473567106","65","true","956","4.658823469337208","75","true","956","4.365905419785286","95","true","956","8.411747711000109","105","true","956","8.124233587019226","115","true","956","5.178892826522388","125","true","956","9.73024562952348","135","true"
"957","8.91934971493817","0","true","957","4.673340226548466","85","true","957","5.698929125613337","55","true","957","5.58764569892424","15","true","957","5.850264908670249","5","true","957","7.162738516673703","25","true","957","5.9341017826339675","35","true","957","9.181409446884176","45","true","957","7.589038828885601","65","true","957","4.653960396822242","75","true","957","4.361348107238538","95","true","957","8.412446873296997","105","true","957","8.127379791744724","115","true","957","5.173640200151026","125","true","957","9.72318456492052","135","true"
"958","8.910049037446056","0","true","958","4.668467087626101","85","true","958","5.692986550925523","55","true","958","5.581819165348719","15","true","958","5.844164528160687","5","true","958","7.155269550545785","25","true","958","5.927913980983671","35","true","958","9.172843102971505","45","true","958","7.5811253368846785","65","true","958","4.649107466272897","75","true","958","4.3568002989932415","95","true","958","8.403993867653798","105","true","958","8.119338067548977","115","true","958","5.168245371996541","125","true","958","9.713045686333533","135","true"
"959","8.903925789143388","0","true","959","4.66360410107649","85","true","959","5.6870563566016425","55","true","959","5.576004770384814","15","true","959","5.838076856777186","5","true","959","7.155798760154067","25","true","959","5.921739070586813","35","true","959","9.173179583377433","45","true","959","7.58390584586875","65","true","959","4.64426464599553","75","true","959","4.352261965348457","95","true","959","8.404528786149166","105","true","959","8.121470933759616","115","true","959","5.163014779695251","125","true","959","9.706017248889319","135","true"
"960","8.89466051777071","0","true","960","4.658751235206483","85","true","960","5.681138503993316","55","true","960","5.570202476138836","15","true","960","5.832001854845056","5","true","960","7.1483525595711805","25","true","960","5.9155770112001465","35","true","960","9.163634131157476","45","true","960","7.57601416444745","65","true","960","4.639431904428417","75","true","960","4.3477330767268665","95","true","960","8.396196230016209","105","true","960","8.11301987139358","115","true","960","5.157642235699731","125","true","960","9.695917334998695","135","true"
"961","8.888565996096194","0","true","961","4.653908458454709","85","true","961","5.6752329546128655","55","true","961","5.564412244874658","15","true","961","5.825939482854572","5","true","961","7.14882132138626","25","true","961","5.909427762747756","35","true","961","9.161634063899177","45","true","961","7.5789485125194895","65","true","961","4.634609210141068","75","true","961","4.343213603674136","95","true","961","8.396588063131436","105","true","961","8.119512833151003","115","true","961","5.152433539781912","125","true","961","9.688921314629557","135","true"
"962","8.879335917180205","0","true","962","4.649075739390893","85","true","962","5.669339670132478","55","true","962","5.558634039012898","15","true","962","5.819889701460123","5","true","962","7.141699897328554","25","true","962","5.903291285320188","35","true","962","9.152412649095359","45","true","962","7.5716020849338035","65","true","962","4.6297965318335494","75","true","962","4.338703516858275","95","true","962","8.387992337921965","105","true","962","8.111295224316889","115","true","962","5.147083141505918","125","true","962","9.678860129463795","135","true"
"963","8.873269936630107","0","true","963","4.644253046715177","85","true","963","5.663458612383378","55","true","963","5.552867821130105","15","true","963","5.813852471479356","5","true","963","7.141940481444236","25","true","963","5.89716753917359","35","true","963","9.152436339571807","45","true","963","7.576147392706519","65","true","963","4.624993838335797","75","true","963","4.334202787069003","95","true","963","8.388181207870248","105","true","963","8.11328062157065","115","true","963","5.141896205428379","125","true","963","9.671896317856351","135","true"
"964","8.864074838250179","0","true","964","4.63944034925744","85","true","964","5.657589743355002","55","true","964","5.547113553957949","15","true","964","5.80782775389233","5","true","964","7.135148036514473","25","true","964","5.891056484728851","35","true","964","9.143996984579719","45","true","964","7.56829646276589","65","true","964","4.620201098606952","75","true","964","4.329711385217118","95","true","964","8.379488792110797","105","true","964","8.104873076885085","115","true","964","5.136567815578195","125","true","964","9.661873627371525","135","true"
"965","8.858037214884378","0","true","965","4.634637615976636","85","true","965","5.651733025194179","55","true","965","5.541371200382423","15","true","965","5.801815509840682","5","true","965","7.1347857608001295","25","true","965","5.884958082570746","35","true","965","9.143446105876796","45","true","965","7.573953596566633","65","true","965","4.615418281734687","75","true","965","4.32522928233387","95","true","965","8.380072441376843","105","true","965","8.109553576340709","115","true","965","5.131402503929313","125","true","965","9.654941817964193","135","true"
"966","8.848876886844167","0","true","966","4.629844815960114","85","true","966","5.64588842020432","55","true","966","5.535640723443041","15","true","966","5.7958157006267825","5","true","966","7.12740749217469","25","true","966","5.878872293447095","35","true","966","9.133990629035145","45","true","966","7.566121172992107","65","true","966","4.6106453569345485","75","true","966","4.32075644957034","95","true","966","8.371655727667955","105","true","966","8.101359540932933","115","true","966","5.1260959863451045","125","true","966","9.644957390024208","135","true"
"967","8.84286743826983","0","true","967","4.625061918422965","85","true","967","5.640055890844604","55","true","967","5.529922086332046","15","true","967","5.789828287712912","5","true","967","7.12698783603364","25","true","967","5.8727990782679145","35","true","967","9.133285333037653","45","true","967","7.5688456974028","65","true","967","4.605882293549286","75","true","967","4.3162928581968165","95","true","967","8.37228891006485","105","true","967","8.104639281763275","115","true","967","5.120952164833135","125","true","967","9.638057377988943","135","true"
"968","8.833741672079665","0","true","968","4.620288892707358","85","true","968","5.634235399729182","55","true","968","5.524215252393623","15","true","968","5.783853232720432","5","true","968","7.120371750859778","25","true","968","5.866738398104583","35","true","968","9.123859857977758","45","true","968","7.561435898673491","65","true","968","4.601129061048202","75","true","968","4.311838479602186","95","true","968","8.364406858682752","105","true","968","8.096889711830121","115","true","968","5.11566738447727","125","true","968","9.628452709867409","135","true"
"969","8.827760217435134","0","true","969","4.615525708281887","85","true","969","5.628426909626368","55","true","969","5.518520185123115","15","true","969","5.7778904974289675","5","true","969","7.119222067657941","25","true","969","5.860690214189011","35","true","969","9.124396139254262","45","true","969","7.566088097783557","65","true","969","4.5963856290265035","75","true","969","4.307393285293318","95","true","969","8.364748161981028","105","true","969","8.100836456559973","115","true","969","5.110544919918796","125","true","969","9.621242564570295","135","true"
"970","8.818668806294625","0","true","970","4.610772334740917","85","true","970","5.622630383457855","55","true","970","5.512836848166242","15","true","970","5.771940043775591","5","true","970","7.111890222068181","25","true","970","5.854654487912812","35","true","970","9.115180371758118","45","true","970","7.55829604001035","65","true","970","4.591651967204642","75","true","970","4.302957246894458","95","true","970","8.35613359126838","105","true","970","8.092493679570724","115","true","970","5.105281742864297","125","true","970","9.611333972845712","135","true"
"971","8.812715166233504","0","true","971","4.60602874180394","85","true","971","5.616845784297919","55","true","971","5.507165205318334","15","true","971","5.766001833854011","5","true","971","7.110751630322306","25","true","971","5.848631180826483","35","true","971","9.114552622645787","45","true","971","7.563093891106093","65","true","971","4.586928045427683","75","true","971","4.298530336146624","95","true","971","8.355645669102856","105","true","971","8.097127894706883","115","true","971","5.1001805031728304","125","true","971","9.604156275107872","135","true"
"972","8.803657905014353","0","true","972","4.601294899314934","85","true","972","5.611073075372638","55","true","972","5.5015052205235575","15","true","972","5.76007582991377","5","true","972","7.103443560815294","25","true","972","5.842620254638582","35","true","972","9.10571933389816","45","true","972","7.555320927189232","65","true","972","4.582213833664654","75","true","972","4.294112524907008","95","true","972","8.347058160707068","105","true","972","8.08922611164051","115","true","972","5.094938796591975","125","true","972","9.594625933579726","135","true"
"973","8.797731901689785","0","true","973","4.596570777241715","85","true","973","5.605312220059114","55","true","973","5.495856857874149","15","true","973","5.754161994359444","5","true","973","7.10231597917696","25","true","973","5.836621671214929","35","true","973","9.106382717624799","45","true","973","7.558407692929466","65","true","973","4.577509302007914","75","true","973","4.289703785148377","95","true","973","8.346074905123832","105","true","973","8.093692684251257","115","true","973","5.089858650766683","125","true","973","9.587140155212031","135","true"
"974","8.78870858691882","0","true","974","4.591856345675313","85","true","974","5.599563181884694","55","true","974","5.490220081609663","15","true","974","5.748260289749845","5","true","974","7.095240549702136","25","true","974","5.830635392577785","35","true","974","9.097042837914413","45","true","974","7.55093501153872","65","true","974","4.572814420672521","75","true","974","4.285304088958481","95","true","974","8.33798561977725","105","true","974","8.085843931204757","115","true","974","5.084638282919743","125","true","974","9.577307190950275","135","true"
"975","8.782810043967967","0","true","975","4.587151574829334","85","true","975","5.593825924526206","55","true","975","5.48459485611621","15","true","975","5.742370678797232","5","true","975","7.093771700687534","25","true","975","5.824661380905063","35","true","975","9.09586048601654","45","true","975","7.554332356328699","65","true","975","4.568129159995602","75","true","975","4.280913408539466","95","true","975","8.337046442274156","105","true","975","8.088615038470492","115","true","975","5.079579101034332","125","true","975","9.569515220298916","135","true"
"976","8.773820473810375","0","true","976","4.582456435039335","85","true","976","5.588100411809188","55","true","976","5.4789811459257125","15","true","976","5.736493124366529","5","true","976","7.08651093129072","25","true","976","5.81869959852952","35","true","976","9.087050101298365","45","true","976","7.546793255232213","65","true","976","4.56345349043573","75","true","976","4.276531716207287","95","true","976","8.32866973888466","105","true","976","8.08033600567779","115","true","976","5.074379941258452","125","true","976","9.559720424781721","135","true"
"977","8.767949216339082","0","true","977","4.577770896762199","85","true","977","5.582386607707134","55","true","977","5.473378915715155","15","true","977","5.730627589474539","5","true","977","7.08505401204753","25","true","977","5.812750007937977","35","true","977","9.088126113713495","45","true","977","7.549594758135293","65","true","977","4.558787382572299","75","true","977","4.272158984391123","95","true","977","8.328776586917062","105","true","977","8.082817722623716","115","true","977","5.06934159445017","125","true","977","9.551962371009168","135","true"
"978","8.75899319058184","0","true","978","4.573094930575516","85","true","978","5.576684476340732","55","true","978","5.467788130305844","15","true","978","5.724774037289171","5","true","978","7.078090505998495","25","true","978","5.806812571770522","35","true","978","9.078943378944128","45","true","978","7.541883221099404","65","true","978","4.554130807104912","75","true","978","4.267795185632807","95","true","978","8.320269154244011","105","true","978","8.074706235116254","115","true","978","5.064163513148382","125","true","978","9.542205514654714","135","true"
"979","8.753149045149497","0","true","979","4.56842850717697","85","true","979","5.570993981977119","55","true","979","5.462208754662675","15","true","979","5.718932431128672","5","true","979","7.076371905810137","25","true","979","5.800887252819735","35","true","979","9.077279364917457","45","true","979","7.544684016888531","65","true","979","4.549483734852763","75","true","979","4.263440292586243","95","true","979","8.321546025407391","105","true","979","8.077453600013147","115","true","979","5.059145873607167","125","true","979","9.534481166002234","135","true"
"980","8.744226365185023","0","true","980","4.563771597383721","85","true","980","5.56531508902913","55","true","980","5.456640753893396","15","true","980","5.713102734460855","5","true","980","7.069158478790962","25","true","980","5.7949740140299095","35","true","980","9.068569111507799","45","true","980","7.537231537358436","65","true","980","4.5448461367540345","75","true","980","4.259094278016839","95","true","980","8.313063307746425","105","true","980","8.06921970235768","115","true","980","5.054138463708239","125","true","980","9.524762021082763","135","true"
"981","8.738409159789605","0","true","981","4.559124172131803","85","true","981","5.559647762054559","55","true","981","5.451084093247883","15","true","981","5.707284910902341","5","true","981","7.067452474557375","25","true","981","5.789072818496274","35","true","981","9.066989649355614","45","true","981","7.540171079973815","65","true","981","4.540217983865284","75","true","981","4.2547571148009355","95","true","981","8.31356586953113","105","true","981","8.072646972893972","115","true","981","5.048991683195298","125","true","981","9.517071167533008","135","true"
"982","8.729519628599585","0","true","982","4.554486202475514","85","true","982","5.553991965755419","55","true","982","5.445538738117417","15","true","982","5.701478924217801","5","true","982","7.060422083716526","25","true","982","5.783183629464233","35","true","982","9.05776585520571","45","true","982","7.532815276367735","65","true","982","4.535599247360842","75","true","982","4.250428775925248","95","true","982","8.305519929723301","105","true","982","8.065155341502814","115","true","982","5.043855374260206","125","true","982","9.507389508156066","135","true"
"983","8.723729192662883","0","true","983","4.549857659586819","85","true","983","5.5483476649772125","55","true","983","5.440004654033965","15","true","983","5.695684738319206","5","true","983","7.058569301155234","25","true","983","5.777306410328599","35","true","983","9.056020818058249","45","true","983","7.53673751326253","65","true","983","4.530989898532224","75","true","983","4.246109234486299","95","true","983","8.305536806235997","105","true","983","8.068421402731332","115","true","983","5.038729504977421","125","true","983","9.499731941415282","135","true"
"984","8.714872614802312","0","true","984","4.545238514754751","85","true","984","5.5427148247082","55","true","984","5.434481806669464","15","true","984","5.689902317265075","5","true","984","7.0517797065743775","25","true","984","5.771441124632833","35","true","984","9.047349199636992","45","true","984","7.529086003096781","65","true","984","4.526389908787521","75","true","984","4.241798463689867","95","true","984","8.297104789173828","105","true","984","8.06060543304458","115","true","984","5.033614043551048","125","true","984","9.490087543505215","135","true"
"985","8.709108779155338","0","true","985","4.540628739384818","85","true","985","5.537093410078678","55","true","985","5.428970161835113","15","true","985","5.6841316252597345","5","true","985","7.049563363468717","25","true","985","5.765587736068297","35","true","985","9.047200364679771","45","true","985","7.53236091053806","65","true","985","4.52179924965082","75","true","985","4.237496436850424","95","true","985","8.297276456211263","105","true","985","8.062101465701373","115","true","985","5.02850895831418","125","true","985","9.48246305698566","135","true"
"986","8.700284960736742","0","true","986","4.53602830499841","85","true","986","5.53148338636026","55","true","986","5.42346968548067","15","true","986","5.678372626652582","5","true","986","7.0424209487134295","25","true","986","5.759746208473496","35","true","986","9.038555254556607","45","true","986","7.524932844846462","65","true","986","4.517217892761609","75","true","986","4.233203127390596","95","true","986","8.288869894452183","105","true","986","8.05494300929785","115","true","986","5.0234142177282495","125","true","986","9.47285569826531","135","true"
"987","8.694547557605313","0","true","987","4.531437183232217","85","true","987","5.525884718965159","55","true","987","5.417980343693746","15","true","987","5.672625285937347","5","true","987","7.04021856455926","25","true","987","5.753916505833341","35","true","987","9.03787492864406","45","true","987","7.53044254644511","65","true","987","4.512645809874199","75","true","987","4.228918508840606","95","true","987","8.290466126451928","105","true","987","8.056751516860103","115","true","987","5.018329790382371","125","true","987","9.465264087067899","135","true"
"988","8.685947422096065","0","true","988","4.526855345837644","85","true","988","5.520297373445477","55","true","988","5.412502102699111","15","true","988","5.6668895677513635","5","true","988","7.03310004224929","25","true","988","5.748098592278404","35","true","988","9.029401042809544","45","true","988","7.523108328158555","65","true","988","4.508082972857137","75","true","988","4.224642554837734","95","true","988","8.282083450894342","105","true","988","8.048809043801898","115","true","988","5.013255644992702","125","true","988","9.45569354704053","135","true"
"989","8.68004516927367","0","true","989","4.522282764680233","85","true","989","5.514721315492502","55","true","989","5.4070349288580015","15","true","989","5.661165436874847","5","true","989","7.0309115224130725","25","true","989","5.742292432084183","35","true","989","9.027898262193283","45","true","989","7.526980463065225","65","true","989","4.503529353692635","75","true","989","4.220375239125777","95","true","989","8.281320896644672","105","true","989","8.05305326003261","115","true","989","5.0081917504018","125","true","989","9.448134607937686","135","true"
"990","8.671286294228995","0","true","990","4.517719411739082","85","true","990","5.509156510936001","55","true","990","5.401578788667428","15","true","990","5.65545285823017","5","true","990","7.024132758572097","25","true","990","5.736497989670374","35","true","990","9.018788374945862","45","true","990","7.520157493478862","65","true","990","4.498984924475992","75","true","990","4.21611653555451","95","true","990","8.273846590706027","105","true","990","8.045349657525945","115","true","990","5.003138075577985","125","true","990","9.438600667869132","135","true"
"991","8.665410720472645","0","true","991","4.51316525910628","85","true","991","5.503602925743525","55","true","991","5.3961336487594975","15","true","991","5.649751796881148","5","true","991","7.021642008662637","25","true","991","5.7307152296001425","35","true","991","9.017513350939131","45","true","991","7.5247586921232825","65","true","991","4.4944496574150286","75","true","991","4.211866418079152","95","true","991","8.27324865197307","105","true","991","8.048186839148887","115","true","991","4.9980945896147","125","true","991","9.431074199287835","135","true"
"992","8.656684224278816","0","true","992","4.508620278986335","85","true","992","5.498060526019715","55","true","992","5.3906994759007265","15","true","992","5.6440622180323246","5","true","992","7.0145708686740535","25","true","992","5.724944116579397","35","true","992","9.00908882199278","45","true","992","7.517180888807951","65","true","992","4.489923524829515","75","true","992","4.207624860759838","95","true","992","8.264917082333621","105","true","992","8.04008191786072","115","true","992","4.993061261729892","125","true","992","9.421576642188855","135","true"
"993","8.650835162813678","0","true","993","4.504084443695604","85","true","993","5.492529278005611","55","true","993","5.38527623699137","15","true","993","5.638384087028268","5","true","993","7.012094749941371","25","true","993","5.7191846154560775","35","true","993","9.008827183758589","45","true","993","7.523175090144316","65","true","993","4.485406499150612","75","true","993","4.203391837761085","95","true","993","8.265202605401855","105","true","993","8.044008842723175","115","true","993","4.9880380612653745","125","true","993","9.41408244419392","135","true"
"994","8.642140856117383","0","true","994","4.499557725661739","85","true","994","5.487009148077966","55","true","994","5.379863899064745","15","true","994","5.6327173693528625","5","true","994","7.005047418534394","25","true","994","5.713436691219438","35","true","994","9.000090211440387","45","true","994","7.515614110154221","65","true","994","4.480898552920309","75","true","994","4.199167323351275","95","true","994","8.25689586911502","105","true","994","8.03674710508216","115","true","994","4.983024957686213","125","true","994","9.40462105480277","135","true"
"995","8.63631814153085","0","true","995","4.495040097423122","85","true","995","5.481500102748571","55","true","995","5.3744624292865675","15","true","995","5.627062030628613","5","true","995","7.002585833624607","25","true","995","5.707700308999338","35","true","995","8.999795054573116","45","true","995","7.518036145401365","65","true","995","4.476399658790871","75","true","995","4.194951291902127","95","true","995","8.255308493126673","105","true","995","8.040487048120383","115","true","995","4.978021920580103","125","true","995","9.397158929080302","135","true"
"996","8.62765583647415","0","true","996","4.490531531628315","85","true","996","5.476002108663567","55","true","996","5.3690717949542845","15","true","996","5.621418036615946","5","true","996","6.995637967723987","25","true","996","5.701975434065537","35","true","996","8.990931373346985","45","true","996","7.5111830639647446","65","true","996","4.471909789524281","75","true","996","4.190743717888183","95","true","996","8.24774290497148","105","true","996","8.032422367028989","115","true","996","4.973028919656753","125","true","996","9.387733493845516","135","true"
"997","8.621859304702063","0","true","997","4.486032001035501","85","true","997","5.470515132602783","55","true","997","5.363691963496414","15","true","997","5.615785353212524","5","true","997","6.993115029196893","25","true","997","5.696262031826995","35","true","997","8.990461273257894","45","true","997","7.517057119084441","65","true","997","4.4674289179916915","75","true","997","4.186544575886291","95","true","997","8.24937066408142","105","true","997","8.035770155879735","115","true","997","4.968045924747277","125","true","997","9.380303243686576","135","true"
"998","8.613228814907567","0","true","998","4.481541478511942","85","true","998","5.465039141479056","55","true","998","5.358322902471893","15","true","998","5.610163946452551","5","true","998","6.986114914052552","25","true","998","5.690560067831172","35","true","998","8.981461812523902","45","true","998","7.509532537383657","65","true","998","4.462957017172881","75","true","998","4.182353840575094","95","true","998","8.241266196180172","105","true","998","8.027726341909885","115","true","998","4.963072905803586","125","true","998","9.370913550749954","135","true"
"999","8.607458303220591","0","true","999","4.47705993703343","85","true","999","5.459574102337577","55","true","999","5.352964579569421","15","true","999","5.604553782506098","5","true","999","6.983606544456183","25","true","999","5.684869507763341","35","true","999","8.982461550524166","45","true","999","7.512860003268183","65","true","999","4.458494060155708","75","true","999","4.178171486734519","95","true","999","8.24208453070874","105","true","999","8.031325017019222","115","true","999","4.958109832897782","125","true","999","9.363514981034427","135","true"
"1000","8.598859443776814","0","true","1000","4.472587349683747","85","true","1000","5.4541199823552216","55","true","1000","5.347616962606814","15","true","1000","5.59895482767842","5","true","1000","6.977222004792207","25","true","1000","5.679190317445895","35","true","1000","8.974002025172112","45","true","1000","7.5059303227932155","65","true","1000","4.454040020135572","75","true","1000","4.173997489245274","95","true","1000","8.233850680028711","105","true","1000","8.023587437548153","115","true","1000","4.95315667622156","125","true","1000","9.354160820214213","135","true"
"1001","8.59311479076699","0","true","1001","4.468123689654122","85","true","1001","5.448676748839897","55","true","1001","5.34228001953036","15","true","1001","5.59336704840928","5","true","1001","6.97413601773839","25","true","1001","5.673522462837665","35","true","1001","8.974021824738616","45","true","1001","7.507438455256693","65","true","1001","4.449594870414878","75","true","1001","4.169831823088342","95","true","1001","8.234739432434365","105","true","1001","8.025472805322051","115","true","1001","4.948213406085611","125","true","1001","9.346793737394862","135","true"
"1002","8.58454737821388","0","true","1002","4.463668930242703","85","true","1002","5.4432443692298875","55","true","1002","5.336953718414179","15","true","1002","5.587790411272282","5","true","1002","6.967182741549219","25","true","1002","5.667865910033242","35","true","1002","8.96507464445473","45","true","1002","7.49995347175195","65","true","1002","4.445158584402501","75","true","1002","4.1656744633444855","95","true","1002","8.227292071239193","105","true","1002","8.01747133692193","115","true","1002","4.943279992919026","125","true","1002","9.337474900169143","135","true"
"1003","8.578658240923344","0","true","1003","4.459223044854014","85","true","1003","5.437822811093204","55","true","1003","5.331638027459583","15","true","1003","5.582224882974201","5","true","1003","6.964112901146149","25","true","1003","5.662220625262292","35","true","1003","8.96675778669323","45","true","1003","7.505210243403481","65","true","1003","4.440731135613255","75","true","1003","4.161525385193744","95","true","1003","8.225649666780235","105","true","1003","8.021192998905656","115","true","1003","4.938356407268707","125","true","1003","9.330139112255852","135","true"
"1004","8.570122262574166","0","true","1004","4.454786006998438","85","true","1004","5.432412042126942","55","true","1004","5.326332914994449","15","true","1004","5.576670430354327","5","true","1004","6.957339234854465","25","true","1004","5.656586574888896","35","true","1004","8.958657996944211","45","true","1004","7.498272036816417","65","true","1004","4.436312497667371","75","true","1004","4.1573845639149445","95","true","1004","8.217464940743637","105","true","1004","8.013612997239669","115","true","1004","4.933442619798789","125","true","1004","9.320855391746145","135","true"
"1005","8.564071286169575","0","true","1005","4.45035779029168","85","true","1005","5.427012030156637","55","true","1005","5.321038349472586","15","true","1005","5.571127020383796","5","true","1005","6.9541296379002","25","true","1005","5.650963725410875","35","true","1005","8.957976061608065","45","true","1005","7.501043797311075","65","true","1005","4.431902644289968","75","true","1005","4.153251974885207","95","true","1005","8.219256275750004","105","true","1005","8.017701891666238","115","true","1005","4.928538601290042","125","true","1005","9.313550708290357","135","true"
"1006","8.555566746659972","0","true","1006","4.44593836845425","85","true","1006","5.421622743135627","55","true","1006","5.3157542994731095","15","true","1006","5.565594620164944","5","true","1006","6.947223848786098","25","true","1006","5.645352043459127","35","true","1006","8.949080355489288","45","true","1006","7.494197449168677","65","true","1006","4.427501549310534","75","true","1006","4.149127593579463","95","true","1006","8.211410350814443","105","true","1006","8.00994016750599","115","true","1006","4.923644322639307","125","true","1006","9.3046307313886","135","true"
"1007","8.549542216156892","0","true","1007","4.441527715310943","85","true","1007","5.416244149144421","55","true","1007","5.310480733699823","15","true","1007","5.560073196930653","5","true","1007","6.944030655184985","25","true","1007","5.639751495796966","35","true","1007","8.947245921638794","45","true","1007","7.496968994801596","65","true","1007","4.423109186662409","75","true","1007","4.145011395569959","95","true","1007","8.212646408659808","105","true","1007","8.01365056131538","115","true","1007","4.918759754858911","125","true","1007","9.297028131324724","135","true"
"1008","8.541068933484784","0","true","1008","4.437125804790317","85","true","1008","5.410876216390066","55","true","1008","5.305217620980596","15","true","1008","5.554562718043705","5","true","1008","6.937148563356259","25","true","1008","5.634162049319466","35","true","1008","8.939385194578554","45","true","1008","7.489749577882129","65","true","1008","4.418725530382268","75","true","1008","4.1409033565257864","95","true","1008","8.20465865922678","105","true","1008","8.0058715803578","115","true","1008","4.913884869076098","125","true","1008","9.287814030104384","135","true"
"1009","8.535070687015546","0","true","1009","4.432732610924188","85","true","1009","5.405518913205522","55","true","1009","5.2999649302667535","15","true","1009","5.549063150996137","5","true","1009","6.93397166844092","25","true","1009","5.628583671052813","35","true","1009","8.938934880688086","45","true","1009","7.492984011309265","65","true","1009","4.414350554609612","75","true","1009","4.136803452212395","95","true","1009","8.204674615030152","105","true","1009","8.008179652883426","115","true","1009","4.909019636532458","125","true","1009","9.280243134893391","135","true"
"1010","8.526628480599111","0","true","1010","4.428348107847112","85","true","1010","5.400172208049037","55","true","1010","5.294722630632465","15","true","1010","5.5435744634086035","5","true","1010","6.927113140578961","25","true","1010","5.623016328153651","35","true","1010","8.930408348724683","45","true","1010","7.485572553335666","65","true","1010","4.409984233586259","75","true","1010","4.132711658491116","95","true","1010","8.197013237262768","105","true","1010","8.000458056453567","115","true","1010","4.904164028583366","125","true","1010","9.271063863741173","135","true"
"1011","8.520656357594126","0","true","1011","4.42397226979588","85","true","1011","5.394836069503534","55","true","1011","5.289490691274132","15","true","1011","5.538096623029742","5","true","1011","6.92395244053774","25","true","1011","5.61745998790844","35","true","1011","8.928825494687572","45","true","1011","7.488801695286431","65","true","1011","4.405626541655838","75","true","1011","4.128627951318695","95","true","1011","8.19688807494163","105","true","1011","8.002960463887721","115","true","1011","4.899318016697413","125","true","1011","9.26352448232147","135","true"
"1012","8.512245048257903","0","true","1012","4.419605071109013","85","true","1012","5.389510466275989","55","true","1012","5.284269081509794","15","true","1012","5.532629597735537","5","true","1012","6.917264095980697","25","true","1012","5.611914617732815","35","true","1012","8.920171871170723","45","true","1012","7.481868644802738","65","true","1012","4.401277453263285","75","true","1012","4.124552306746811","95","true","1012","8.18911070257312","105","true","1012","7.99506020676641","115","true","1012","4.894481572455856","125","true","1012","9.254379838212564","135","true"
"1013","8.5061303849067","0","true","1013","4.415246486226263","85","true","1013","5.3841953671968215","55","true","1013","5.279057770778522","15","true","1013","5.527173355528697","5","true","1013","6.913972736216033","25","true","1013","5.606380185170948","35","true","1013","8.920515054350458","45","true","1013","7.485908448389536","65","true","1013","4.396936942954348","75","true","1013","4.120484700921616","95","true","1013","8.190073366137664","105","true","1013","7.998054025134704","115","true","1013","4.889654667552054","125","true","1013","9.246871781041746","135","true"
"1014","8.49774996088216","0","true","1014","4.410896489688109","85","true","1014","5.378890741219288","55","true","1014","5.273856728639824","15","true","1014","5.521727864538028","5","true","1014","6.907160940416806","25","true","1014","5.6008566578949175","35","true","1014","8.911726369567846","45","true","1014","7.478993654156626","65","true","1014","4.3926049853750815","75","true","1014","4.11642511008327","95","true","1014","8.182167286599507","105","true","1014","7.990651990201499","115","true","1014","4.884837273790919","125","true","1014","9.237761562538257","135","true"
"1015","8.49166160108812","0","true","1015","4.406555056135266","85","true","1015","5.373596557418875","55","true","1015","5.268665924773052","15","true","1015","5.516293093017813","5","true","1015","6.903886003757549","25","true","1015","5.595344003704076","35","true","1015","8.911331550238463","45","true","1015","7.485156167917041","65","true","1015","4.388281555271366","75","true","1015","4.1123735105654715","95","true","1015","8.182504315696622","105","true","1015","7.993412040642642","115","true","1015","4.880029363088369","125","true","1015","9.230284641578082","135","true"
"1016","8.483311884666204","0","true","1016","4.402222160308191","85","true","1016","5.368312784992701","55","true","1016","5.263485328976816","15","true","1016","5.510869009347196","5","true","1016","6.8972514828866","25","true","1016","5.5898421905244255","35","true","1016","8.903235040892348","45","true","1016","7.477796132353701","65","true","1016","4.383966627488405","75","true","1016","4.108329878795003","95","true","1016","8.174458588739201","105","true","1016","7.9855522451257865","115","true","1016","4.875230907470779","125","true","1016","9.221208648813503","135","true"
"1017","8.477249669072366","0","true","1017","4.397897777046592","85","true","1017","5.363039393258917","55","true","1017","5.25831491116839","15","true","1017","5.505455582029566","5","true","1017","6.893765744247226","25","true","1017","5.584351186407997","35","true","1017","8.901670862456061","45","true","1017","7.481972229226062","65","true","1017","4.379660176970244","75","true","1017","4.104294191291276","95","true","1017","8.174637752055371","105","true","1017","7.989271353705796","115","true","1017","4.870441879074442","125","true","1017","9.213536145349924","135","true"
"1018","8.468930483921165","0","true","1018","4.393581881288941","85","true","1018","5.357776351656111","55","true","1018","5.253154641383142","15","true","1018","5.500052779691951","5","true","1018","6.887000517805374","25","true","1018","5.578870959532229","35","true","1018","8.892935169754926","45","true","1018","7.474629763839187","65","true","1018","4.375362178759282","75","true","1018","4.100266424665867","95","true","1018","8.16691584499886","105","true","1018","7.981431048157507","115","true","1018","4.865662250145027","125","true","1018","9.204494402322103","135","true"
"1019","8.462894254437064","0","true","1019","4.3892744480719905","85","true","1019","5.3525236297427226","55","true","1019","5.248004489773942","15","true","1019","5.4946605710844105","5","true","1019","6.883531663913411","25","true","1019","5.5734014781993535","35","true","1019","8.891185658261902","45","true","1019","7.477070854533128","65","true","1019","4.371072607995792","75","true","1019","4.096246555622077","95","true","1019","8.166044299884035","105","true","1019","7.984336883030197","115","true","1019","4.860891993037042","125","true","1019","9.196853329499131","135","true"
"1020","8.454605425588447","0","true","1020","4.384975452530294","85","true","1020","5.347281197196451","55","true","1020","5.242864426610598","15","true","1020","5.4892789250794305","5","true","1020","6.8767897132141815","25","true","1020","5.56794271083579","35","true","1020","8.882477347137257","45","true","1020","7.469747572599208","65","true","1020","4.366791439917442","75","true","1020","4.092234560954475","95","true","1020","8.15834593569362","105","true","1020","7.976714266751318","115","true","1020","4.856131080213303","125","true","1020","9.187845637697466","135","true"
"1021","8.4484278398694","0","true","1021","4.380684869895724","85","true","1021","5.342049023813676","55","true","1021","5.237734422279277","15","true","1021","5.4839078106713295","5","true","1021","6.873337638688535","25","true","1021","5.562494625991527","35","true","1021","8.881945474100142","45","true","1021","7.4733075162546925","65","true","1021","4.362518649858814","75","true","1021","4.088230417548453","95","true","1021","8.158074186280126","105","true","1021","7.980826684751835","115","true","1021","4.851379484244405","125","true","1021","9.180010162884434","135","true"
"1022","8.44016935713248","0","true","1022","4.376402675496999","85","true","1022","5.336827079508873","55","true","1022","5.232614447281937","15","true","1022","5.478547196975659","5","true","1022","6.866618833567627","25","true","1022","5.557057192339531","35","true","1022","8.873263220459771","45","true","1022","7.466002230315049","65","true","1022","4.3582542132509365","75","true","1022","4.084234102379784","95","true","1022","8.150422897016718","105","true","1022","7.9730252901430845","115","true","1022","4.846637177808194","125","true","1022","9.171036545911917","135","true"
"1023","8.434017934733639","0","true","1023","4.372128844759209","85","true","1023","5.33161533431404","55","true","1023","5.227504472235763","15","true","1023","5.473197053228612","5","true","1023","6.863183433874694","25","true","1023","5.551630378675138","35","true","1023","8.87287610465713","45","true","1023","7.468583500170153","65","true","1023","4.353998105620809","75","true","1023","4.080245592514179","95","true","1023","8.150724295708098","105","true","1023","7.976383997254853","115","true","1023","4.8419041336892406","125","true","1023","9.163232789889326","135","true"
"1024","8.425789624553412","0","true","1024","4.367863353203346","85","true","1024","5.3264137583781235","55","true","1024","5.2224044678726065","15","true","1024","5.4678573487864375","5","true","1024","6.856487645158719","25","true","1024","5.546214153915455","35","true","1024","8.864537113085992","45","true","1024","7.461565533500459","65","true","1024","4.349750302590935","75","true","1024","4.076264865106848","95","true","1024","8.142933737990242","105","true","1024","7.96879888668416","115","true","1024","4.837180324778324","125","true","1024","9.154293050582117","135","true"
"1025","8.419664208565269","0","true","1025","4.363606176445838","85","true","1025","5.321222321966449","55","true","1025","5.217314405038422","15","true","1025","5.462528053124853","5","true","1025","6.853068816603987","25","true","1025","5.540808487098773","35","true","1025","8.8649640325896","45","true","1025","7.46595158864982","65","true","1025","4.3455107798788575","75","true","1025","4.072291897402065","95","true","1025","8.143044993704256","105","true","1025","7.971959672024993","115","true","1025","4.832465724071913","125","true","1025","9.146520825755799","135","true"
"1026","8.41146589872246","0","true","1026","4.359357290198082","85","true","1026","5.316040995460153","55","true","1026","5.212234254692718","15","true","1026","5.45720913583846","5","true","1026","6.846395916100964","25","true","1026","5.535413347383973","35","true","1026","8.856332129928852","45","true","1026","7.45868191816428","65","true","1026","4.341279513296698","75","true","1026","4.068326666732735","95","true","1026","8.13511603071136","105","true","1026","7.964197296492349","115","true","1026","4.8277603046716475","125","true","1026","9.137614768476581","135","true"
"1027","8.405366333471486","0","true","1027","4.355116670265983","85","true","1027","5.31086974935562","55","true","1027","5.207163987907998","15","true","1027","5.451900566640174","5","true","1027","6.842993555820714","25","true","1027","5.5300287040499425","35","true","1027","8.85576404913398","45","true","1027","7.461839701469307","65","true","1027","4.3370564787506884","75","true","1027","4.06436915051996","95","true","1027","8.134513289716791","105","true","1027","7.968711335236746","115","true","1027","4.823064039783835","125","true","1027","9.129873888720065","135","true"
"1028","8.397197853069667","0","true","1028","4.350884292549495","85","true","1028","5.305708554263923","55","true","1028","5.202103575869214","15","true","1028","5.44660231536064","5","true","1028","6.836488173295338","25","true","1028","5.524654526494986","35","true","1028","8.848278844083318","45","true","1028","7.45458815656992","65","true","1028","4.332841652240727","75","true","1028","4.060419326272613","95","true","1028","8.126768770129999","105","true","1028","7.961163166458377","115","true","1028","4.818376902718933","125","true","1028","9.121001319343272","135","true"
"1029","8.39112398410622","0","true","1029","4.346660133042166","85","true","1029","5.300557380910269","55","true","1029","5.1970529898732245","15","true","1029","5.4413143519476685","5","true","1029","6.832957422263783","25","true","1029","5.5192907842362535","35","true","1029","8.849079999808257","45","true","1029","7.45872084790431","65","true","1029","4.3286350098599105","75","true","1029","4.056477171586911","95","true","1029","8.126287494731994","105","true","1029","7.963930216673339","115","true","1029","4.813698866891051","125","true","1029","9.113291599983501","135","true"
"1030","8.382985163559077","0","true","1030","4.3424441678306795","85","true","1030","5.29541620013344","55","true","1030","5.192012201328246","15","true","1030","5.436036646465663","5","true","1030","6.826329917489522","25","true","1030","5.513937446909157","35","true","1030","8.840496993018919","45","true","1030","7.451976715502552","65","true","1030","4.3244365277940915","75","true","1030","4.052542664145993","95","true","1030","8.11856597692421","105","true","1030","7.956481365446276","115","true","1030","4.809029905817441","125","true","1030","9.104452325880704","135","true"
"1031","8.376936837645474","0","true","1031","4.338236373094409","85","true","1031","5.2902849828852485","55","true","1031","5.186981181753315","15","true","1031","5.430769169095057","5","true","1031","6.822815852269856","25","true","1031","5.508594484266803","35","true","1031","8.838969624085578","45","true","1031","7.456047042444461","65","true","1031","4.320246182321423","75","true","1031","4.048615781719495","95","true","1031","8.118072750254607","105","true","1031","7.958249574920194","115","true","1031","4.804369993118006","125","true","1031","9.096773583683898","135","true"
"1032","8.368827508664209","0","true","1032","4.3340367251049665","85","true","1032","5.285163700229988","55","true","1032","5.181959902777756","15","true","1032","5.425511890131751","5","true","1032","6.816210996652944","25","true","1032","5.50326186617942","35","true","1032","8.83130429053537","45","true","1032","7.448829184707341","65","true","1032","4.316063949811915","75","true","1032","4.044696502163135","95","true","1032","8.110214015743228","105","true","1032","7.950545557906718","115","true","1032","4.7997191025147945","125","true","1032","9.087967413709375","135","true"
"1033","8.36280457376291","0","true","1033","4.329845200225755","85","true","1033","5.2800523233438845","55","true","1033","5.176948336140639","15","true","1033","5.420264779986556","5","true","1033","6.812713514655014","25","true","1033","5.497939562633792","35","true","1033","8.831177730233474","45","true","1033","7.451482886440064","65","true","1033","4.311889806726991","75","true","1033","4.040784803418297","95","true","1033","8.109728186874147","105","true","1033","7.952316087872503","115","true","1033","4.795077207831511","125","true","1033","9.080319466867081","135","true"
"1034","8.354724569343816","0","true","1034","4.325661774911527","85","true","1034","5.274950823514567","55","true","1034","5.171946453690262","15","true","1034","5.415027809184636","5","true","1034","6.806282466117186","25","true","1034","5.492627543732697","35","true","1034","8.822645191363684","45","true","1034","7.444283386066692","65","true","1034","4.307723729619042","75","true","1034","4.036880663511613","95","true","1034","8.102200343085515","105","true","1034","7.944632690686153","115","true","1034","4.790444282993026","125","true","1034","9.071546211343538","135","true"
"1035","8.348726874605761","0","true","1035","4.321486425707945","85","true","1035","5.269859172140518","55","true","1035","5.166954227383611","15","true","1035","5.40980094836496","5","true","1035","6.802650182204709","25","true","1035","5.487325779694345","35","true","1035","8.822140193605234","45","true","1035","7.45132252510949","65","true","1035","4.303565695130993","75","true","1035","4.032984060554555","95","true","1035","8.101415841885116","105","true","1035","7.947353887796577","115","true","1035","4.785820302024886","125","true","1035","9.06360925207637","135","true"
"1036","8.340676029017907","0","true","1036","4.317319129251138","85","true","1036","5.2647773407305465","55","true","1036","5.161971629285845","15","true","1036","5.404584168279748","5","true","1036","6.796241241120619","25","true","1036","5.4820342408518234","35","true","1036","8.81394662518733","45","true","1036","7.444933113794245","65","true","1036","4.299415679995861","75","true","1036","4.029094972743027","95","true","1036","8.093603483310492","105","true","1036","7.93969009426929","115","true","1036","4.781205239052828","125","true","1036","9.054869031003973","135","true"
"1037","8.334703424770993","0","true","1037","4.313159862267274","85","true","1037","5.259705300903253","55","true","1037","5.1569986315697705","15","true","1037","5.39937743979393","5","true","1037","6.792474783330317","25","true","1037","5.476752897652545","35","true","1037","8.812805255686369","45","true","1037","7.447593376544128","65","true","1037","4.295273661036328","75","true","1037","4.025213378356955","95","true","1037","8.09282877581161","105","true","1037","7.942817764222261","115","true","1037","4.776599068302295","125","true","1037","9.046963431176952","135","true"
"1038","8.326681573544072","0","true","1038","4.309008601572118","85","true","1038","5.254643024386503","55","true","1038","5.152035206515324","15","true","1038","5.394180733884599","5","true","1038","6.785937271508055","25","true","1038","5.471481720657691","35","true","1038","8.804636443837047","45","true","1038","7.440425336720698","65","true","1038","4.2911396151643","75","true","1038","4.021339255759884","95","true","1038","8.085358108337116","105","true","1038","7.935367165471609","115","true","1038","4.772001764097962","125","true","1038","9.038256055401035","135","true"
"1039","8.32073391128174","0","true","1039","4.304865324070606","85","true","1039","5.249590483016901","55","true","1039","5.147081326509059","15","true","1039","5.388994021640479","5","true","1039","6.782187964568901","25","true","1039","5.466220680541674","35","true","1039","8.80398285784184","45","true","1039","7.442542640674693","65","true","1039","4.287013519380489","75","true","1039","4.017472583398575","95","true","1039","8.084274736915308","105","true","1039","7.9369481853896495","115","true","1039","4.767413300863252","125","true","1039","9.030381632665609","135","true"
"1040","8.312740891194053","0","true","1040","4.300730006756417","85","true","1040","5.244547648739267","55","true","1040","5.142136964043632","15","true","1040","5.383817274261382","5","true","1040","6.775823305888242","25","true","1040","5.4609697480915855","35","true","1040","8.795838215081416","45","true","1040","7.435393224113046","65","true","1040","4.282895350773975","75","true","1040","4.013613339802612","95","true","1040","8.07666775122654","105","true","1040","7.929979756516142","115","true","1040","4.762833653119868","125","true","1040","9.02170691447861","135","true"
"1041","8.306818023564041","0","true","1041","4.296602626711546","85","true","1041","5.239514493606119","55","true","1041","5.1372020917172945","15","true","1041","5.378650463057676","5","true","1041","6.771940634555128","25","true","1041","5.455728894206661","35","true","1041","8.794563209145796","45","true","1041","7.440783390380052","65","true","1041","4.2787850865217925","75","true","1041","4.0097615035839915","95","true","1041","8.075436063552377","105","true","1041","7.932676240822968","115","true","1041","4.758262795487315","125","true","1041","9.013863487891355","135","true"
"1042","8.298853672630615","0","true","1042","4.292483161105878","85","true","1042","5.234490989777159","55","true","1042","5.132276682233385","15","true","1042","5.373493559449759","5","true","1042","6.765447882268882","25","true","1042","5.450498089897739","35","true","1042","8.786131221409319","45","true","1042","7.433649369871539","65","true","1042","4.2746827038885025","75","true","1042","4.005917053436739","95","true","1042","8.067693555341878","105","true","1042","7.9250706068432715","115","true","1042","4.753700702682438","125","true","1042","9.005442343362324","135","true"
"1043","8.292955453423804","0","true","1043","4.288371587196773","85","true","1043","5.2294771095187516","55","true","1043","5.127360708399829","15","true","1043","5.368346534967527","5","true","1043","6.761582587148686","25","true","1043","5.445277306286725","35","true","1043","8.785824408711935","45","true","1043","7.437154114721043","65","true","1043","4.270588180225774","75","true","1043","4.0020799681365125","95","true","1043","8.066472823195717","105","true","1043","7.926387004731876","115","true","1043","4.749147349518949","125","true","1043","8.997408631028112","135","true"
"1044","8.285019610884643","0","true","1044","4.284267882328641","85","true","1044","5.2244728252034225","55","true","1044","5.122454143128633","15","true","1044","5.363209361249855","5","true","1044","6.7551121731896915","25","true","1044","5.440066514606068","35","true","1044","8.777416921239483","45","true","1044","7.430037220831357","65","true","1044","4.26650149297197","75","true","1044","3.9982502265402093","95","true","1044","8.059046547251484","105","true","1044","7.918801945397204","115","true","1044","4.744602710906968","125","true","1044","8.988798670615644","135","true"
"1045","8.279145895024065","0","true","1045","4.280172023932534","85","true","1045","5.219478109309347","55","true","1045","5.117556959435393","15","true","1045","5.358082010044071","5","true","1045","6.751264149866168","25","true","1045","5.434865686198223","35","true","1045","8.777622846575984","45","true","1045","7.436153952776455","65","true","1045","4.262422619651729","75","true","1045","3.994427807585582","95","true","1045","8.05754385909281","105","true","1045","7.921211633014002","115","true","1045","4.740066761852565","125","true","1045","8.980796230841102","135","true"
"1046","8.271238401332543","0","true","1046","4.276083989525722","85","true","1046","5.2144929344198445","55","true","1046","5.112669130438798","15","true","1046","5.352964453205443","5","true","1046","6.7448159510601835","25","true","1046","5.42967479251513","35","true","1046","8.769407242998069","45","true","1046","7.429051608982017","65","true","1046","4.258351537875557","75","true","1046","3.990612690290849","95","true","1046","8.049848019685845","105","true","1046","7.91364600585735","115","true","1046","4.73553947745729","125","true","1046","8.972218584011264","135","true"
"1047","8.265389044862493","0","true","1047","4.272003756711288","85","true","1047","5.209517273222879","55","true","1047","5.107790629360135","15","true","1047","5.347856662696659","5","true","1047","6.740985095932057","25","true","1047","5.424493805117692","35","true","1047","8.76956390583654","45","true","1047","7.433465598265864","65","true","1047","4.254288225339416","75","true","1047","3.986804853754312","95","true","1047","8.048356976473626","105","true","1047","7.915914559451263","115","true","1047","4.731020832917731","125","true","1047","8.964247236761677","135","true"
"1048","8.257509741673873","0","true","1048","4.267931303177722","85","true","1048","5.204551098510559","55","true","1048","5.102921429522804","15","true","1048","5.34275861058732","5","true","1048","6.734558990025544","25","true","1048","5.419322695675254","35","true","1048","8.761203978376257","45","true","1048","7.426379358420045","65","true","1048","4.2502326598243165","75","true","1048","3.983004277153974","95","true","1048","8.04084224402218","105","true","1048","7.908752859513359","115","true","1048","4.726510803525055","125","true","1048","8.95570171985342","135","true"
"1049","8.251684601749155","0","true","1049","4.263866606698505","85","true","1049","5.199594383178645","55","true","1049","5.09806150435183","15","true","1049","5.337670269053427","5","true","1049","6.730745200298648","25","true","1049","5.414161435965086","35","true","1049","8.760410691511774","45","true","1049","7.428627349332651","65","true","1049","4.246184819195912","75","true","1049","3.9792109397471607","95","true","1049","8.039205091502515","105","true","1049","7.910773372977099","115","true","1049","4.7220093646645545","125","true","1049","8.947761286469222","135","true"
"1050","8.243833331909242","0","true","1050","4.259809645131713","85","true","1050","5.194647100226049","55","true","1050","5.093210827373379","15","true","1050","5.332591610376878","5","true","1050","6.7243410659501235","25","true","1050","5.409009997871875","35","true","1050","8.752075381624513","45","true","1050","7.421559197715779","65","true","1050","4.242144681404099","75","true","1050","3.9754248208701415","95","true","1050","8.031870743432401","105","true","1050","7.903438332338961","115","true","1050","4.717516491815207","125","true","1050","8.939247717214732","135","true"
"1051","8.238032266784538","0","true","1051","4.2557603964196105","85","true","1051","5.189709222754351","55","true","1051","5.088369372214279","15","true","1051","5.327522606944961","5","true","1051","6.720544239629624","25","true","1051","5.403868353387206","35","true","1051","8.751774004559858","45","true","1051","7.425719639756262","65","true","1051","4.238112224482612","75","true","1051","3.9716458999377555","95","true","1051","8.029734339122818","105","true","1051","7.905267596888271","115","true","1051","4.713032160549223","125","true","1051","8.931338020398412","135","true"
"1052","8.230208874318455","0","true","1052","4.2517188385882525","85","true","1052","5.184780723967309","55","true","1052","5.083537112601539","15","true","1052","5.3224632312498565","5","true","1052","6.714310653721147","25","true","1052","5.398736474609061","35","true","1052","8.744093307990342","45","true","1052","7.418667674286408","65","true","1052","4.234087426548631","75","true","1052","3.9678741564430378","95","true","1052","8.022568221517334","105","true","1052","7.89814321296396","115","true","1052","4.708556346531607","125","true","1052","8.922856217909903","135","true"
"1053","8.224431743337812","0","true","1053","4.247684949747088","85","true","1053","5.179861577170376","55","true","1053","5.07871402236188","15","true","1053","5.317413455888139","5","true","1053","6.710381992283822","25","true","1053","5.3936143337413105","35","true","1053","8.743491346292066","45","true","1053","7.423392203379986","65","true","1053","4.23007026580238","75","true","1053","3.964109569956849","95","true","1053","8.019985671885157","105","true","1053","7.899591400915249","115","true","1053","4.704089025519718","125","true","1053","8.914977081713069","135","true"
"1054","8.216636073438915","0","true","1054","4.243658708088559","85","true","1054","5.174951755770215","55","true","1054","5.073900075421252","15","true","1054","5.312373253560283","5","true","1054","6.704021440632368","25","true","1054","5.388501903093214","35","true","1054","8.735203676769514","45","true","1054","7.416801855600842","65","true","1054","4.226060720526737","75","true","1054","3.960352120127506","95","true","1054","8.012383789731713","105","true","1054","7.892237922291461","115","true","1054","4.699630173362827","125","true","1054","8.906526866469738","135","true"
"1055","8.210882737025354","0","true","1055","4.239640091887718","85","true","1055","5.17005123327422","55","true","1055","5.069095245804376","15","true","1055","5.3073425970701695","5","true","1055","6.700109963414706","25","true","1055","5.383399155078921","35","true","1055","8.733810730346258","45","true","1055","7.42199478810083","65","true","1055","4.2220587690868445","75","true","1055","3.9566017866804155","95","true","1055","8.009815775640304","105","true","1055","7.893554801021112","115","true","1055","4.695179766001687","125","true","1055","8.89867811628032","135","true"
"1056","8.203114636044253","0","true","1056","4.235629079501826","85","true","1056","5.165159983290044","55","true","1056","5.064299507634268","15","true","1056","5.302321459324596","5","true","1056","6.693771164963036","25","true","1056","5.378306062216973","35","true","1056","8.725547900894654","45","true","1056","7.414973033334414","65","true","1056","4.218064389929714","75","true","1056","3.9528585494177095","95","true","1056","8.002527411104664","105","true","1056","7.8862776873610105","115","true","1056","4.6907377794681","125","true","1056","8.89025931011544","135","true"
"1057","8.197384955689504","0","true","1057","4.231625649369972","85","true","1057","5.1602779795251195","55","true","1057","5.059512835131778","15","true","1057","5.297309813332796","5","true","1057","6.689876770193488","25","true","1057","5.3732225971298115","35","true","1057","8.724967020556582","45","true","1057","7.417624426348752","65","true","1057","4.214077561583845","75","true","1057","3.949122388217882","95","true","1057","7.9996843289086605","105","true","1057","7.887407118846027","115","true","1057","4.686304189884482","125","true","1057","8.882440772645051","135","true"
"1058","8.189644271123225","0","true","1058","4.227629780012682","85","true","1058","5.155405195786192","55","true","1058","5.054735202615129","15","true","1058","5.292307632205947","5","true","1058","6.683559606104542","25","true","1058","5.368148732543287","35","true","1058","8.716728147071636","45","true","1058","7.410881079408329","65","true","1058","4.210098262658836","75","true","1058","3.9453932830354286","95","true","1058","7.992442705623396","105","true","1058","7.8799591423409785","115","true","1058","4.68187897346344","125","true","1058","8.874053198733204","135","true"
"1059","8.183938109377562","0","true","1059","4.223641450031538","85","true","1059","5.150541605978846","55","true","1059","5.049966584499454","15","true","1059","5.287314889156697","5","true","1059","6.679682192795746","25","true","1059","5.363084441286171","35","true","1059","8.716150232471728","45","true","1059","7.41365513541034","65","true","1059","4.206126471845008","75","true","1059","3.9416712139004892","95","true","1059","7.9893024211632975","105","true","1059","7.881092403714721","115","true","1059","4.677462106507342","125","true","1059","8.866264702004631","135","true"
"1060","8.176224689858827","0","true","1060","4.2196606381087935","85","true","1060","5.145687184107047","55","true","1060","5.0452069552963446","15","true","1060","5.282331557498679","5","true","1060","6.673386545111678","25","true","1060","5.358029696289671","35","true","1060","8.708088549756976","45","true","1060","7.40693543663949","65","true","1060","4.202162167913015","75","true","1060","3.9379561609184908","95","true","1060","7.981772447156546","105","true","1060","7.87379794476006","115","true","1060","4.6730535654079","125","true","1060","8.857908184849114","135","true"
"1061","8.170541910321033","0","true","1061","4.215687323006996","85","true","1061","5.140841904272671","55","true","1061","5.040456289613391","15","true","1061","5.277357610646044","5","true","1061","6.6695260130529865","25","true","1061","5.35298447058695","35","true","1061","8.70736665262825","45","true","1061","7.411295613231912","65","true","1061","4.198205329713473","75","true","1061","3.9342481042697917","95","true","1061","7.9784923775669565","105","true","1061","7.874801472821199","115","true","1061","4.668653326645746","125","true","1061","8.850149558183949","135","true"
"1062","8.162855605607653","0","true","1062","4.211721483568608","85","true","1062","5.136005740675048","55","true","1062","5.035714562153736","15","true","1062","5.272393022112981","5","true","1062","6.663251764686992","25","true","1062","5.347948737312644","35","true","1062","8.699328400718082","45","true","1062","7.404323557151732","65","true","1062","4.194255936176583","75","true","1062","3.9305470242093308","95","true","1062","7.971130679404368","105","true","1062","7.867583076009791","115","true","1062","4.6642613667900115","125","true","1062","8.842040865978802","135","true"
"1063","8.157196072915092","0","true","1063","4.20776309871563","85","true","1063","5.131178667610505","55","true","1063","5.030981747715622","15","true","1063","5.26743776551325","5","true","1063","6.65940801443708","25","true","1063","5.342922469702388","35","true","1063","8.698463175648733","45","true","1063","7.409332864961507","65","true","1063","4.190313966311756","75","true","1063","3.926852901066277","95","true","1063","7.967722973232257","105","true","1063","7.867868442735458","115","true","1063","4.659877662497916","125","true","1063","8.834094997610714","135","true"
"1064","8.14953673387949","0","true","1064","4.203812147449231","85","true","1064","5.126360659471903","55","true","1064","5.026257821191945","15","true","1064","5.262491814559717","5","true","1064","6.653155049165308","25","true","1064","5.337905641092339","35","true","1064","8.69061353019988","45","true","1064","7.402555682411621","65","true","1064","4.186379399207238","75","true","1064","3.9231657152436794","95","true","1064","7.960241543210442","105","true","1064","7.860480772836175","115","true","1064","4.655502190514349","125","true","1064","8.825800072730328","135","true"
"1065","8.14390031369829","0","true","1065","4.199868608849372","85","true","1065","5.121551690748196","55","true","1065","5.021542757569813","15","true","1065","5.2575551430638825","5","true","1065","6.6493279820448725","25","true","1065","5.332898224918706","35","true","1065","8.689135213952103","45","true","1065","7.405399285437366","65","true","1065","4.182452214029745","75","true","1065","3.919485447218123","95","true","1065","7.956850445432831","105","true","1065","7.861121373149645","115","true","1065","4.651134927671466","125","true","1065","8.81788434744853","135","true"
"1066","8.13626779231713","0","true","1066","4.195932462074443","85","true","1066","5.1167517360239705","55","true","1066","5.016836531930104","15","true","1066","5.252627724935425","5","true","1066","6.6432429307758545","25","true","1066","5.327900194717283","35","true","1066","8.68099169453884","45","true","1066","7.398458892480067","65","true","1066","4.178532390024094","75","true","1066","3.91581207753938","95","true","1066","7.949393228520523","105","true","1066","7.853753874205737","115","true","1066","4.646775850888268","125","true","1066","8.809620163430303","135","true"
"1067","8.130654351332488","0","true","1067","4.19200368636089","85","true","1067","5.111960769979005","55","true","1067","5.012139119447023","15","true","1067","5.24770953418174","5","true","1067","6.639285702582972","25","true","1067","5.322911524122978","35","true","1067","8.67952515588297","45","true","1067","7.402989899033502","65","true","1067","4.174619906512835","75","true","1067","3.9121455868300736","95","true","1067","7.945727821840046","105","true","1067","7.854396495974514","115","true","1067","4.642424937170208","125","true","1067","8.801734411331896","135","true"
"1068","8.123048500676425","0","true","1068","4.188082261022854","85","true","1068","5.1071787673878175","55","true","1068","5.007450495387672","15","true","1068","5.242800544907483","5","true","1068","6.6330749582400514","25","true","1068","5.317932186869355","35","true","1068","8.671570395120217","45","true","1068","7.396064744778091","65","true","1068","4.170714742895892","75","true","1068","3.908485955785331","95","true","1068","7.938890676760011","105","true","1068","7.847551711388092","115","true","1068","4.638082163608777","125","true","1068","8.793500796354037","135","true"
"1069","8.117457906583008","0","true","1069","4.184168165451804","85","true","1069","5.1024057031192305","55","true","1069","5.002770635111609","15","true","1069","5.23790073131411","5","true","1069","6.6283816939306535","25","true","1069","5.312962156788169","35","true","1069","8.669634583290154","45","true","1069","7.398903783809005","65","true","1069","4.166816878650194","75","true","1069","3.9048331651724473","95","true","1069","7.934646778148541","105","true","1069","7.8476967585271415","115","true","1069","4.633747507381105","125","true","1069","8.785644848808223","135","true"
"1070","8.109878580806553","0","true","1070","4.180261379116182","85","true","1070","5.097641552135926","55","true","1070","4.998099514070422","15","true","1070","5.233010067699438","5","true","1070","6.622192728763585","25","true","1070","5.308001407808908","35","true","1070","8.661539686386988","45","true","1070","7.392524786683248","65","true","1070","4.162926293329326","75","true","1070","3.9011871958305497","95","true","1070","7.927238144368757","105","true","1070","7.840369310573334","115","true","1070","4.629420945749564","125","true","1070","8.777441632329412","135","true"
"1071","8.10431070229901","0","true","1071","4.176361881561036","85","true","1071","5.092886289494008","55","true","1071","4.993437107807296","15","true","1071","5.228128528457182","5","true","1071","6.617518371877784","25","true","1071","5.303049913958341","35","true","1071","8.659935241685323","45","true","1071","7.397607630473167","65","true","1071","4.1590429665631605","75","true","1071","3.89754802867026","95","true","1071","7.923013033378195","105","true","1071","7.84052078710281","115","true","1071","4.625102456061364","125","true","1071","8.769615321965608","135","true"
"1072","8.09691699576324","0","true","1072","4.1724696524076705","85","true","1072","5.088139890342569","55","true","1072","4.9887833919565905","15","true","1072","5.223256088076513","5","true","1072","6.611351066778178","25","true","1072","5.298107649360057","35","true","1072","8.651864472587759","45","true","1072","7.390713308357163","65","true","1072","4.15516687805751","75","true","1072","3.8939156446733634","95","true","1072","7.915821645107394","105","true","1072","7.833213684784914","115","true","1072","4.620792015748166","125","true","1072","8.76165725525745","135","true"
"1073","8.091212463394097","0","true","1073","4.168584671353287","85","true","1073","5.083402329923256","55","true","1073","4.984138342243409","15","true","1073","5.218392721141619","5","true","1073","6.6066955091249255","25","true","1073","5.293174588234023","35","true","1073","8.650269480070985","45","true","1073","7.396533284744296","65","true","1073","4.151298007593769","75","true","1073","3.8902900248924754","95","true","1073","7.911422617266212","105","true","1073","7.8333715418290355","115","true","1073","4.616489602325682","125","true","1073","8.753645495409186","135","true"
"1074","8.083685754125822","0","true","1074","4.164706918170633","85","true","1074","5.078673583569839","55","true","1074","4.979501934483182","15","true","1074","5.213538402331254","5","true","1074","6.600549745860623","25","true","1074","5.288250704896131","35","true","1074","8.64252542450277","45","true","1074","7.389652788665464","65","true","1074","4.147436335028566","75","true","1074","3.886671150450715","95","true","1074","7.904494409854097","105","true","1074","7.826084684580822","115","true","1074","4.612195193393286","125","true","1074","8.745502569366945","135","true"
"1075","8.078004121669668","0","true","1075","4.160836372707649","85","true","1075","5.073953626707785","55","true","1075","4.974874144581246","15","true","1075","5.208693106418307","5","true","1075","6.595912880062597","25","true","1075","5.283335973757752","35","true","1075","8.640639650655956","45","true","1075","7.393639036566864","65","true","1075","4.143581840293409","75","true","1075","3.8830590025413745","95","true","1075","7.899683231122295","105","true","1075","7.826248873675237","115","true","1075","4.607908766633627","125","true","1075","8.737520714914208","135","true"
"1076","8.070503653590123","0","true","1076","4.156973014887122","85","true","1076","5.069242434853832","55","true","1076","4.970254948532425","15","true","1076","5.203856808269358","5","true","1076","6.589788541269596","25","true","1076","5.278430369325293","35","true","1076","8.633245539137462","45","true","1076","7.387208594996953","65","true","1076","4.139734503394344","75","true","1076","3.879453562427594","95","true","1076","7.8923483349002685","105","true","1076","7.818982161629113","115","true","1076","4.60363029981224","125","true","1076","8.729407882309829","135","true"
"1077","8.064844790489673","0","true","1077","4.153116824706336","85","true","1077","5.064539983615563","55","true","1077","4.965644322420613","15","true","1077","5.199029482844248","5","true","1077","6.585170260755603","25","true","1077","5.2735338661997595","35","true","1077","8.630743689119797","45","true","1077","7.38999091673286","65","true","1077","4.135894304411603","75","true","1077","3.8758548114420397","95","true","1077","7.887557349519503","105","true","1077","7.819152634716815","115","true","1077","4.599359770777164","125","true","1077","8.721455766628857","135","true"
"1078","8.057370420897003","0","true","1078","4.149267782236729","85","true","1078","5.059846248690989","55","true","1078","4.96104224241837","15","true","1078","5.1942111051956426","5","true","1078","6.5790672299300645","25","true","1078","5.268646439076313","35","true","1078","8.622744853448694","45","true","1078","7.383141990952756","65","true","1078","4.132061223499266","75","true","1078","3.872262730986579","95","true","1078","7.880400579626442","105","true","1078","7.812486747215456","115","true","1078","4.595097157458556","125","true","1078","8.713372860450331","135","true"
"1079","8.051734197573305","0","true","1079","4.145425867623547","85","true","1079","5.055161205868127","55","true","1079","4.956448684786501","15","true","1079","5.18940165046861","5","true","1079","6.574467428927523","25","true","1079","5.263768062743834","35","true","1079","8.620257359343736","45","true","1079","7.387599330662672","65","true","1079","4.128235240884915","75","true","1079","3.8686773025319616","95","true","1079","7.8754763785893145","105","true","1079","7.811819661106528","115","true","1079","4.590842437868317","125","true","1079","8.705450318151971","135","true"
"1080","8.044285784809594","0","true","1080","4.141591061085505","85","true","1080","5.050484831024585","55","true","1080","4.9518636258736555","15","true","1080","5.184601093900183","5","true","1080","6.568385590417877","25","true","1080","5.2588987120844966","35","true","1080","8.612283023211132","45","true","1080","7.380765288728664","65","true","1080","4.124416336869295","75","true","1080","3.865098507617501","95","true","1080","7.868191016536965","105","true","1080","7.804724241857418","115","true","1080","4.586595590099706","125","true","1080","8.697397172621766","135","true"
"1081","8.038672072652933","0","true","1081","4.137763342914446","85","true","1081","5.045817100127151","55","true","1081","4.947287042115916","15","true","1081","5.179809410818945","5","true","1081","6.563804163945388","25","true","1081","5.254038362073328","35","true","1081","8.609809796036346","45","true","1081","7.384051907457909","65","true","1081","4.120604491825978","75","true","1081","3.861526327850757","95","true","1081","7.863287201789268","105","true","1081","7.80393462822978","115","true","1081","4.5823565923269705","125","true","1081","8.689504039540065","135","true"
"1082","8.03124947609462","0","true","1082","4.133942693475005","85","true","1082","5.0411579892313725","55","true","1082","4.9427189100364","15","true","1082","5.175026576644597","5","true","1082","6.557743402944515","25","true","1082","5.249186987777785","35","true","1082","8.602659693246025","45","true","1082","7.377487840750869","65","true","1082","4.116799686201023","75","true","1082","3.8579607449072197","95","true","1082","7.8560265487866925","105","true","1082","7.796728779080907","115","true","1082","4.57812542280497","125","true","1082","8.68148049010374","135","true"
"1083","8.025658147455514","0","true","1083","4.130129093204271","85","true","1083","5.0365074744811595","55","true","1083","4.938159206244854","15","true","1083","5.1702525668875445","5","true","1083","6.553180246804516","25","true","1083","5.244344564357325","35","true","1083","8.599400784623082","45","true","1083","7.378995118529363","65","true","1083","4.1130019005126455","75","true","1083","3.854401740529999","95","true","1083","7.851143003501399","105","true","1083","7.795947998193152","115","true","1083","4.573902059868803","125","true","1083","8.67361660328466","135","true"
"1084","8.018261227503942","0","true","1084","4.126322522611456","85","true","1084","5.031865532108366","55","true","1084","4.9336079074372545","15","true","1084","5.165487357148478","5","true","1084","6.547140449342024","25","true","1084","5.239511067062987","35","true","1084","8.591475069614212","45","true","1084","7.372194201369428","65","true","1084","4.109211115350883","75","true","1084","3.8508492965295105","95","true","1084","7.843906927000476","105","true","1084","7.789395635273368","115","true","1084","4.56968648193344","125","true","1084","8.665622486599606","135","true"
"1085","8.012692155684237","0","true","1085","4.12252296227756","85","true","1085","5.0272321384323915","55","true","1085","4.929064990395416","15","true","1085","5.160730923117955","5","true","1085","6.542595460113518","25","true","1085","5.234686471236962","35","true","1085","8.588232461581397","45","true","1085","7.374976286607697","65","true","1085","4.105427311377263","75","true","1085","3.8473033947831663","95","true","1085","7.83904353522564","105","true","1085","7.787990784841741","115","true","1085","4.565478667493354","125","true","1085","8.657787684289865","135","true"
"1086","8.005320773756285","0","true","1086","4.118730392855042","85","true","1086","5.022607269859776","55","true","1086","4.924530431986589","15","true","1086","5.155983240575988","5","true","1086","6.536576513048096","25","true","1086","5.2298707523121815","35","true","1086","8.580643094802223","45","true","1086","7.368367875533846","65","true","1086","4.101650469324478","75","true","1086","3.8437640172350678","95","true","1086","7.831831903638496","105","true","1086","7.781087443162813","115","true","1086","4.561278595122155","125","true","1086","8.649822838214162","135","true"
"1087","7.999773833000353","0","true","1087","4.114944795067491","85","true","1087","5.017990902883803","55","true","1087","4.920004209163071","15","true","1087","5.151244285391635","5","true","1087","6.532049588079472","25","true","1087","5.2250638858118945","35","true","1087","8.577105198550894","45","true","1087","7.3727670261869","65","true","1087","4.097880569996056","75","true","1087","3.8402311458956975","95","true","1087","7.82698855028913","105","true","1087","7.779431728313104","115","true","1087","4.557086243472226","125","true","1087","8.642016959850197","135","true"
"1088","7.992427851519178","0","true","1088","4.111166149709303","85","true","1088","5.013383014084092","55","true","1088","4.915486298961819","15","true","1088","5.146514033522588","5","true","1088","6.526051379091337","25","true","1088","5.220265847349257","35","true","1088","8.569229068891987","45","true","1088","7.366249487745713","65","true","1088","4.094117594266032","75","true","1088","3.836704762841615","95","true","1088","7.8199345569312895","105","true","1088","7.772603340238541","115","true","1088","4.552901591274364","125","true","1088","8.634081223431602","135","true"
"1089","7.986746161418598","0","true","1089","4.107394437645349","85","true","1089","5.0087835801262175","55","true","1089","4.910976678504056","15","true","1089","5.141792461014769","5","true","1089","6.521542416493258","25","true","1089","5.215476612626919","35","true","1089","8.565385409353883","45","true","1089","7.37080426913494","65","true","1089","4.090361523078632","75","true","1089","3.833184850215155","95","true","1089","7.814977803829452","105","true","1089","7.770643477148015","115","true","1089","4.548724617337415","125","true","1089","8.626304109628656","135","true"
"1090","7.9794255874851245","0","true","1090","4.10362963981066","85","true","1090","5.004192577761299","55","true","1090","4.9064753249948865","15","true","1090","5.1370795440019235","5","true","1090","6.515564834076674","25","true","1090","5.210696157436609","35","true","1090","8.557534460307728","45","true","1090","7.3640482615555305","65","true","1090","4.086612337447945","75","true","1090","3.8296713902241235","95","true","1090","7.807954916044764","105","true","1090","7.763520980835322","115","true","1090","4.544555300547922","125","true","1090","8.618397323093708","135","true"
"1091","7.973766210245566","0","true","1091","4.099871737210101","85","true","1091","4.99960998382562","55","true","1091","4.901982215722914","15","true","1091","5.132375258705219","5","true","1091","6.511073732715051","25","true","1091","5.205924457658737","35","true","1091","8.553708549787629","45","true","1091","7.365884981927983","65","true","1091","4.0828700184576086","75","true","1091","3.826164365141501","95","true","1091","7.80287809510076","105","true","1091","7.761573024416577","115","true","1091","4.540393619869764","125","true","1091","8.610648815635033","135","true"
"1092","7.966470907216979","0","true","1092","4.0961207109180515","85","true","1092","4.995035775240235","55","true","1092","4.897497328059854","15","true","1092","5.127679581432844","5","true","1092","6.505116666170938","25","true","1092","5.2011614892619775","35","true","1092","8.546180371557485","45","true","1092","7.359397591883889","65","true","1092","4.079134547260483","75","true","1092","3.8226637573051407","95","true","1092","7.795739139844492","105","true","1092","7.7544718597098825","115","true","1092","4.536239554343808","125","true","1092","8.602770820378277","135","true"
"1093","7.960833717760552","0","true","1093","4.09237654207809","85","true","1093","4.990469929010582","55","true","1093","4.893020639460166","15","true","1093","5.122992488579615","5","true","1093","6.500643325659983","25","true","1093","5.1964072283028715","35","true","1093","8.542074384406261","45","true","1093","7.363686506275825","65","true","1093","4.075405905078344","75","true","1093","3.819169549117476","95","true","1093","7.790682766266199","105","true","1093","7.752276084876252","115","true","1093","4.5320930830875525","125","true","1093","8.595050762204458","135","true"
"1094","7.953563549981776","0","true","1094","4.088639211902676","85","true","1094","4.9859124222260975","55","true","1094","4.888552127460659","15","true","1094","5.118313956626574","5","true","1094","6.494706665088604","25","true","1094","5.191661650925425","35","true","1094","8.534570581081908","45","true","1094","7.356961678416212","65","true","1094","4.07168407320156","75","true","1094","3.8156817230452225","95","true","1094","7.783567987484221","105","true","1094","7.745380531978918","115","true","1094","4.527954185294778","125","true","1094","8.587201400777788","135","true"
"1095","7.947948424153222","0","true","1095","4.084908701672838","85","true","1095","4.981363232059833","55","true","1095","4.884091769680129","15","true","1095","5.113643962140601","5","true","1095","6.490250985783947","25","true","1095","5.186924733360713","35","true","1095","8.53018577278154","45","true","1095","7.361060897865163","65","true","1095","4.067969032988785","75","true","1095","3.8122002616190866","95","true","1095","7.778531945931036","105","true","1095","7.743013075772206","115","true","1095","4.523822840235203","125","true","1095","8.579509635976185","135","true"
"1096","7.940703256947978","0","true","1096","4.081184992737858","85","true","1096","4.976822335768073","55","true","1096","4.87963954381898","15","true","1096","5.108982481774019","5","true","1096","6.484334622077672","25","true","1096","5.182196451926473","35","true","1096","8.522409851384293","45","true","1096","7.354525412497312","65","true","1096","4.064260765866644","75","true","1096","3.808725147433472","95","true","1096","7.771573566567015","105","true","1096","7.735954722922824","115","true","1096","4.5196990272541315","125","true","1096","8.571688752078304","135","true"
"1097","7.935110071506209","0","true","1097","4.077468066514964","85","true","1097","4.972289710689961","55","true","1097","4.875195427658854","15","true","1097","5.104329492264206","5","true","1097","6.479896505069573","25","true","1097","5.177476783026722","35","true","1097","8.518044105330098","45","true","1097","7.357646520898761","65","true","1097","4.060559253329425","75","true","1097","3.8052563631461918","95","true","1097","7.766425390879424","105","true","1097","7.733600163548052","115","true","1097","4.515582725772115","125","true","1097","8.564025125872606","135","true"
"1098","7.927889771168169","0","true","1098","4.0737579044890175","85","true","1098","4.967765334247113","55","true","1098","4.8707593990622575","15","true","1098","5.099684970433211","5","true","1098","6.474000329905724","25","true","1098","5.172765703151357","35","true","1098","8.510601472634272","45","true","1098","7.350951665101766","65","true","1098","4.05686447693877","75","true","1098","3.8017938914781793","95","true","1098","7.7593585797867215","105","true","1098","7.726563220724078","115","true","1098","4.511473915284606","125","true","1098","8.556232564338599","135","true"
"1099","7.922318403777913","0","true","1099","4.070054488212209","85","true","1099","4.963249183943252","55","true","1099","4.866331435972201","15","true","1099","5.0950488931873625","5","true","1099","6.469579677012342","25","true","1099","5.168063188875765","35","true","1099","8.50594658939666","45","true","1099","7.354428257437491","65","true","1099","4.053176418323371","75","true","1099","3.798337715213199","95","true","1099","7.754230868951999","105","true","1099","7.724221480095622","115","true","1099","4.507372575361621","125","true","1099","8.548596923078492","135","true"
"1100","7.915122837561948","0","true","1100","4.066357799303751","85","true","1100","4.95874123736383","55","true","1100","4.861911516411827","15","true","1100","5.0904212375168925","5","true","1100","6.463703582846119","25","true","1100","5.163369216860437","35","true","1100","8.498688215267434","45","true","1100","7.347748486086504","65","true","1100","4.049495059178663","75","true","1100","3.794887817197565","95","true","1100","7.7471879707967295","105","true","1100","7.717205838424327","115","true","1100","4.503278685647396","125","true","1100","8.54083252986952","135","true"
"1101","7.9095731667854725","0","true","1101","4.062667819449573","85","true","1101","4.954241472175659","55","true","1101","4.857499618484049","15","true","1101","5.085801980495552","5","true","1101","6.459300296606862","25","true","1101","5.158683763850582","35","true","1101","8.493426127356702","45","true","1101","7.351514951052082","65","true","1101","4.045820381266523","75","true","1101","3.7914441803398535","95","true","1101","7.741948859097269","105","true","1101","7.714876839051368","115","true","1101","4.499192225860057","125","true","1101","8.533224721020474","135","true"
"1102","7.902402202898995","0","true","1102","4.0589845304020225","85","true","1102","4.949749866126543","55","true","1102","4.853095720371189","15","true","1102","5.081191099280234","5","true","1102","6.453444176664335","25","true","1102","5.154006806675739","35","true","1102","8.485725831683668","45","true","1102","7.3448499329640935","65","true","1102","4.042152366414967","75","true","1102","3.7880067876106245","95","true","1102","7.735068585635472","105","true","1102","7.708010832354874","115","true","1102","4.49511317579128","125","true","1102","8.525488343213565","135","true"
"1103","7.896874108187933","0","true","1103","4.055307913979556","85","true","1103","4.9452663970449064","55","true","1103","4.848699800334621","15","true","1103","5.076588571110596","5","true","1103","6.449058160333284","25","true","1103","5.149338322249403","35","true","1103","8.48048501783037","45","true","1103","7.347962842841199","65","true","1103","4.038490996517852","75","true","1103","3.7845756220421367","95","true","1103","7.7297113492782445","105","true","1103","7.705566055402201","115","true","1103","4.491041515305962","125","true","1103","8.517908215346724","135","true"
"1104","7.889727615782332","0","true","1104","4.051637952066453","85","true","1104","4.940791042839436","55","true","1104","4.844311836714408","15","true","1104","5.071994373308686","5","true","1104","6.443221908604476","25","true","1104","5.1446782875686345","35","true","1104","8.473411276200531","45","true","1104","7.341313102711932","65","true","1104","4.034836253534578","75","true","1104","3.781150666728071","95","true","1104","7.722716135387494","105","true","1104","7.6985926924561365","115","true","1104","4.486977224341884","125","true","1104","8.51019970112469","135","true"
"1105","7.884220977469588","0","true","1105","4.047974626612505","85","true","1105","4.9363237814987135","55","true","1105","4.839931807928952","15","true","1105","5.06740848327857","5","true","1105","6.4388530661438805","25","true","1105","5.1400266797136895","35","true","1105","8.467590711593463","45","true","1105","7.34464903559069","65","true","1105","4.031188119489791","75","true","1105","3.777731904823254","95","true","1105","7.71737975519931","105","true","1105","7.696160851935475","115","true","1105","4.4829202829093875","125","true","1105","8.502647103906876","135","true"
"1106","7.877098826631766","0","true","1106","4.044317919632729","85","true","1106","4.931864591090855","55","true","1106","4.835559692474635","15","true","1106","5.06283087850596","5","true","1106","6.433036577375909","25","true","1106","5.135383475847643","35","true","1106","8.459941578159324","45","true","1106","7.3380143029478795","65","true","1106","4.027546576473088","75","true","1106","3.7743193195433773","95","true","1106","7.710408319106087","105","true","1106","7.689565991473265","115","true","1106","4.478870671091041","125","true","1106","8.494966302548333","135","true"
"1107","7.871613525923512","0","true","1107","4.040667813207067","85","true","1107","4.927413449763156","55","true","1107","4.83119546892547","15","true","1107","5.0582615365578505","5","true","1107","6.4286848134497445","25","true","1107","5.130748653216012","35","true","1107","8.454143676753748","45","true","1107","7.341109634301681","65","true","1107","4.023911606638726","75","true","1107","3.770912894164728","95","true","1107","7.705092679510553","105","true","1107","7.686789602271877","115","true","1107","4.47482836904132","125","true","1107","8.487441086732154","135","true"
"1108","7.864515587667494","0","true","1108","4.037024289480099","85","true","1108","4.922970335741728","55","true","1108","4.826839115932751","15","true","1108","5.053700435082145","5","true","1108","6.422887983140051","25","true","1108","5.126122189146385","35","true","1108","8.44681388961893","45","true","1108","7.334913434169757","65","true","1108","4.020283192205327","75","true","1108","3.7675126120239124","95","true","1108","7.698462156988371","105","true","1108","7.679858322197691","115","true","1108","4.470793356986278","125","true","1108","8.479787848601648","135","true"
"1109","7.859051506635259","0","true","1109","4.033387330660748","85","true","1109","4.918535227331151","55","true","1109","4.822490612224704","15","true","1109","5.049147551807296","5","true","1109","6.417827400338657","25","true","1109","5.121504061048055","35","true","1109","8.44074509969724","45","true","1109","7.3388168984725946","65","true","1109","4.016661315455593","75","true","1109","3.7641184565175845","95","true","1109","7.692849881572027","105","true","1109","7.677095681147364","115","true","1109","4.466765615223228","125","true","1109","8.472289866015718","135","true"
"1110","7.851977652893913","0","true","1110","4.029756919021989","85","true","1110","4.914108102914111","55","true","1110","4.81814993660614","15","true","1110","5.044602864541943","5","true","1110","6.41205077801612","25","true","1110","5.116894246411648","35","true","1110","8.43314766936448","45","true","1110","7.332211302704392","65","true","1110","4.0130459587360106","75","true","1110","3.7607304111021773","95","true","1110","7.68592562425288","105","true","1110","7.67018560402662","115","true","1110","4.462745124120416","125","true","1110","8.464664042553958","135","true"
"1111","7.846534674466748","0","true","1111","4.026133036900567","85","true","1111","4.9096889409510585","55","true","1111","4.813817067958112","15","true","1111","5.040066351174549","5","true","1111","6.407009042670415","25","true","1111","5.11229272280876","35","true","1111","8.427102084298992","45","true","1111","7.336029418214396","65","true","1111","4.009437104456572","75","true","1111","3.757348459293632","95","true","1111","7.680334716717442","105","true","1111","7.667436630242724","115","true","1111","4.458731864116711","125","true","1111","8.457193146093227","135","true"
"1112","7.8394847780835795","0","true","1112","4.022515666696703","85","true","1112","4.905277719979853","55","true","1112","4.8094919852375755","15","true","1112","5.035537989673045","5","true","1112","6.401252520619498","25","true","1112","5.1076994678915915","35","true","1112","8.41953056400762","45","true","1112","7.329685427419714","65","true","1112","4.005834735090484","75","true","1112","3.7539725846671326","95","true","1112","7.673434146441865","105","true","1112","7.660980607699813","115","true","1112","4.454725815721278","125","true","1112","8.449594589807429","135","true"
"1113","7.834062786040315","0","true","1113","4.018904790873815","85","true","1113","4.900874418615419","55","true","1113","4.805174667477039","15","true","1113","5.031017758084469","5","true","1113","6.396229530092544","25","true","1113","5.103114459392586","35","true","1113","8.41350805638871","45","true","1113","7.333251946861973","65","true","1113","4.002238833173886","75","true","1113","3.750602770856839","95","true","1113","7.667864489618171","105","true","1113","7.657812261747077","115","true","1113","4.450726959513269","125","true","1113","8.4421506334236","135","true"
"1114","7.827036720761355","0","true","1114","4.015300391958234","85","true","1114","4.896479015549396","55","true","1114","4.8008650937842345","15","true","1114","5.026505634534618","5","true","1114","6.391215549414069","25","true","1114","5.0985376751240725","35","true","1114","8.406254156557187","45","true","1114","7.3269218264286735","65","true","1114","3.998649381305568","75","true","1114","3.7472390015556223","95","true","1114","7.660987481107302","105","true","1114","7.650944268687214","115","true","1114","4.446735276141509","125","true","1114","8.434579197877929","135","true"
"1115","7.821635599722937","0","true","1115","4.011702452538916","85","true","1115","4.8920914895497996","55","true","1115","4.796563243341775","15","true","1115","5.022001597227687","5","true","1115","6.385488653760472","25","true","1115","5.093969092977904","35","true","1115","8.399962752592801","45","true","1115","7.329745327426403","65","true","1115","3.9950663621466918","75","true","1115","3.7438812605148017","95","true","1115","7.655438958673376","105","true","1115","7.647790593909137","115","true","1115","4.442750746324178","125","true","1115","8.427162036569992","135","true"
"1116","7.8146332401887175","0","true","1116","4.008110955267171","85","true","1116","4.8877118194606775","55","true","1116","4.792269095406823","15","true","1116","5.017505624445925","5","true","1116","6.379772012172504","25","true","1116","5.0894086909251035","35","true","1116","8.392442642697912","45","true","1116","7.3236760257254545","65","true","1116","3.9914897584205087","75","true","1116","3.7405295315438845","95","true","1116","7.64858538753759","105","true","1116","7.640943870011277","115","true","1116","4.438773350848507","125","true","1116","8.419617576376107","135","true"
"1117","7.80925287561063","0","true","1117","4.0045258828563775","85","true","1117","4.883339984201768","55","true","1117","4.787982629310752","15","true","1117","5.0130176945492835","5","true","1117","6.374065597134782","25","true","1117","5.084856447015511","35","true","1117","8.38617484725033","45","true","1117","7.3264996745222986","65","true","1117","3.9879195529120826","75","true","1117","3.737183798510303","95","true","1117","7.643057884011033","105","true","1117","7.63780478177008","115","true","1117","4.434803070570467","125","true","1117","8.412227066180977","135","true"
"1118","7.802274097348243","0","true","1118","4.000947218081707","85","true","1118","4.878975962768165","55","true","1118","4.783703824458821","15","true","1118","5.008537785975066","5","true","1118","6.368369381230283","25","true","1118","5.080312339377427","35","true","1118","8.378825901785513","45","true","1118","7.319952311095558","65","true","1118","3.9843557284680142","75","true","1118","3.733844045339159","95","true","1118","7.636227626742033","105","true","1118","7.631282611824757","115","true","1118","4.430839886414462","125","true","1118","8.40470943698868","135","true"
"1119","7.796914375513009","0","true","1119","3.9973749437798483","85","true","1119","4.874619734229979","55","true","1119","4.7794326603298405","15","true","1119","5.004065877237588","5","true","1119","6.362683337139899","25","true","1119","5.0757763462172685","35","true","1119","8.37243618442694","45","true","1119","7.322642475752717","65","true","1119","3.980798267996168","75","true","1119","3.730510256012963","95","true","1119","7.630721027472483","105","true","1119","7.627678003638541","115","true","1119","4.42688377937302","125","true","1119","8.397345434971923","135","true"
"1120","7.789959054928253","0","true","1120","3.9938090428487336","85","true","1120","4.870271277732004","55","true","1120","4.775169116475844","15","true","1120","4.999601946927831","5","true","1120","6.357007437642005","25","true","1120","5.071248445819216","35","true","1120","8.364967463477408","45","true","1120","7.316110234471939","65","true","1120","3.9772471544653953","75","true","1120","3.7271824145713817","95","true","1120","7.623913961435488","105","true","1120","7.620873652163396","115","true","1120","4.422934730506496","125","true","1120","8.389854493459906","135","true"
"1121","7.784619862938019","0","true","1121","3.9902494982472643","85","true","1121","4.865930572493384","55","true","1121","4.770913172521766","15","true","1121","4.9951459737131","5","true","1121","6.35134165561202","25","true","1121","5.066728616544867","35","true","1121","8.358601487538643","45","true","1121","7.318566430323757","65","true","1121","3.973702370905266","75","true","1121","3.7238605051109794","95","true","1121","7.618428152597173","105","true","1121","7.6170315749898245","115","true","1121","4.418992720942765","125","true","1121","8.382516857706573","135","true"
"1122","7.777687877307621","0","true","1122","3.9866962929950405","85","true","1122","4.861597597807282","55","true","1122","4.766664808165112","15","true","1122","4.990697936336686","5","true","1122","6.345685964021983","25","true","1122","5.062216836832895","35","true","1122","8.351158387371644","45","true","1122","7.3125395103746405","65","true","1122","3.970163900405795","75","true","1122","3.7205445117849676","95","true","1122","7.611644156023177","105","true","1122","7.610248822029015","115","true","1122","4.415057731876921","125","true","1122","8.375052461573263","135","true"
"1123","7.7723691030768185","0","true","1123","3.983149410172091","85","true","1123","4.857272333040549","55","true","1123","4.762424003175641","15","true","1123","4.9862578136175255","5","true","1123","6.340040335940113","25","true","1123","5.057713085198702","35","true","1123","8.3448160244471","45","true","1123","7.3146216462655715","65","true","1123","3.966631726117178","75","true","1123","3.7172344188029527","95","true","1123","7.606179024607539","105","true","1123","7.606423033987545","115","true","1123","4.411129744570981","125","true","1123","8.367741051178822","135","true"
"1124","7.76546033054075","0","true","1124","3.9796088329186046","85","true","1124","4.852954757633402","55","true","1124","4.758190737395041","15","true","1124","4.981825584449865","5","true","1124","6.334404744530389","25","true","1124","5.053217340234081","35","true","1124","8.337398410203146","45","true","1124","7.308364353836654","65","true","1124","3.963105831249518","75","true","1124","3.7139302104306835","95","true","1124","7.5994179765856655","105","true","1124","7.599661769068445","115","true","1124","4.4072087403535845","125","true","1124","8.36030305913333","135","true"
"1125","7.760161862788837","0","true","1125","3.976074544434663","85","true","1125","4.848644851099091","55","true","1125","4.753964990736609","15","true","1125","4.97740122780293","5","true","1125","6.32877916305212","25","true","1125","5.048729580606874","35","true","1125","8.33107953280526","45","true","1125","7.310449200145144","65","true","1125","3.959586199072565","75","true","1125","3.7106318709898036","95","true","1125","7.593973410394068","105","true","1125","7.595852178743709","115","true","1125","4.4032947006197","125","true","1125","8.353017734194687","135","true"
"1126","7.753276182342707","0","true","1126","3.9725465279799734","85","true","1126","4.8443425930235815","55","true","1126","4.749746743184935","15","true","1126","4.972984722720584","5","true","1126","6.323163564859527","25","true","1126","5.044249785060639","35","true","1126","8.323976010366428","45","true","1126","7.304450873727506","65","true","1126","3.9560728129154463","75","true","1126","3.7073393848576033","95","true","1126","7.5875473853648","105","true","1126","7.589112292160974","115","true","1126","4.399387606830331","125","true","1126","8.345606005947841","135","true"
"1127","7.747830345392869","0","true","1127","3.9690247668736083","85","true","1127","4.840047963065228","55","true","1127","4.745535974795586","15","true","1127","4.968576048321009","5","true","1127","6.317557923401318","25","true","1127","5.039777932414309","35","true","1127","8.31739175212669","45","true","1127","7.305915986790201","65","true","1127","3.9525656561664078","75","true","1127","3.704052736466772","95","true","1127","7.581811078500502","105","true","1127","7.585318808802158","115","true","1127","4.395487440512218","125","true","1127","8.338346627554467","135","true"
"1128","7.740967785299519","0","true","1128","3.965509244493738","85","true","1128","4.835760940954453","55","true","1128","4.741332665694793","15","true","1128","4.9641751837963675","5","true","1128","6.311962212220272","25","true","1128","5.0353140015618605","35","true","1128","8.310024708945","45","true","1128","7.299444847740785","65","true","1128","3.9490647122725493","75","true","1128","3.700771910305154","95","true","1128","7.575095568244966","105","true","1128","7.578775413187749","115","true","1128","4.391594183257557","125","true","1128","8.330961023809955","135","true"
"1129","7.735542479385915","0","true","1129","3.961999944277372","85","true","1129","4.8314815064934304","55","true","1129","4.737136796079134","15","true","1129","4.959782108412477","5","true","1129","6.30637640495282","25","true","1129","5.030857971471983","35","true","1129","8.303464450544116","45","true","1129","7.300668286587665","65","true","1129","3.9455699647395646","75","true","1129","3.6974968909155033","95","true","1129","7.569380433443366","105","true","1129","7.574822725125886","115","true","1129","4.387707816723701","125","true","1129","8.323727454035097","135","true"
"1130","7.728702919280357","0","true","1130","3.9584968497200976","85","true","1130","4.827209639555771","55","true","1130","4.732948346215227","15","true","1130","4.955396801508487","5","true","1130","6.300800475328636","25","true","1130","5.026409821187746","35","true","1130","8.29612274899633","45","true","1130","7.294213230631354","65","true","1130","3.9420813971314836","75","true","1130","3.694227662895242","95","true","1130","7.5626877893819655","105","true","1130","7.5681252691355","115","true","1130","4.383828322632875","125","true","1130","8.316367836480689","135","true"
"1131","7.723298033400185","0","true","1131","3.954999944375822","85","true","1131","4.822945320086198","55","true","1131","4.728767296439418","15","true","1131","4.951019242496553","5","true","1131","6.295234397170218","25","true","1131","5.021969529826273","35","true","1131","8.289586362041337","45","true","1131","7.295439129495385","65","true","1131","3.9385989930704137","75","true","1131","3.690964210896218","95","true","1131","7.556993712927067","105","true","1131","7.564188972875912","115","true","1131","4.379955682771892","125","true","1131","8.309159938372686","135","true"
"1132","7.716481353759055","0","true","1132","3.951509211856514","85","true","1132","4.818688528100244","55","true","1132","4.724593627157477","15","true","1132","4.946649410861517","5","true","1132","6.289678144392486","25","true","1132","5.017537076578412","35","true","1132","8.28241347458333","45","true","1132","7.289485816342667","65","true","1132","3.9351227362362824","75","true","1132","3.687706519624465","95","true","1132","7.550506210460943","105","true","1132","7.55751272488573","115","true","1132","4.3760898789918645","125","true","1132","8.301826169671562","135","true"
"1133","7.71109677770012","0","true","1133","3.948024635831949","85","true","1133","4.81443924368393","55","true","1133","4.720427318844287","15","true","1133","4.942287286160581","5","true","1133","6.2841316910023695","25","true","1133","5.013112440708413","35","true","1133","8.275757226231692","45","true","1133","7.290228417401667","65","true","1133","3.9316526103665854","75","true","1133","3.6844545738399637","95","true","1133","7.544650684546629","105","true","1133","7.553592729452218","115","true","1133","4.372230893207921","125","true","1133","8.29464380724524","135","true"
"1134","7.704302859834304","0","true","1134","3.944546200029454","85","true","1134","4.81019744699346","55","true","1134","4.716268352043543","15","true","1134","4.937932848022994","5","true","1134","6.278595011098402","25","true","1134","5.008695601553605","35","true","1134","8.268609162483575","45","true","1134","7.283805308663868","65","true","1134","3.9281885992561305","75","true","1134","3.6812083583564044","95","true","1134","7.538003415221037","105","true","1134","7.546937581672965","115","true","1134","4.368378707398927","125","true","1134","8.287335751027403","135","true"
"1135","7.698938484168012","0","true","1135","3.9410738882336536","85","true","1135","4.805963118254909","55","true","1135","4.712116707367448","15","true","1135","4.9335860761497345","5","true","1135","6.273068078870323","25","true","1135","5.004286538524068","35","true","1135","8.261833558442396","45","true","1135","7.284551602773537","65","true","1135","3.9247306867567855","75","true","1135","3.6779678580409496","95","true","1135","7.532169204312945","105","true","1135","7.543033796744803","115","true","1135","4.364533303607203","125","true","1135","8.280178789255567","135","true"
"1136","7.6921672102153575","0","true","1136","3.937607684286218","85","true","1136","4.80173623776392","55","true","1136","4.7079723654964125","15","true","1136","4.929246950313192","5","true","1136","6.267550868598669","25","true","1136","4.999885231102323","35","true","1136","8.254567214063819","45","true","1136","7.278386797198304","65","true","1136","3.921278856777228","75","true","1136","3.6747330578140005","95","true","1136","7.525544605188659","105","true","1136","7.536399642130252","115","true","1136","4.360694663938243","125","true","1136","8.272896310109344","135","true"
"1137","7.686822926289796","0","true","1137","3.934147572085615","85","true","1137","4.797516785885392","55","true","1137","4.703835307178753","15","true","1137","4.924915450356853","5","true","1137","6.2620433546543826","25","true","1137","4.995491658843006","35","true","1137","8.247815857084591","45","true","1137","7.278894741799636","65","true","1137","3.917833093282696","75","true","1137","3.671503942648962","95","true","1137","7.5197315957145285","105","true","1137","7.532511978036361","115","true","1137","4.356862770560442","125","true","1137","8.265764614914362","135","true"
"1138","7.6800741792078915","0","true","1138","3.9306935355868573","85","true","1138","4.793304743053184","55","true","1138","4.699705513230397","15","true","1138","4.920591556194994","5","true","1138","6.256545511498408","25","true","1138","4.991105801372556","35","true","1138","8.240574578895755","45","true","1138","7.272745727683687","65","true","1138","3.9143933802947393","75","true","1138","3.6682804975720096","95","true","1138","7.513129548659467","105","true","1138","7.52589871027689","115","true","1138","4.353037605704813","125","true","1138","8.258507578378003","135","true"
"1139","7.674749879140978","0","true","1139","3.9272455588012547","85","true","1139","4.789100089769804","55","true","1139","4.69558296453458","15","true","1139","4.916275247812367","5","true","1139","6.251057313681304","25","true","1139","4.986727638388896","35","true","1139","8.233847340643832","45","true","1139","7.27277497917348","65","true","1139","3.910959701890972","75","true","1139","3.6650627076618587","95","true","1139","7.507337627848036","105","true","1139","7.522027077990053","115","true","1139","4.349219151664721","125","true","1139","8.251401016623479","135","true"
"1140","7.668023542700013","0","true","1140","3.9238036257961704","85","true","1140","4.784902806606115","55","true","1140","4.6914676420415615","15","true","1140","4.91196650526389","5","true","1140","6.245578735842845","25","true","1140","4.982357149661123","35","true","1140","8.22678514832118","45","true","1140","7.266400943258342","65","true","1140","3.9075320422048274","75","true","1140","3.6618505580495344","95","true","1140","7.500758015553691","105","true","1140","7.515434591506276","115","true","1140","4.345407390795603","125","true","1140","8.244169289176833","135","true"
"1141","7.662569501518584","0","true","1141","3.9203677206947725","85","true","1141","4.78071287420103","55","true","1141","4.6873595267683195","15","true","1141","4.907665308674342","5","true","1141","6.240109752711635","25","true","1141","4.977994315029195","35","true","1141","8.219927750705493","45","true","1141","7.2664356993728685","65","true","1141","3.9041103854253136","75","true","1141","3.6586440339181427","95","true","1141","7.494987071427661","105","true","1141","7.511578902637428","115","true","1141","4.341602305514695","125","true","1141","8.237087728659358","135","true"
"1142","7.655865591193547","0","true","1142","3.9169378276757922","85","true","1142","4.776530273261222","55","true","1142","4.683258599798269","15","true","1142","4.903371638238056","5","true","1142","6.234650339104713","25","true","1142","4.973639114403623","35","true","1142","8.212736212865854","45","true","1142","7.260078362802989","65","true","1142","3.90069471579677","75","true","1142","3.655443120502641","95","true","1142","7.488429777401915","105","true","1142","7.505180167954573","115","true","1142","4.337803878300772","125","true","1142","8.229881177715649","135","true"
"1143","7.650431712629137","0","true","1143","3.913513930973278","85","true","1143","4.772354984560819","55","true","1143","4.679164842280962","15","true","1143","4.899085474218618","5","true","1143","6.229200469927174","25","true","1143","4.969291527765158","35","true","1143","8.205903084245522","45","true","1143","7.2598780537116525","65","true","1143","3.897285017618626","75","true","1143","3.6522478030896144","95","true","1143","7.482679698770994","105","true","1143","7.501167259366455","115","true","1143","4.334012091693865","125","true","1143","8.22282448715665","135","true"
"1144","7.6439151902067195","0","true","1144","3.910096014876358","85","true","1144","4.768186988941115","55","true","1144","4.675078235431809","15","true","1144","4.894806796948558","5","true","1144","6.223760120171779","25","true","1144","4.96495153516449","35","true","1144","8.198736356661028","45","true","1144","7.2535375488612495","65","true","1144","3.89388127524516","75","true","1144","3.649058067017047","95","true","1144","7.476144607331019","105","true","1144","7.494616021585349","115","true","1144","4.330226928295007","125","true","1144","8.21564298105433","135","true"
"1145","7.638336289494976","0","true","1145","3.9066840637289966","85","true","1145","4.7640262673102765","55","true","1145","4.6709987605317815","15","true","1145","4.890535586829056","5","true","1145","6.218329264918575","25","true","1145","4.960619116721938","35","true","1145","8.191927369500943","45","true","1145","7.253343296866008","65","true","1145","3.89048347308526","75","true","1145","3.6458738976741003","95","true","1145","7.47041528378503","105","true","1145","7.490446712302126","115","true","1145","4.326448370765953","125","true","1145","8.208611030091998","135","true"
"1146","7.631676885580856","0","true","1146","3.9032780619297562","85","true","1146","4.759872800643048","55","true","1146","4.666926398927132","15","true","1146","4.886271824329642","5","true","1146","6.212907879334513","25","true","1146","4.95629425262715","35","true","1146","8.184785322971301","45","true","1146","7.247259447142266","65","true","1146","3.8870915956021865","75","true","1146","3.642695280500888","95","true","1146","7.463902280050257","105","true","1146","7.483916244375098","115","true","1146","4.32267640182893","125","true","1146","8.201454438086687","135","true"
"1147","7.626118364752432","0","true","1147","3.8998779939315593","85","true","1147","4.755726569980467","55","true","1147","4.6628611320291125","15","true","1147","4.882015489987891","5","true","1147","6.207495938673072","25","true","1147","4.9519769231387984","35","true","1147","8.178000350626556","45","true","1147","7.2468313092079795","65","true","1147","3.8837056273133346","75","true","1147","3.6395222009882566","95","true","1147","7.4581936019523285","105","true","1147","7.479763519060321","115","true","1147","4.3189110042663605","125","true","1147","8.194447097267988","135","true"
"1148","7.619481186018965","0","true","1148","3.8964838442414536","85","true","1148","4.751587556429571","55","true","1148","4.658802941313683","15","true","1148","4.8777665644091375","5","true","1148","6.202093418273879","25","true","1148","4.947667108584283","35","true","1148","8.170882856848813","45","true","1148","7.240524232350531","65","true","1148","3.8803255527899982","75","true","1148","3.636354644677562","95","true","1148","7.451702571837488","105","true","1148","7.47325371617167","115","true","1148","4.315152160920611","125","true","1148","8.1873152895245","135","true"
"1149","7.613942937139426","0","true","1149","3.8930955974203743","85","true","1149","4.74745574116311","55","true","1149","4.654751808321236","15","true","1149","4.873525028266172","5","true","1149","6.196700293562336","25","true","1149","4.943364789359427","35","true","1149","8.164121773556948","45","true","1149","7.240102695712472","65","true","1149","3.8769513566571376","75","true","1149","3.633192597160451","95","true","1149","7.446014430317305","105","true","1149","7.469117484751532","115","true","1149","4.3113998546937236","125","true","1149","8.18033243029728","135","true"
"1150","7.607327869426881","0","true","1150","3.8897132380829107","85","true","1150","4.7433311054192675","55","true","1150","4.650707714656317","15","true","1150","4.869290862298956","5","true","1150","6.19131654004925","25","true","1150","4.939069945928185","35","true","1150","8.157028705117716","45","true","1150","7.233812424039394","65","true","1150","3.8735830235931434","75","true","1150","3.6300360440786434","95","true","1150","7.439545260525544","105","true","1150","7.462628242801269","115","true","1150","4.307654068547161","125","true","1150","8.17322527788173","135","true"
"1151","7.601809785316744","0","true","1151","3.8863367508970748","85","true","1151","4.739213630501369","55","true","1151","4.6466706419873445","15","true","1151","4.865064047314322","5","true","1151","6.185942133330458","25","true","1151","4.934782558822344","35","true","1151","8.150291385991055","45","true","1151","7.233158584639054","65","true","1151","3.8702205383296078","75","true","1151","3.6268849711237143","95","true","1151","7.433877547472681","105","true","1151","7.458508415839647","115","true","1151","4.303914785501547","125","true","1151","8.166266772586887","135","true"
"1152","7.595216715251421","0","true","1152","3.8829661205840678","85","true","1152","4.735103297777603","55","true","1152","4.642640572046332","15","true","1152","4.8608445641856886","5","true","1152","6.180577049086459","25","true","1152","4.930502608641232","35","true","1152","8.143222616358798","45","true","1152","7.22688524675125","65","true","1152","3.866863885651091","75","true","1152","3.6237393640368767","95","true","1152","7.42743012548875","105","true","1152","7.452039631437358","115","true","1152","4.300181988636411","125","true","1152","8.159184147458884","135","true"
"1153","7.589718689479582","0","true","1153","3.8796013319180505","85","true","1153","4.731000088680743","55","true","1153","4.638617486628615","15","true","1153","4.856632393852772","5","true","1153","6.175221263082051","25","true","1153","4.926230076051422","35","true","1153","8.136508937376863","45","true","1153","7.2262385432747305","65","true","1153","3.8635130503948942","75","true","1153","3.6205992086087684","95","true","1153","7.421782733546063","105","true","1153","7.4479361201302305","115","true","1153","4.296455661089933","125","true","1153","8.15224986932263","135","true"
"1154","7.583147504467046","0","true","1154","3.876242369725914","85","true","1154","4.726903984707858","55","true","1154","4.634601367592572","15","true","1154","4.852427517321297","5","true","1154","6.169874751165962","25","true","1154","4.921964941786443","35","true","1154","8.129464340894286","45","true","1154","7.220220300088981","65","true","1154","3.8601680174508295","75","true","1154","3.6174644906792373","95","true","1154","7.41548265306992","105","true","1154","7.441487690588993","115","true","1154","4.292735786058686","125","true","1154","8.145191644327545","135","true"
"1155","7.57766943134428","0","true","1155","3.8728892188870505","85","true","1155","4.7228149674200495","55","true","1155","4.630592196859361","15","true","1155","4.848229915662715","5","true","1155","6.16453748927049","25","true","1155","4.9177071866464885","35","true","1155","8.122774178896284","45","true","1155","7.218979543548765","65","true","1155","3.856828771760993","75","true","1155","3.614335196137127","95","true","1155","7.409729770186665","105","true","1155","7.437400406758909","115","true","1155","4.289022346797389","125","true","1155","8.138281467453751","135","true"
"1156","7.571120019562651","0","true","1156","3.869541864333129","85","true","1156","4.718733018442158","55","true","1156","4.626589956412637","15","true","1156","4.844039570013914","5","true","1156","6.159209453411139","25","true","1156","4.913456791498134","35","true","1156","8.115753630772778","45","true","1156","7.212740148956242","65","true","1156","3.8534952983195403","75","true","1156","3.6112113109200683","95","true","1156","7.4033255093654144","105","true","1156","7.4309722300892815","115","true","1156","4.285315326618654","125","true","1156","8.131247516315069","135","true"
"1157","7.565498570008269","0","true","1157","3.866200291047867","85","true","1157","4.714658119462501","55","true","1157","4.622594628298291","15","true","1157","4.839856461576942","5","true","1157","6.153890619686258","25","true","1157","4.909213737274042","35","true","1157","8.10908686345018","45","true","1157","7.211395311492678","65","true","1157","3.8501675821724595","75","true","1157","3.608092821014265","95","true","1157","7.397593060773586","105","true","1157","7.426901086179888","115","true","1157","4.2816147088927305","125","true","1157","8.124361315677683","135","true"
"1158","7.558970961233456","0","true","1158","3.862864484066808","85","true","1158","4.710590252232595","55","true","1158","4.618606194624177","15","true","1158","4.835680571618722","5","true","1158","6.148580964276693","25","true","1158","4.904978004972684","35","true","1158","8.102090239754364","45","true","1158","7.20517322753108","65","true","1158","3.8468456084173495","75","true","1158","3.6049797124542873","95","true","1158","7.391210323016232","105","true","1158","7.421153925553184","115","true","1158","4.2779204770472665","125","true","1158","8.117351512989437","135","true"
"1159","7.553369677159624","0","true","1159","3.859534428477095","85","true","1159","4.706529398566876","55","true","1159","4.614624637559846","15","true","1159","4.8315118814707745","5","true","1159","6.14328046344542","25","true","1159","4.900749575658052","35","true","1159","8.095446745643546","45","true","1159","7.2038372319609225","65","true","1159","3.8435293622031965","75","true","1159","3.601871971322861","95","true","1159","7.38549820208262","105","true","1159","7.416437970154589","115","true","1159","4.274232614567054","125","true","1159","8.110489164424981","135","true"
"1160","7.546863760125034","0","true","1160","3.8562101094172525","85","true","1160","4.702475540342443","55","true","1160","4.61064993933628","15","true","1160","4.827350372528939","5","true","1160","6.137989093537198","25","true","1160","4.896528430459381","35","true","1160","8.088473923295876","45","true","1160","7.197632376463971","65","true","1160","3.8402188287301535","75","true","1160","3.5987695837506624","95","true","1160","7.37926193298832","105","true","1160","7.4100499960200885","115","true","1160","4.270551104993784","125","true","1160","8.103503385644252","135","true"
"1161","7.541282536093591","0","true","1161","3.8528915120769622","85","true","1161","4.698428659498775","55","true","1161","4.606682082245629","15","true","1161","4.823196026253097","5","true","1161","6.132706830978216","25","true","1161","4.892314550570862","35","true","1161","8.08185358177084","45","true","1161","7.196305169914646","65","true","1161","3.8369139932493184","75","true","1161","3.5956725359161092","95","true","1161","7.373444978017097","105","true","1161","7.405351713461709","115","true","1161","4.266875931925802","125","true","1161","8.096664765844405","135","true"
"1162","7.53494511653497","0","true","1162","3.849578621696845","85","true","1162","4.694388738037469","55","true","1162","4.602721048640947","15","true","1162","4.819048824166894","5","true","1162","6.127433652275741","25","true","1162","4.888107917251368","35","true","1162","8.0749044385363","45","true","1162","7.190117461256078","65","true","1162","3.8336148410625177","75","true","1162","3.592580814045158","95","true","1162","7.367104956539868","105","true","1162","7.398984257130271","115","true","1162","4.26320707901787","125","true","1162","8.08970288728392","135","true"
"1163","7.529236931594795","0","true","1163","3.846271423568239","85","true","1163","4.6903557580219735","55","true","1163","4.598766820935929","15","true","1163","4.814908747857473","5","true","1163","6.122169534017773","25","true","1163","4.883908511824176","35","true","1163","8.068307129801479","45","true","1163","7.1884697241480255","65","true","1163","3.830321357522086","75","true","1163","3.5894944044110986","95","true","1163","7.361308440474478","105","true","1163","7.394303553870866","115","true","1163","4.2595445299809125","125","true","1163","8.082887873788161","135","true"
"1164","7.522774067275829","0","true","1164","3.8429699030329876","85","true","1164","4.6863297015773195","55","true","1164","4.594819381604654","15","true","1164","4.8107757789751915","5","true","1164","6.116914452872693","25","true","1164","4.879716315676688","35","true","1164","8.061532519304224","45","true","1164","7.182299363869787","65","true","1164","3.827033528030651","75","true","1164","3.586413293334351","95","true","1164","7.3549897207830846","105","true","1164","7.387956512193724","115","true","1164","4.255888268581788","125","true","1164","8.075949772608945","135","true"
"1165","7.517086111683116","0","true","1165","3.8396740454832163","85","true","1165","4.68231055088986","55","true","1165","4.590878713181322","15","true","1165","4.806649899233361","5","true","1165","6.111668385588925","25","true","1165","4.875531310260155","35","true","1165","8.05480714936546","45","true","1165","7.180661158126746","65","true","1165","3.823751338040916","75","true","1165","3.5833374671822633","95","true","1165","7.349213537709022","105","true","1165","7.383293295342085","115","true","1165","4.252238278643038","125","true","1165","8.069158243797292","135","true"
"1166","7.51064473540918","0","true","1166","3.8363838363611227","85","true","1166","4.6782982882070066","55","true","1166","4.586944798260001","15","true","1166","4.802531090407968","5","true","1166","6.1064313089945905","25","true","1166","4.87135347708941","35","true","1166","8.04790500099411","45","true","1166","7.174508063732464","65","true","1166","3.820474773055448","75","true","1166","3.5802669123689106","95","true","1166","7.34291601111287","105","true","1166","7.376966565868784","115","true","1166","4.248594544042659","125","true","1166","8.062243798001406","135","true"
"1167","7.5049769041683945","0","true","1167","3.833099261158759","85","true","1167","4.674292895836967","55","true","1167","4.583017619494368","15","true","1167","4.798419334337413","5","true","1167","6.101203199997164","25","true","1167","4.867182797742586","35","true","1167","8.041202814495575","45","true","1167","7.172767615128269","65","true","1167","3.8172038186264623","75","true","1167","3.577201615354896","95","true","1167","7.337160055843447","105","true","1167","7.372320743178128","115","true","1167","4.244957048713855","125","true","1167","8.05547563308721","135","true"
"1168","7.4987030689975205","0","true","1168","3.829820305417819","85","true","1168","4.670294356148483","55","true","1168","4.579097159597452","15","true","1168","4.79431461292224","5","true","1168","6.095984035583137","25","true","1168","4.863019253860856","35","true","1168","8.034324112344596","45","true","1168","7.166631800230811","65","true","1168","3.81393846035561","75","true","1168","3.57414156264715","95","true","1168","7.330883614392769","105","true","1168","7.366014224150602","115","true","1168","4.24132577664481","125","true","1168","8.048584721510576","135","true"
"1169","7.492909095653723","0","true","1169","3.8265469547294275","85","true","1169","4.666302651570579","55","true","1169","4.575183401341386","15","true","1169","4.79021690812487","5","true","1169","6.090773792817681","25","true","1169","4.858862827148155","35","true","1169","8.027644990172254","45","true","1169","7.164901058601581","65","true","1169","3.8106786838937676","75","true","1169","3.571086740798734","95","true","1169","7.325147782462883","105","true","1169","7.361385704013022","115","true","1169","4.237700711878446","125","true","1169","8.041839800533404","135","true"
"1170","7.486510368842747","0","true","1170","3.8232791947339284","85","true","1170","4.662317764592294","55","true","1170","4.571276327557149","15","true","1170","4.786126201969341","5","true","1170","6.08557244884431","25","true","1170","4.854713499370915","35","true","1170","8.020977275552726","45","true","1170","7.158782441130529","65","true","1170","3.807424474940827","75","true","1170","3.568037136408641","95","true","1170","7.318892318942419","105","true","1170","7.355099294359724","115","true","1170","4.234081838512196","125","true","1170","8.034972302838671","135","true"
"1171","7.480736686153252","0","true","1171","3.820017011120674","85","true","1171","4.658339677762438","55","true","1171","4.567375921134318","15","true","1171","4.78204247654104","5","true","1171","6.080379980884545","25","true","1171","4.850571252357799","35","true","1171","8.014133438286896","45","true","1171","7.157061350390684","65","true","1171","3.8041758192454846","75","true","1171","3.564992736121603","95","true","1171","7.313176506602389","105","true","1171","7.350487985800699","115","true","1171","4.230469140697767","125","true","1171","8.028250506657256","135","true"
"1172","7.474359246523112","0","true","1172","3.816760389627818","85","true","1172","4.654368373689324","55","true","1172","4.56348216502082","15","true","1172","4.777965713986444","5","true","1172","6.075196366237584","25","true","1172","4.846436067999438","35","true","1172","8.00730126996781","45","true","1172","7.150959848813199","65","true","1172","3.800932702605037","75","true","1172","3.561953526627893","95","true","1172","7.306941914525149","105","true","1172","7.344221585130792","115","true","1172","4.226862602640906","125","true","1172","8.021406303326774","135","true"
"1173","7.468605749938982","0","true","1173","3.8135093160421043","85","true","1173","4.6504038350405255","55","true","1173","4.559595042222676","15","true","1173","4.773895896512861","5","true","1173","6.0700215822799715","25","true","1173","4.842307928248161","35","true","1173","8.000480740777038","45","true","1173","7.149248353281017","65","true","1173","3.7976951108651686","75","true","1173","3.5589194946631335","95","true","1173","7.301246018734605","105","true","1173","7.33962739780375","115","true","1173","4.223262208601177","125","true","1173","8.014707513612032","135","true"
"1174","7.4624103523126175","0","true","1174","3.810263776198664","85","true","1174","4.646446044542619","55","true","1174","4.555714535803763","15","true","1174","4.769833006388169","5","true","1174","6.064855606465265","25","true","1174","4.838186815117737","35","true","1174","7.993671820997653","45","true","1174","7.143163886597374","65","true","1174","3.7944630299197515","75","true","1174","3.555890627008101","95","true","1174","7.295208067585732","105","true","1174","7.333380906401364","115","true","1174","4.219667942891729","125","true","1174","8.007886485940874","135","true"
"1175","7.456516075412517","0","true","1175","3.807023755980808","85","true","1175","4.6424949849809325","55","true","1175","4.551840628885563","15","true","1175","4.76577702594056","5","true","1175","6.059698416323713","25","true","1175","4.834072710683113","35","true","1175","7.986874481013811","45","true","1175","7.1414619309914515","65","true","1175","3.791236445710636","75","true","1175","3.5528669104885364","95","true","1175","7.289356110757528","105","true","1175","7.3288037505823","115","true","1175","4.216079789879067","125","true","1175","8.001210585169003","135","true"
"1176","7.45018088758294","0","true","1176","3.803789241319822","85","true","1176","4.638550639199301","55","true","1176","4.547973304646917","15","true","1176","4.761727937558282","5","true","1176","6.054549989461926","25","true","1176","4.829965597080154","35","true","1176","7.980088691310316","45","true","1176","7.135394418730626","65","true","1176","3.7880153442274493","75","true","1176","3.5498483319749523","95","true","1176","7.28316294498798","105","true","1176","7.322577069400837","115","true","1176","4.212497733982823","125","true","1176","7.99441261525807","135","true"
"1177","7.444306999493136","0","true","1177","3.8005602181947626","85","true","1177","4.634612990099811","55","true","1177","4.544112546323787","15","true","1177","4.757685723689388","5","true","1177","6.049410303562553","25","true","1177","4.825865456505383","35","true","1177","7.973314422472192","45","true","1177","7.133701948166365","65","true","1177","3.784799711507392","75","true","1177","3.5468348783824437","95","true","1177","7.277331148631979","105","true","1177","7.318016855982995","115","true","1177","4.208921759675537","125","true","1177","7.987759486703709","135","true"
"1178","7.437992913827747","0","true","1178","3.7973366726322566","85","true","1178","4.630682020642559","55","true","1178","4.540258337209009","15","true","1178","4.753650366841475","5","true","1178","6.044279336383958","25","true","1178","4.821772271215726","35","true","1178","7.96655164518426","45","true","1178","7.127651310381661","65","true","1178","3.7815895336350365","75","true","1178","3.5438265366704993","95","true","1178","7.271158687946116","105","true","1178","7.311809886639497","115","true","1178","4.205351851482428","125","true","1178","7.9809844574529","135","true"
"1179","7.432139310271787","0","true","1179","3.794118590706297","85","true","1179","4.626757713845404","55","true","1179","4.536410660652052","15","true","1179","4.749621849581439","5","true","1179","6.0391570657599045","25","true","1179","4.817686023528255","35","true","1179","7.959800330230713","45","true","1179","7.125968270367806","65","true","1179","3.7783847967421256","75","true","1179","3.5408232938428124","95","true","1179","7.265346949089905","105","true","1179","7.307266527128093","115","true","1179","4.2017879939811715","125","true","1179","7.974353985182365","135","true"
"1180","7.425846220254622","0","true","1180","3.7909059585380445","85","true","1180","4.622840052783723","55","true","1180","4.532569500058782","15","true","1180","4.745600154535223","5","true","1180","6.034043469599227","25","true","1180","4.813606695819933","35","true","1180","7.953060448494701","45","true","1180","7.119934427632524","65","true","1180","3.7751854870073736","75","true","1180","3.5378251369470948","95","true","1180","7.2591950888451215","105","true","1180","7.301079171897672","115","true","1180","4.198230171801678","125","true","1180","7.967601780283819","135","true"
"1181","7.420012797663708","0","true","1181","3.7876987622956264","85","true","1181","4.6189290205901665","55","true","1181","4.52873483889122","15","true","1181","4.741585264387562","5","true","1181","6.028938525885522","25","true","1181","4.809534270527362","35","true","1181","7.946331970957903","45","true","1181","7.118260764067719","65","true","1181","3.7719915906562673","75","true","1181","3.534832053074889","95","true","1181","7.253403305214642","105","true","1181","7.296552578404681","115","true","1181","4.194678369625874","125","true","1181","7.9609938491484025","135","true"
"1182","7.413740597496621","0","true","1182","3.7844969881939394","85","true","1182","4.615024600454419","55","true","1182","4.5249066606673045","15","true","1182","4.73757716188174","5","true","1182","6.023842212676827","25","true","1182","4.805468730146527","35","true","1182","7.93961486870012","45","true","1182","7.112243637470874","65","true","1182","3.768803093960869","75","true","1182","3.5318440293613853","95","true","1182","7.2472719414739695","105","true","1182","7.29038474021499","115","true","1182","4.191132572187475","125","true","1182","7.9542643530798065","135","true"
"1183","7.4079272530036295","0","true","1183","3.7813006224944514","85","true","1183","4.611126775622953","55","true","1183","4.5210849489606595","15","true","1183","4.73357582981934","5","true","1183","6.01875450810531","25","true","1183","4.801410057232552","35","true","1183","7.9329091128988525","45","true","1183","7.110469087709986","65","true","1183","3.765619983239618","75","true","1183","3.5288610529852353","95","true","1183","7.241500011487605","105","true","1183","7.285874825453983","115","true","1183","4.187592764271775","125","true","1183","7.947678848709149","135","true"
"1184","7.4016758376002505","0","true","1184","3.7781096515050043","85","true","1184","4.607235529398799","55","true","1184","4.517269687400356","15","true","1184","4.729581251059999","5","true","1184","6.013675390376951","25","true","1184","4.797358234399444","35","true","1184","7.926214674828896","45","true","1184","7.104468691855379","65","true","1184","3.7624422448571377","75","true","1184","3.5258831111683704","95","true","1184","7.235389041013776","105","true","1184","7.27972640787976","115","true","1184","4.184058930715429","125","true","1184","7.9409719467271165","135","true"
"1185","7.395882469033804","0","true","1185","3.774924061579621","85","true","1185","4.6033508451412954","55","true","1185","4.513460859670675","15","true","1185","4.725593408521163","5","true","1185","6.008604837771236","25","true","1185","4.793313244319849","35","true","1185","7.919531525861924","45","true","1185","7.102703690193259","65","true","1185","3.759269865224037","75","true","1185","3.522910191175817","95","true","1185","7.229636863776511","105","true","1185","7.275233085160791","115","true","1185","4.180531056406225","125","true","1185","7.934408755522642","135","true"
"1186","7.389651734013556","0","true","1186","3.7717438391183067","85","true","1186","4.5994727062658605","55","true","1186","4.509658449510885","15","true","1186","4.721612285177842","5","true","1186","6.003542828640848","25","true","1186","4.789275069724803","35","true","1186","7.9128596374660845","45","true","1186","7.096719946562093","65","true","1186","3.756102830796721","75","true","1186","3.519942280315517","95","true","1186","7.223546184026067","105","true","1186","7.269103992418448","115","true","1186","4.177009126282883","125","true","1186","7.927724333656153","135","true"
"1187","7.38387823989216","0","true","1187","3.7685689705668604","85","true","1187","4.595601096243752","55","true","1187","4.505862440715001","15","true","1187","4.717637864062373","5","true","1187","5.998489341411353","25","true","1187","4.785243693403486","35","true","1187","7.90619898120559","45","true","1187","7.094964438796116","65","true","1187","3.7529411280771954","75","true","1187","3.516979365938147","95","true","1187","7.217813659323704","105","true","1187","7.264627175642998","115","true","1187","4.173493125334834","125","true","1187","7.921183342784575","135","true"
"1188","7.3776680815743365","0","true","1188","3.7653994424166783","85","true","1188","4.5917359986018305","55","true","1188","4.502072817131557","15","true","1188","4.71367012826417","5","true","1188","5.993444354580897","25","true","1188","4.781219098202978","35","true","1188","7.899549528740321","45","true","1188","7.0889972693774475","65","true","1188","3.749784743612875","75","true","1188","3.5140214354369377","95","true","1188","7.211743168441177","105","true","1188","7.258517312585266","115","true","1188","4.169983038602004","125","true","1188","7.9145212878284905","135","true"
"1189","7.371914361100571","0","true","1189","3.7622352412045634","85","true","1189","4.587877396922334","55","true","1189","4.49828956266338","15","true","1189","4.7097090609294945","5","true","1189","5.988407846719905","25","true","1189","4.777201267028017","35","true","1189","7.892911251825414","45","true","1189","7.087251201689384","65","true","1189","3.7466336639963935","75","true","1189","3.5110684762474946","95","true","1189","7.206030196734603","105","true","1189","7.25405691624123","115","true","1189","4.166478851174607","125","true","1189","7.908002385215375","135","true"
"1190","7.365724676498472","0","true","1190","3.759076353512536","85","true","1190","4.584025274842634","55","true","1190","4.494512661267356","15","true","1190","4.705754645261208","5","true","1190","5.98337979647077","25","true","1190","4.773190182840756","35","true","1190","7.886284122310866","45","true","1190","7.081300528975958","65","true","1190","3.743487875865414","75","true","1190","3.508120475847623","95","true","1190","7.199979793546748","105","true","1190","7.2479661883518585","115","true","1190","4.162980548192932","125","true","1190","7.90136258472401","135","true"
"1191","7.35999062955325","0","true","1191","3.755922765967643","85","true","1191","4.580179616055014","55","true","1191","4.490742096954213","15","true","1191","4.701806864518539","5","true","1191","5.978360182547556","25","true","1191","4.769185828660521","35","true","1191","7.879668112141142","45","true","1191","7.079563847928647","65","true","1191","3.7403473659024398","75","true","1191","3.5051774217571467","95","true","1191","7.194286275966271","105","true","1191","7.243522127508596","115","true","1191","4.159488114847133","125","true","1191","7.894865659047414","135","true"
"1192","7.353821316368378","0","true","1192","3.7527744652417687","85","true","1192","4.576340404306435","55","true","1192","4.486977853788282","15","true","1192","4.6978657020168475","5","true","1192","5.973348983735697","25","true","1192","4.765188187563572","35","true","1192","7.8730631933547714","45","true","1192","7.073629594912781","65","true","1192","3.7372121208346254","75","true","1192","3.502239301537736","95","true","1192","7.188255859976358","105","true","1192","7.237450440897105","115","true","1192","4.156001536377018","125","true","1192","7.888248001328179","135","true"
"1193","7.34810684350525","0","true","1193","3.7496314380514493","85","true","1193","4.572507623398305","55","true","1193","4.483219915887288","15","true","1193","4.693931141127385","5","true","1193","5.968346178891697","25","true","1193","4.761197242682865","35","true","1193","7.866469338083955","45","true","1193","7.0719022474468405","65","true","1193","3.7340821274335916","75","true","1193","3.4993061027927292","95","true","1193","7.182581698316091","105","true","1193","7.233022631200527","115","true","1193","4.152520798071844","125","true","1193","7.881772942012344","135","true"
"1194","7.3419578001215635","0","true","1194","3.7464936711576824","85","true","1194","4.568681257186257","55","true","1194","4.47946826742211","15","true","1194","4.69000316527707","5","true","1194","5.963351746942834","25","true","1194","4.757212977207817","35","true","1194","7.859886518554177","45","true","1194","7.066214603443733","65","true","1194","3.730957372515237","75","true","1194","3.496377813166961","95","true","1194","7.176571169698254","105","true","1194","7.227373142421265","115","true","1194","4.149045885270111","125","true","1194","7.875177316119447","135","true"
"1195","7.336262802561089","0","true","1195","3.7433611513657445","85","true","1195","4.564861289579913","55","true","1195","4.475722892616573","15","true","1195","4.6860817579482426","5","true","1195","5.958365666886862","25","true","1195","4.753235374384064","35","true","1195","7.853314707083814","45","true","1195","7.064266271046914","65","true","1195","3.727837842939555","75","true","1195","3.4934544203465876","95","true","1195","7.17091626641056","105","true","1195","7.222558250264726","115","true","1195","4.14557678335935","125","true","1195","7.868724013328562","135","true"
"1196","7.330133928039317","0","true","1196","3.7402338655250045","85","true","1196","4.561047704542671","55","true","1196","4.471983775747219","15","true","1196","4.6821669026784445","5","true","1196","5.953387917791718","25","true","1196","4.749264417513234","35","true","1196","7.846753876083744","45","true","1196","7.058364628381043","65","true","1196","3.7247235256104494","75","true","1196","3.490535912058913","95","true","1196","7.1650981687935165","105","true","1196","7.2165243670147134","115","true","1196","4.142113477775925","125","true","1196","7.8621503090567755","135","true"
"1197","7.324458307663487","0","true","1197","3.73711180052874","85","true","1197","4.557240486091467","55","true","1197","4.468250901143089","15","true","1197","4.678258583060183","5","true","1197","5.948418478795231","25","true","1197","4.745300089952705","35","true","1197","7.840203998056963","45","true","1197","7.056426101192785","65","true","1197","3.7216144074755495","75","true","1197","3.4876222760722193","95","true","1197","7.159289784194197","105","true","1197","7.211726568814535","115","true","1197","4.138655954004826","125","true","1197","7.855718653688799","135","true"
"1198","7.318349501735494","0","true","1198","3.7339949433139537","85","true","1198","4.5534396182965615","55","true","1198","4.464524253185505","15","true","1198","4.674356782740699","5","true","1198","5.9434573291048265","25","true","1198","4.74134237511538","35","true","1198","7.8336650455982","45","true","1198","7.050540841725568","65","true","1198","3.7185104755260285","75","true","1198","3.4847135001955953","95","true","1198","7.153318733498455","105","true","1198","7.205711784353472","115","true","1198","4.135204197579468","125","true","1198","7.84916676156729","135","true"
"1199","7.312693161082209","0","true","1199","3.730883280861192","85","true","1199","4.549645085281314","55","true","1199","4.460803816307851","15","true","1199","4.6704614854217485","5","true","1199","5.938504447997239","25","true","1199","4.737391256469451","35","true","1199","7.827136991393535","45","true","1199","7.04861206523817","65","true","1199","3.7154117167964236","75","true","1199","3.481809572278766","95","true","1199","7.147529845736214","105","true","1199","7.200930992969178","115","true","1199","4.131758194081486","125","true","1199","7.842756645247835","135","true"
"1200","7.306604324145422","0","true","1200","3.727776800194363","85","true","1200","4.545856871221963","55","true","1200","4.457089574995355","15","true","1200","4.666572674859366","5","true","1200","5.933559814818224","25","true","1200","4.733446717538169","35","true","1200","7.820619808220018","45","true","1200","7.042743112644299","65","true","1200","3.712318118364453","75","true","1200","3.478910480211922","95","true","1200","7.141578530294303","105","true","1200","7.194935213624491","115","true","1200","4.128317929140535","125","true","1200","7.836226456534057","135","true"
"1201","7.300967166403033","0","true","1201","3.7246754883805577","85","true","1201","4.542074960347402","55","true","1201","4.453381513784876","15","true","1201","4.662690334863643","5","true","1201","5.9286234089822685","25","true","1201","4.729508741899618","35","true","1201","7.814113468945293","45","true","1201","7.040824032730991","65","true","1201","3.7092296673508387","75","true","1201","3.476016211925556","95","true","1201","7.135809041848807","105","true","1201","7.190171342501009","115","true","1201","4.124883388434095","125","true","1201","7.829837771610336","135","true"
"1202","7.294898199514917","0","true","1202","3.7215793325298674","85","true","1202","4.538299336938967","55","true","1202","4.44967961726469","15","true","1202","4.658814449298503","5","true","1202","5.923695209972308","25","true","1202","4.725577313186484","35","true","1202","7.807617946527217","45","true","1202","7.0349713111742735","65","true","1202","3.7061463509191257","75","true","1202","3.47312675539029","95","true","1202","7.130049145237801","105","true","1202","7.184194475217135","115","true","1202","4.121454557687267","125","true","1202","7.823329178283976","135","true"
"1203","7.28928012851681","0","true","1203","3.718488319795208","85","true","1203","4.534529985330213","55","true","1203","4.44598387007427","15","true","1203","4.654945002081477","5","true","1203","5.918775197339441","25","true","1203","4.721652415085831","35","true","1203","7.80113321401349","45","true","1203","7.033061874085962","65","true","1203","3.703068156275505","75","true","1203","3.47024209861671","95","true","1203","7.124127177509198","105","true","1203","7.179447438379912","115","true","1203","4.118031422672576","125","true","1203","7.816961817818808","135","true"
"1204","7.283230933389411","0","true","1204","3.7154024373721413","85","true","1204","4.530766889906703","55","true","1204","4.442294256904084","15","true","1204","4.651081977183484","5","true","1204","5.913863350702645","25","true","1204","4.717734031338872","35","true","1204","7.79465924454128","45","true","1204","7.0272253082153515","65","true","1204","3.6999950706686375","75","true","1204","3.4673622296552025","95","true","1204","7.118215038772676","105","true","1204","7.173489390713207","115","true","1204","4.114613969209778","125","true","1204","7.810474712575805","135","true"
"1205","7.277631853608652","0","true","1205","3.7123216724986983","85","true","1205","4.527010035105785","55","true","1205","4.438610762495374","15","true","1205","4.647225358628606","5","true","1205","5.908959649748496","25","true","1205","4.713822145740747","35","true","1205","7.788196011336851","45","true","1205","7.025325460577402","65","true","1205","3.696927081389476","75","true","1205","3.4644871365957868","95","true","1205","7.112312704578006","105","true","1205","7.168759102763362","115","true","1205","4.111202183165657","125","true","1205","7.80412857034168","135","true"
"1206","7.271602332603177","0","true","1206","3.7092460124552034","85","true","1206","4.523259405416385","55","true","1206","4.434933371639952","15","true","1206","4.643375130493868","5","true","1206","5.9040640742308925","25","true","1206","4.709916742140299","35","true","1206","7.781743487715196","45","true","1206","7.019504975523071","65","true","1206","3.693864175771092","75","true","1206","3.4616168075679528","95","true","1206","7.106420150555986","105","true","1206","7.162819782877063","115","true","1206","4.107796050453838","125","true","1206","7.79766284658829","135","true"
"1207","7.266022149147209","0","true","1207","3.706175444564098","85","true","1207","4.519514985378788","55","true","1207","4.431262069179985","15","true","1207","4.639531276909022","5","true","1207","5.899176603970767","25","true","1207","4.706017804439852","35","true","1207","7.7753016470796705","45","true","1207","7.017614664332114","65","true","1207","3.6908063411885","75","true","1207","3.4587512307404955","95","true","1207","7.100537352418108","105","true","1207","7.158106158986602","115","true","1207","4.104395557034588","125","true","1207","7.791337817061496","135","true"
"1208","7.2600122052686755","0","true","1208","3.7031099561897687","85","true","1208","4.515776759584431","55","true","1208","4.4275968400077925","15","true","1208","4.635693782056326","5","true","1208","5.8942972188558205","25","true","1208","4.702125316594988","35","true","1208","7.7688704629216225","45","true","1208","7.0119686914495665","65","true","1208","3.6877535650584847","75","true","1208","3.4558903943213557","95","true","1208","7.094664285956224","105","true","1208","7.152185475645835","115","true","1208","4.101000688914626","125","true","1208","7.784893368908426","135","true"
"1209","7.254450823874068","0","true","1209","3.700049534738372","85","true","1209","4.512044712675683","55","true","1209","4.423937669065637","15","true","1209","4.631862630170329","5","true","1209","5.889425898840237","25","true","1209","4.698239262614331","35","true","1209","7.7624499088200345","45","true","1209","7.009929358322348","65","true","1209","3.6847058348394284","75","true","1209","3.4530342865574535","95","true","1209","7.088800927042211","105","true","1209","7.1474884315529055","115","true","1209","4.097611432146928","125","true","1209","7.77858934726323","135","true"
"1210","7.248460360765997","0","true","1210","3.6969941676576634","85","true","1210","4.5083188293456455","55","true","1210","4.420284541345517","15","true","1210","4.628037805537653","5","true","1210","5.884562623944415","25","true","1210","4.694359626559324","35","true","1210","7.756039958441158","45","true","1210","7.004140812196566","65","true","1210","3.681663138031138","75","true","1210","3.4501828957345326","95","true","1210","7.082947251627642","105","true","1210","7.141586294119748","115","true","1210","4.094227772830538","125","true","1210","7.772166069519826","135","true"
"1211","7.242917687793248","0","true","1211","3.693943842436824","85","true","1211","4.504599094337935","55","true","1211","4.416637441888962","15","true","1211","4.624219292496781","5","true","1211","5.879707374254692","25","true","1211","4.690486392544011","35","true","1211","7.749640585538153","45","true","1211","7.0021113029517785","65","true","1211","3.6786254621746766","75","true","1211","3.4473362101769958","95","true","1211","7.077103235743461","105","true","1211","7.13690574612394","115","true","1211","4.090849697110381","125","true","1211","7.765882951622714","135","true"
"1212","7.236946609732413","0","true","1212","3.6908985466062902","85","true","1212","4.500885492446477","55","true","1212","4.412996355786827","15","true","1212","4.620407075437839","5","true","1212","5.874860129923072","25","true","1212","4.686619544734824","35","true","1212","7.7432517639507354","45","true","1212","6.9963387462304665","65","true","1212","3.675592794852191","75","true","1212","3.4444942182477485","95","true","1212","7.07126885549965","105","true","1212","7.1310220645525275","115","true","1212","4.087477191177067","125","true","1212","7.759480739791203","135","true"
"1213","7.2314225521608","0","true","1213","3.6878582677375866","85","true","1213","4.497178008515302","55","true","1213","4.409361268179095","15","true","1213","4.6166011388023875","5","true","1213","5.8700208711669575","25","true","1213","4.682759067350363","35","true","1213","7.736873467604812","45","true","1213","6.994319007236467","65","true","1213","3.672565123686745","75","true","1213","3.4416569083480386","95","true","1213","7.065444087084905","105","true","1213","7.1263579295102275","115","true","1213","4.084110241266707","125","true","1213","7.753218422195182","135","true"
"1214","7.225470764052026","0","true","1214","3.6848229934431527","85","true","1214","4.493476627438334","55","true","1214","4.405732164254668","15","true","1214","4.612801467083209","5","true","1214","5.865189578268878","25","true","1214","4.678904944661186","35","true","1214","7.730505670512133","45","true","1214","6.988562366078248","65","true","1214","3.6695424363421467","75","true","1214","3.4388242689172994","95","true","1214","7.059628906766317","105","true","1214","7.120492614341907","115","true","1214","4.080748833660726","125","true","1214","7.74683717246498","135","true"
"1215","7.219965229474511","0","true","1215","3.6817927113761764","85","true","1215","4.489781334159192","55","true","1215","4.402109029251169","15","true","1215","4.609008044824094","5","true","1215","5.860366231576223","25","true","1215","4.6750571609895895","35","true","1215","7.724148346769936","45","true","1215","6.986326054875701","65","true","1215","3.666524720522786","75","true","1215","3.4359962884329924","95","true","1215","7.053823290889042","105","true","1215","7.1158448096616915","115","true","1215","4.077392954685676","125","true","1215","7.740595552403924","135","true"
"1216","7.214032636845526","0","true","1216","3.6787674092304274","85","true","1216","4.486092113670975","55","true","1216","4.398491848454742","15","true","1216","4.6052208566196375","5","true","1216","5.855550811500975","25","true","1216","4.671215700709401","35","true","1216","7.717801470560593","45","true","1216","6.980585441847866","65","true","1216","3.663511963973466","75","true","1216","3.433172955410451","95","true","1216","7.048027215875986","105","true","1216","7.109997772020227","115","true","1216","4.07404259071305","125","true","1216","7.734235161645992","135","true"
"1217","7.2085455334637105","0","true","1217","3.6757470747400904","85","true","1217","4.4824089510160725","55","true","1217","4.394880607199854","15","true","1217","4.601439887115023","5","true","1217","5.850743298519447","25","true","1217","4.667380548245764","35","true","1217","7.711465016151266","45","true","1217","6.978359351947976","65","true","1217","3.6605041544792347","75","true","1217","3.430354258402725","95","true","1217","7.042240658227484","105","true","1217","7.105366215658306","115","true","1217","4.070697728159098","125","true","1217","7.728014137029058","135","true"
"1218","7.202632042460049","0","true","1218","3.672731695679598","85","true","1218","4.478731831285953","55","true","1218","4.391275290869091","15","true","1218","4.597665121005823","5","true","1218","5.845943673172015","25","true","1218","4.663551688074931","35","true","1218","7.705138957893554","45","true","1218","6.972860425214412","65","true","1218","3.657501279865224","75","true","1218","3.4275401860004258","95","true","1218","7.03646359452098","105","true","1218","7.099537367245133","115","true","1218","4.067358353484645","125","true","1218","7.721674502790314","135","true"
"1219","7.1971632790791755","0","true","1219","3.6697212598634676","85","true","1219","4.4750607396209645","55","true","1219","4.3876758848929684","15","true","1219","4.593896543037785","5","true","1219","5.841151916062858","25","true","1219","4.65972910472405","35","true","1219","7.698823270223149","45","true","1219","6.970311812494233","65","true","1219","3.654503327996482","75","true","1219","3.424730726831573","95","true","1219","7.030696001410718","105","true","1219","7.094921977700834","115","true","1219","4.064024453194904","125","true","1219","7.715473972196405","135","true"
"1220","7.191268796459127","0","true","1220","3.6667157551461345","85","true","1220","4.471395661210137","55","true","1220","4.384082374749731","15","true","1220","4.590134138006633","5","true","1220","5.8363680078596945","25","true","1220","4.655912782770959","35","true","1220","7.692517927659494","45","true","1220","6.96460312141111","65","true","1220","3.6515102867778118","75","true","1220","3.4219258695614405","95","true","1220","7.0249378556274165","105","true","1220","7.08911123079035","115","true","1220","4.060696013839298","125","true","1220","7.709154992694197","135","true"
"1221","7.185818282483133","0","true","1221","3.6637151694217924","85","true","1221","4.467736581290979","55","true","1221","4.380494745965157","15","true","1221","4.586377890757855","5","true","1221","5.831591929293524","25","true","1221","4.652102706843978","35","true","1221","7.686222904805435","45","true","1221","6.962065437110935","65","true","1221","3.648522144153607","75","true","1221","3.419125602892405","95","true","1221","7.019189133977966","105","true","1221","7.0845119271016515","115","true","1221","4.057373022011278","125","true","1221","7.702974855366477","135","true"
"1222","7.1799427156127456","0","true","1222","3.6607194906242277","85","true","1222","4.464083485149286","55","true","1222","4.376912984112364","15","true","1222","4.5826277861865075","5","true","1222","5.82682366115837","25","true","1222","4.648298861621702","35","true","1222","7.679938176346886","45","true","1222","6.956372824325071","65","true","1222","3.6455388881076924","75","true","1222","3.416329915563793","95","true","1222","7.013449813345114","105","true","1222","7.078719194536564","115","true","1222","4.054055464348146","125","true","1222","7.696676429483103","135","true"
"1223","7.174510361039365","0","true","1223","3.6577287067266586","85","true","1223","4.460436358118935","55","true","1223","4.3733370748116185","15","true","1223","4.578883809237008","5","true","1223","5.822063184311019","25","true","1223","4.644501231832795","35","true","1223","7.673663717052485","45","true","1223","6.953846010666797","65","true","1223","3.6425605066631603","75","true","1223","3.413538796351731","95","true","1223","7.007719870687152","105","true","1223","7.074135896275669","115","true","1223","4.050743327530868","125","true","1223","7.690516585323576","135","true"
"1224","7.168793098368653","0","true","1224","3.654742805741576","85","true","1224","4.456795185581695","55","true","1224","4.36976700373014","15","true","1224","4.575145944902937","5","true","1224","5.817310479670764","25","true","1224","4.640709802255788","35","true","1224","7.667399501773259","45","true","1224","6.948169401678498","65","true","1224","3.6395869878822107","75","true","1224","3.410752234068995","95","true","1224","7.0019992830376125","105","true","1224","7.068361091462383","115","true","1224","4.047436598283904","125","true","1224","7.684238612600863","135","true"
"1225","7.163239333303407","0","true","1225","3.6517617757205794","85","true","1225","4.453159952967028","55","true","1225","4.3662027565819095","15","true","1225","4.571414178226834","5","true","1225","5.8125655282191575","25","true","1225","4.636924557718875","35","true","1225","7.661145505442286","45","true","1225","6.945653401274679","65","true","1225","3.6366183198659936","75","true","1225","3.4079702175648605","95","true","1225","6.9962880275049555","105","true","1225","7.063793718731337","115","true","1225","4.0441352633750265","125","true","1225","7.678098962164991","135","true"
"1226","7.157401322436819","0","true","1226","3.648785604754222","85","true","1226","4.449530645751897","55","true","1226","4.362644319127483","15","true","1226","4.567688494299999","5","true","1226","5.807828310999745","25","true","1226","4.633145483099708","35","true","1226","7.654901703074362","45","true","1226","6.9399927220560365","65","true","1226","3.633654490754448","75","true","1226","3.4051927357249543","95","true","1226","6.99058608127227","105","true","1226","7.058036755635387","115","true","1226","4.040839309615144","125","true","1226","7.671841342798923","135","true"
"1227","7.151865879282047","0","true","1227","3.6458142809718486","85","true","1227","4.445907249460568","55","true","1227","4.3590916771737955","15","true","1227","4.563968878262295","5","true","1227","5.803098809117823","25","true","1227","4.629372563325196","35","true","1227","7.6486680697656695","45","true","1227","6.9374874779066396","65","true","1227","3.6306954887261464","75","true","1227","3.4024197774711067","95","true","1227","6.984893421596967","105","true","1227","7.053485229061742","115","true","1227","4.037548723858129","125","true","1227","7.665721787290309","135","true"
"1228","7.146046623074332","0","true","1228","3.6428477925414406","85","true","1228","4.442289749664424","55","true","1228","4.35554481657398","15","true","1228","4.560255315301951","5","true","1228","5.7983770037401845","25","true","1228","4.625605783371311","35","true","1228","7.642444580693443","45","true","1228","6.931842654897765","65","true","1228","3.6277413019981353","75","true","1228","3.3996513317612034","95","true","1228","6.979210025810476","105","true","1228","7.04774602220327","115","true","1228","4.034263493000637","125","true","1228","7.659484422125711","135","true"
"1229","7.140529412103033","0","true","1229","3.6398861276694556","85","true","1229","4.43867813198177","55","true","1229","4.352003723227172","15","true","1229","4.556547790655364","5","true","1229","5.793662876094867","25","true","1229","4.621845128262879","35","true","1229","7.636231211115644","45","true","1229","6.929348110386952","65","true","1229","3.624791918825779","75","true","1229","3.3968873875890395","95","true","1229","6.973535871317947","105","true","1229","7.042979321163555","115","true","1229","4.0309836039819364","125","true","1229","7.65338486339083","135","true"
"1230","7.1347288195668","0","true","1230","3.6369292746006745","85","true","1230","4.435072382077641","55","true","1230","4.348468383078328","15","true","1230","4.5528462896069035","5","true","1230","5.7889564074709075","25","true","1230","4.618090583073388","35","true","1230","7.630027936370627","45","true","1230","6.9237190704922424","65","true","1230","3.621847327502606","75","true","1230","3.3941279339841746","95","true","1230","6.967870935597949","105","true","1230","7.03725797321785","115","true","1230","4.027709043783739","125","true","1230","7.647167653916101","135","true"
"1231","7.12922975163564","0","true","1231","3.633977221618044","85","true","1231","4.431472485663617","55","true","1231","4.344938782118037","15","true","1231","4.549150797488716","5","true","1231","5.78425757921809","25","true","1231","4.61434213292479","35","true","1231","7.62383473187682","45","true","1231","6.921235169385185","65","true","1231","3.6189075163601525","75","true","1231","3.391372960011785","95","true","1231","6.962215196202171","105","true","1231","7.032507523355946","115","true","1231","4.024439799430018","125","true","1231","7.641087994439077","135","true"
"1232","7.123447732372351","0","true","1232","3.6310299570425224","85","true","1232","4.427878428497629","55","true","1232","4.341414906382337","15","true","1232","4.545461299680534","5","true","1232","5.779566372746705","25","true","1232","4.6105997629873","35","true","1232","7.617651573132394","45","true","1232","6.915621839969625","65","true","1232","3.6159724737678087","75","true","1232","3.388622454772521","95","true","1232","6.95656863075513","105","true","1232","7.026803948722243","115","true","1232","4.021175857986847","125","true","1232","7.634890842780975","135","true"
"1233","7.117966718916926","0","true","1233","3.6280874692329257","85","true","1233","4.424290196383773","55","true","1233","4.337896741952529","15","true","1233","4.54177778160948","5","true","1233","5.774882769527299","25","true","1233","4.606863458479206","35","true","1233","7.611478435714945","45","true","1233","6.913148526409356","65","true","1233","3.6130421881326646","75","true","1233","3.3858764074023653","95","true","1233","6.95093121695387","105","true","1233","7.022069669787584","115","true","1233","4.017917206562222","125","true","1233","7.628830985678414","135","true"
"1234","7.112203183112134","0","true","1234","3.6251497465857736","85","true","1234","4.420707775172127","55","true","1234","4.334384274954997","15","true","1234","4.538100228749878","5","true","1234","5.770206751090435","25","true","1234","4.603133204666673","35","true","1234","7.605315295281168","45","true","1234","6.907550835294854","65","true","1234","3.6101166478993587","75","true","1234","3.383134807072485","95","true","1234","6.945302932567672","105","true","1234","7.016383783415287","115","true","1234","4.014663832305897","125","true","1234","7.622653794596894","135","true"
"1235","7.106740136142284","0","true","1235","3.622216777535138","85","true","1235","4.417131150758557","55","true","1235","4.33087749156102","15","true","1235","4.534428626623057","5","true","1235","5.765538299026446","25","true","1235","4.599408986863544","35","true","1235","7.599162127566538","45","true","1235","6.904982481490526","65","true","1235","3.6071958415499257","75","true","1235","3.380397642989093","95","true","1235","6.939683755437763","105","true","1235","7.011665595680609","115","true","1235","4.011415722409209","125","true","1235","7.61661364361277","135","true"
"1236","7.100994994560924","0","true","1236","3.6192885505524903","85","true","1236","4.413560309084541","55","true","1236","4.327376377986598","15","true","1236","4.530762960797169","5","true","1236","5.7608773949851955","25","true","1236","4.595690790431157","35","true","1236","7.593018908384997","45","true","1236","6.899400442297729","65","true","1236","3.6042797576036443","75","true","1236","3.3776649043933054","95","true","1236","6.934073663477021","105","true","1236","7.00599731306486","115","true","1236","4.008172864104917","125","true","1236","7.610456316495864","135","true"
"1237","7.095549826656091","0","true","1237","3.6163650541465513","85","true","1237","4.409995236136976","55","true","1237","4.323880920492263","15","true","1237","4.527103216886994","5","true","1237","5.7562240206758375","25","true","1237","4.591978600778143","35","true","1237","7.5868856136286285","45","true","1237","6.896842821207946","65","true","1237","3.6013683846168885","75","true","1237","3.3749365805610005","95","true","1237","6.928472634669689","105","true","1237","7.001295137321959","115","true","1237","4.004935244667029","125","true","1237","7.604435775996451","135","true"
"1238","7.089822990637805","0","true","1238","3.6134462768631397","85","true","1238","4.406435917948004","55","true","1238","4.320391105382907","15","true","1238","4.5234493805537515","5","true","1238","5.751578157866575","25","true","1238","4.588272403360243","35","true","1238","7.5807622192673465","45","true","1238","6.891276362110925","65","true","1238","3.598461711182977","75","true","1238","3.3722126608026786","95","true","1238","6.922880647071086","105","true","1238","6.995644374499261","115","true","1238","4.00170285141064","125","true","1238","7.59829821685521","135","true"
"1239","7.084395614942434","0","true","1239","3.6105322072850243","85","true","1239","4.40288234059482","55","true","1239","4.3169069190075975","15","true","1239","4.519801437504918","5","true","1239","5.746939788384425","25","true","1239","4.584572183680113","35","true","1239","7.574648701348582","45","true","1239","6.888729417894018","65","true","1239","3.5955597259320227","75","true","1239","3.3694931344633217","95","true","1239","6.917297678807318","105","true","1239","6.990958132054788","115","true","1239","3.99847567169176","125","true","1239","7.592297191824054","135","true"
"1240","7.078686996396953","0","true","1240","3.607622834031773","85","true","1240","4.3993344901994975","55","true","1240","4.313428347759404","15","true","1240","4.516159373494036","5","true","1240","5.742308894114977","25","true","1240","4.5808779272871405","35","true","1240","7.568545035996972","45","true","1240","6.883178467516988","65","true","1240","3.592662417530788","75","true","1240","3.3667779909222553","95","true","1240","6.911723708075","105","true","1240","6.985324805598661","115","true","1240","3.9952536929071574","125","true","1240","7.586179305287532","135","true"
"1241","7.073277326615939","0","true","1241","3.604718145759606","85","true","1241","4.395792352928805","55","true","1241","4.309955378075219","15","true","1241","4.51252317432053","5","true","1241","5.737685457002163","25","true","1241","4.577189619777247","35","true","1241","7.562451199414044","45","true","1241","6.880642144703485","65","true","1241","3.5897697746825346","75","true","1241","3.3640672195930104","95","true","1241","6.906158713140962","105","true","1241","6.98065441826996","115","true","1241","3.992036902494189","125","true","1241","7.58019770132049","135","true"
"1242","7.0675868380185","0","true","1242","3.6018181311612474","85","true","1242","4.392255914994028","55","true","1242","4.3064879964355764","15","true","1242","4.508892825829524","5","true","1242","5.733069459048019","25","true","1242","4.573507246792712","35","true","1242","7.55636716787791","45","true","1242","6.875106632117238","65","true","1242","3.586881786126877","75","true","1242","3.361360809923185","95","true","1242","6.900602672341975","105","true","1242","6.975038445286638","115","true","1242","3.9888252879306374","125","true","1242","7.574099392630771","135","true"
"1243","7.062194788412679","0","true","1243","3.59892277896578","85","true","1243","4.388725162650785","55","true","1243","4.303026189364487","15","true","1243","4.505268313911655","5","true","1243","5.728460882312449","25","true","1243","4.5698307940219784","35","true","1243","7.55029291774296","45","true","1243","6.872580875606811","65","true","1243","3.5839984406396366","75","true","1243","3.358658751394308","95","true","1243","6.8950555640844655","105","true","1243","6.970383835397624","115","true","1243","3.9856188367345515","125","true","1243","7.568137115931084","135","true"
"1244","7.0565223427994965","0","true","1244","3.5960320779384984","85","true","1244","4.385200082198857","55","true","1244","4.299569943429254","15","true","1244","4.501649624502891","5","true","1244","5.723859708913001","25","true","1244","4.566160247199471","35","true","1244","7.5442284254395515","45","true","1244","6.867060730325199","65","true","1244","3.5811197270326973","75","true","1244","3.355961033521702","95","true","1244","6.889517366844237","105","true","1244","6.9647851335218025","115","true","1244","3.9824175364640824","125","true","1244","7.562058290938369","135","true"
"1245","7.05114782818118","0","true","1245","3.5931460168807625","85","true","1245","4.3816806599820035","55","true","1245","4.296119245240306","15","true","1245","4.498036743584349","5","true","1245","5.719265921024628","25","true","1245","4.56249559210541","35","true","1245","7.53817366747371","45","true","1245","6.864545485383642","65","true","1245","3.5782456341538587","75","true","1245","3.353267645854349","95","true","1245","6.8839880591661915","105","true","1245","6.9601462238988745","115","true","1245","3.979221374717321","125","true","1245","7.55611524831179","135","true"
"1246","7.045493339144948","0","true","1246","3.590264584629856","85","true","1246","4.378166882387792","55","true","1246","4.292674081451019","15","true","1246","4.494429657182116","5","true","1246","5.71467950087946","25","true","1246","4.55883681456563","35","true","1246","7.532128620426818","45","true","1246","6.85904063736008","65","true","1246","3.5753761508866946","75","true","1246","3.3505785779747543","95","true","1246","6.878467619664054","105","true","1246","6.954564711289493","115","true","1246","3.976030339132143","125","true","1246","7.55005581346952","135","true"
"1247","7.0401362748734995","0","true","1247","3.5873877700588386","85","true","1247","4.374658735847417","55","true","1247","4.289234438757549","15","true","1247","4.490828351367067","5","true","1247","5.710100430766576","25","true","1247","4.555183900451395","35","true","1247","7.526093260955322","45","true","1247","6.856535849616318","65","true","1247","3.572511266150407","75","true","1247","3.3478938194988133","95","true","1247","6.872956027020092","105","true","1247","6.949941425257492","115","true","1247","3.9728444173860433","125","true","1247","7.5441319123194805","135","true"
"1248","7.034499656558949","0","true","1248","3.5845155620764055","85","true","1248","4.37115620683553","55","true","1248","4.285800303898656","15","true","1248","4.487232812254683","5","true","1248","5.705528693031775","25","true","1248","4.551536835679216","35","true","1248","7.520067565790426","45","true","1248","6.851046229240324","65","true","1248","3.569650968899686","75","true","1248","3.3452133600756757","95","true","1248","6.867453259984848","105","true","1248","6.9443770205935555","115","true","1248","3.9696635971959826","125","true","1248","7.538091774679513","135","true"
"1249","7.029159958536404","0","true","1249","3.581647949626744","85","true","1249","4.367659281870061","55","true","1249","4.282371663655537","15","true","1249","4.483643026004879","5","true","1249","5.70096427007735","25","true","1249","4.547895606210672","35","true","1249","7.514051511737794","45","true","1249","6.848551844683448","65","true","1249","3.5667952481245666","75","true","1249","3.342537189387615","95","true","1249","6.86195929737686","105","true","1249","6.9397692819717625","115","true","1249","3.966487866318226","125","true","1249","7.532186923002347","135","true"
"1250","7.023541125635895","0","true","1250","3.5787849216893926","85","true","1250","4.364167947512052","55","true","1250","4.278948504851655","15","true","1250","4.4800589788218215","5","true","1250","5.69640714436186","25","true","1250","4.544260198052231","35","true","1250","7.508045075677252","45","true","1250","6.843077382777226","65","true","1250","3.5639440928502863","75","true","1250","3.339865297149895","95","true","1250","6.856474118082394","105","true","1250","6.934448969500041","115","true","1250","3.9633172125481875","125","true","1250","7.5261659902101785","135","true"
"1251","7.018218710302621","0","true","1251","3.5759264672790976","85","true","1251","4.360682190365477","55","true","1251","4.275530814352573","15","true","1251","4.476480656953753","5","true","1251","5.69185729839991","25","true","1251","4.540630597255064","35","true","1251","7.502048234562493","45","true","1251","6.840373565274539","65","true","1251","3.561097492137147","75","true","1251","3.337197673110638","95","true","1251","6.850997701055172","105","true","1251","6.929629637546371","115","true","1251","3.9601516237202734","125","true","1251","7.520280096590379","135","true"
"1252","7.012617578051781","0","true","1252","3.5730725754456745","85","true","1252","4.357201997077077","55","true","1252","4.272118579065779","15","true","1252","4.472908046692816","5","true","1252","5.6873147147619205","25","true","1252","4.537006789914877","35","true","1252","7.496060965420783","45","true","1252","6.834914368494591","65","true","1252","3.5582554350803735","75","true","1252","3.3345343070506934","95","true","1252","6.845530025316101","105","true","1252","6.924099206869958","115","true","1252","3.9569910877077272","125","true","1252","7.51427827688041","135","true"
"1253","7.0073123623821845","0","true","1253","3.570223235273868","85","true","1253","4.353727354336185","55","true","1253","4.2687117859405275","15","true","1253","4.469341134374879","5","true","1253","5.682779376073913","25","true","1253","4.5333887621717235","35","true","1253","7.490083245352665","45","true","1253","6.832221372881288","65","true","1253","3.5554179108099744","75","true","1253","3.3318751887835076","95","true","1253","6.8400710699530105","105","true","1253","6.9192958146503685","115","true","1253","3.953835592422474","125","true","1253","7.5084112504859455","135","true"
"1254","7.001728846555586","0","true","1254","3.5673784358832115","85","true","1254","4.350258248874563","55","true","1254","4.2653104219676665","15","true","1254","4.465779906379361","5","true","1254","5.6782512650172805","25","true","1254","4.529776500209834","35","true","1254","7.484115051531667","45","true","1254","6.826777371787358","65","true","1254","3.552584908490604","75","true","1254","3.329220308154995","95","true","1254","6.834620814120378","105","true","1254","6.913782431531125","115","true","1254","3.950685125814966","125","true","1254","7.502428452676793","135","true"
"1255","6.996440748053851","0","true","1255","3.5645381664278903","85","true","1255","4.346794667466224","55","true","1255","4.261914474179475","15","true","1255","4.462224349129059","5","true","1255","5.673730364328573","25","true","1255","4.526169990257437","35","true","1255","7.4781563612040145","45","true","1255","6.824095142884194","65","true","1255","3.5497564173214236","75","true","1255","3.3265696550434067","95","true","1255","6.829179237039073","105","true","1255","6.9089949020183665","115","true","1255","3.9475396758740304","125","true","1255","7.496580203254456","135","true"
"1256","6.990874764960729","0","true","1256","3.5617024160966033","85","true","1256","4.343336596927268","55","true","1256","4.2585239296495","15","true","1256","4.458674449089975","5","true","1256","5.669216656799273","25","true","1256","4.522569218586588","35","true","1256","7.472207151688338","45","true","1256","6.818666268466624","65","true","1256","3.546932426535965","75","true","1256","3.3239232193592034","95","true","1256","6.823746317996082","105","true","1256","6.903498486026307","115","true","1256","3.944399230626716","125","true","1256","7.490616336744309","135","true"
"1257","6.985603701656609","0","true","1257","3.558871174112425","85","true","1257","4.339884024115721","55","true","1257","4.2551387754923855","15","true","1257","4.4551301927711435","5","true","1257","5.664710125275586","25","true","1257","4.51897417151299","35","true","1257","7.466267400375391","45","true","1257","6.815994751456248","65","true","1257","3.544112925401994","75","true","1257","3.3212809910449277","95","true","1257","6.818322036344257","105","true","1257","6.89872674268567","115","true","1257","3.9412637781381417","125","true","1257","7.4847867746151175","135","true"
"1258","6.980055168136627","0","true","1258","3.556044429732669","85","true","1258","4.3364369359313555","55","true","1258","4.2517589988637186","15","true","1258","4.4515915667244625","5","true","1258","5.660210752658211","25","true","1258","4.515384835395823","35","true","1258","7.460337084727754","45","true","1258","6.810580935132613","65","true","1258","3.5412979032213725","75","true","1258","3.3186429600750746","95","true","1258","6.812906371502045","105","true","1258","6.893247213898787","115","true","1258","3.938133306511344","125","true","1258","7.478841749377139","135","true"
"1259","6.974801058581263","0","true","1259","3.5532221722487543","85","true","1259","4.332995319315537","55","true","1259","4.248384586959858","15","true","1259","4.448058557544523","5","true","1259","5.655718521902132","25","true","1259","4.511801196637572","35","true","1259","7.454416182279557","45","true","1259","6.807805513359992","65","true","1259","3.538487349329927","75","true","1259","3.3160091164559673","95","true","1259","6.807499302953234","105","true","1259","6.8884911806841895","115","true","1259","3.935007803887129","125","true","1259","7.473030785431777","135","true"
"1260","6.969269892000311","0","true","1260","3.550404390986067","85","true","1260","4.329559161251052","55","true","1260","4.245015527017781","15","true","1260","4.4445311518684365","5","true","1260","5.651233416016405","25","true","1260","4.508223241683855","35","true","1260","7.448504670636195","45","true","1260","6.802406777822038","65","true","1260","3.53568125309731","75","true","1260","3.3133794502256295","95","true","1260","6.8021008102466896","105","true","1260","6.88302845968444","115","true","1260","3.9318872584439193","125","true","1260","7.467104512009548","135","true"
"1261","6.964032655262099","0","true","1261","3.5475910753038273","85","true","1261","4.3261284487619465","55","true","1261","4.241651806314914","15","true","1261","4.441009336375672","5","true","1261","5.646755418063936","25","true","1261","4.50465095702325","35","true","1261","7.442602527474043","45","true","1261","6.79964223164439","65","true","1261","3.5328796039268684","75","true","1261","3.31075395145366","95","true","1261","6.796710872996098","105","true","1261","6.878288061034536","115","true","1261","3.9287716583976087","125","true","1261","7.461312057703851","135","true"
"1262","6.95851877350813","0","true","1262","3.5447822145949566","85","true","1262","4.322703168913362","55","true","1262","4.2382934121689795","15","true","1262","4.437493097787885","5","true","1262","5.6422845111612725","25","true","1262","4.501084329187127","35","true","1262","7.4367097305401755","45","true","1262","6.794258508578955","65","true","1262","3.530082391255509","75","true","1262","3.3081326102411075","95","true","1262","6.791329470879711","105","true","1262","6.872842068903868","115","true","1262","3.9256609920014114","125","true","1262","7.455404447206857","135","true"
"1263","6.9532983291686286","0","true","1263","3.5419777982859415","85","true","1263","4.319283308811374","55","true","1263","4.234940331937834","15","true","1263","4.433982422868749","5","true","1263","5.637820678478391","25","true","1263","4.497523344749479","35","true","1263","7.4308262576520905","45","true","1263","6.791504783098775","65","true","1263","3.5272896045535664","75","true","1263","3.3055154167203473","95","true","1263","6.785956583640091","105","true","1263","6.868117229738204","115","true","1263","3.9225552475457137","125","true","1263","7.449630414557343","135","true"
"1264","6.947801650647547","0","true","1264","3.539177815836704","85","true","1264","4.315868855602828","55","true","1264","4.231592553019305","15","true","1264","4.430477298423793","5","true","1264","5.633363903238488","25","true","1264","4.493967990326752","35","true","1264","7.424952086697425","45","true","1264","6.786136004614112","65","true","1264","3.5245012333246706","75","true","1264","3.3029023610549557","95","true","1264","6.780592191083854","105","true","1264","6.862687888054617","115","true","1264","3.9194544133579305","125","true","1264","7.443741378656507","135","true"
"1265","6.942597918797412","0","true","1265","3.5363822567404664","85","true","1265","4.312459796475179","55","true","1265","4.2282500628510435","15","true","1265","4.4269777113002355","5","true","1265","5.628914168717762","25","true","1265","4.490418252577679","35","true","1265","7.419087195633682","45","true","1265","6.78339304529106","65","true","1265","3.5217172671056147","75","true","1265","3.300293433439588","95","true","1265","6.7752362730814175","105","true","1265","6.857978533769823","115","true","1265","3.9163584778023557","125","true","1265","7.4379856802359425","135","true"
"1266","6.9371183624289845","0","true","1266","3.533591110523623","85","true","1266","4.309056118656335","55","true","1266","4.224912848910356","15","true","1266","4.423483648386818","5","true","1266","5.624471458245215","25","true","1266","4.486874118203111","35","true","1266","7.413231562487957","45","true","1266","6.778039143913561","65","true","1266","3.5189376954662257","75","true","1266","3.297688624099857","95","true","1266","6.769888809566752","105","true","1266","6.852789962219766","115","true","1266","3.9132674292800176","125","true","1266","7.432115131159197","135","true"
"1267","6.93193126366396","0","true","1267","3.5308043667456075","85","true","1267","4.305657809414493","55","true","1267","4.221580898714055","15","true","1267","4.4199950966136425","5","true","1267","5.6200357552024345","25","true","1267","4.483335573945853","35","true","1267","7.407385165356658","45","true","1267","6.775203988538376","65","true","1267","3.5161625080092334","75","true","1267","3.2950879232922072","95","true","1267","6.764549780537125","105","true","1267","6.847871821069481","115","true","1267","3.910181256228535","125","true","1267","7.426377680092211","135","true"
"1268","6.926468748877778","0","true","1268","3.528022014998763","85","true","1268","4.30226485605798","55","true","1268","4.218254199818299","15","true","1268","4.416512042952008","5","true","1268","5.6156070430233935","25","true","1268","4.479802606590497","35","true","1268","7.4015479824052335","45","true","1268","6.769864978303121","65","true","1268","3.5133916943701404","75","true","1268","3.2924913213037974","95","true","1268","6.759219166052857","105","true","1268","6.842475546978804","115","true","1268","3.907099947121972","125","true","1268","7.420525530620114","135","true"
"1269","6.9212982042947075","0","true","1269","3.525244044908213","85","true","1269","4.2988772459351","55","true","1269","4.214932739818442","15","true","1269","4.413034474414251","5","true","1269","5.611185305194241","25","true","1269","4.476275202963261","35","true","1269","7.395719991867907","45","true","1269","6.767040724090425","65","true","1269","3.510625244217093","75","true","1269","3.289898808452377","95","true","1269","6.753896946237067","105","true","1269","6.837573272519496","115","true","1269","3.9040234904706947","125","true","1269","7.414806240578854","135","true"
"1270","6.915852651026182","0","true","1270","3.5224704461317313","85","true","1270","4.295494966433971","55","true","1270","4.211616506348876","15","true","1270","4.409562378053579","5","true","1270","5.606770525253097","25","true","1270","4.472753349931819","35","true","1270","7.389901172047397","45","true","1270","6.761716537840157","65","true","1270","3.5078631472507538","75","true","1270","3.2873103750861676","95","true","1270","6.7485831012754325","105","true","1270","6.832193592525382","115","true","1270","3.9009518748212293","125","true","1270","7.40897240404024","135","true"
"1271","6.9106985822190685","0","true","1271","3.519701208359615","85","true","1271","4.292118004982371","55","true","1271","4.208305487082878","15","true","1271","4.406095740963914","5","true","1271","5.602362686789848","25","true","1271","4.469237034405142","35","true","1271","7.384091501314655","45","true","1271","6.758903130285392","65","true","1271","3.505105393204173","75","true","1271","3.284726011583741","95","true","1271","6.743277611415939","105","true","1271","6.82730710934231","115","true","1271","3.897885088756118","125","true","1271","7.403271189240068","135","true"
"1272","6.905269910905464","0","true","1272","3.5169363213145566","85","true","1272","4.288746349047586","55","true","1272","4.20499966973246","15","true","1272","4.402634550279732","5","true","1272","5.597961773445944","25","true","1272","4.465726243333339","35","true","1272","7.378290958108595","45","true","1272","6.753593701274956","65","true","1272","3.5023519718426614","75","true","1272","3.2821457083539034","95","true","1272","6.7379804569686375","105","true","1272","6.821943945862858","115","true","1272","3.8948231208937805","125","true","1272","7.397455579507751","135","true"
"1273","6.9001322399615646","0","true","1273","3.514175774751515","85","true","1273","4.285379986136245","55","true","1273","4.201699042048212","15","true","1273","4.399178793175902","5","true","1273","5.5935677689141965","25","true","1273","4.462220963707489","35","true","1273","7.3724995209358255","45","true","1273","6.750677782954016","65","true","1273","3.4996028729636643","75","true","1273","3.279569455835572","95","true","1273","6.732691618305396","105","true","1273","6.8170731790165435","115","true","1273","3.891765959888369","125","true","1273","7.391772354702973","135","true"
"1274","6.894720371538065","0","true","1274","3.5114195584575922","85","true","1274","4.282018903794178","55","true","1274","4.198403591819154","15","true","1274","4.395728456867528","5","true","1274","5.589180656938578","25","true","1274","4.458721182559483","35","true","1274","7.366717168370386","45","true","1274","6.745383133712483","65","true","1274","3.496858086396634","75","true","1274","3.276997244497662","95","true","1274","6.727411075859667","105","true","1274","6.81172645495457","115","true","1274","3.888713594429633","125","true","1274","7.385974886189481","135","true"
"1275","6.88959902103402","0","true","1275","3.5086676622519044","85","true","1275","4.278663089606251","55","true","1275","4.195113306872587","15","true","1275","4.392283528609795","5","true","1275","5.584800421314018","25","true","1275","4.455226886961866","35","true","1275","7.360943879053481","45","true","1275","6.742478220410511","65","true","1275","3.494117602002906","75","true","1275","3.2744290648389645","95","true","1275","6.722138810126235","105","true","1275","6.806871329977065","115","true","1275","3.8856660132427763","125","true","1275","7.380309566669129","135","true"
"1276","6.884203876929844","0","true","1276","3.5059200759854585","85","true","1276","4.2753125311962235","55","true","1276","4.19182817507394","15","true","1276","4.3888439956978065","5","true","1276","5.580427045886207","25","true","1276","4.451738064027675","35","true","1276","7.35517963169322","45","true","1276","6.737198284450911","65","true","1276","3.491381409675574","75","true","1276","3.2718649073880335","95","true","1276","6.716874801660983","105","true","1276","6.801763410673909","115","true","1276","3.882623205088318","125","true","1276","7.374530154322482","135","true"
"1277","6.879098769927846","0","true","1277","3.5031767895410253","85","true","1277","4.271967216226586","55","true","1277","4.188548184326621","15","true","1277","4.385409845466431","5","true","1277","5.576060514551398","25","true","1277","4.448254700910282","35","true","1277","7.349424405064352","45","true","1277","6.734304321599538","65","true","1277","3.4886494993393646","75","true","1277","3.2693047627030665","95","true","1277","6.711619031080653","105","true","1277","6.796701411607507","115","true","1277","3.879585158761958","125","true","1277","7.368882655906127","135","true"
"1278","6.873720272062383","0","true","1278","3.500437792833018","85","true","1278","4.268627132398418","55","true","1278","4.185273322571869","15","true","1278","4.381981065290147","5","true","1278","5.571700811256205","25","true","1278","4.444776784803238","35","true","1278","7.343678178008008","45","true","1278","6.729039032841446","65","true","1278","3.4859218609505147","75","true","1278","3.2667486213717893","95","true","1278","6.706371479062607","105","true","1278","6.791387337008908","115","true","1278","3.876551863094435","125","true","1278","7.363121215205653","135","true"
"1279","6.8686313321063786","0","true","1279","3.4977030758073675","85","true","1279","4.2652922674512315","55","true","1279","4.182003577788611","15","true","1279","4.37855764258289","5","true","1279","5.567347919997411","25","true","1279","4.44130430294011","35","true","1279","7.337940929431439","45","true","1279","6.72615596622235","65","true","1279","3.483198484496647","75","true","1279","3.2641964740113427","95","true","1279","6.70113212634459","105","true","1279","6.786341353623597","115","true","1279","3.8735233069513924","125","true","1279","7.357491454239259","135","true"
"1280","6.863269402885375","0","true","1280","3.4949726284413978","85","true","1280","4.261962609162824","55","true","1280","4.1787389379933035","15","true","1280","4.375139564797891","5","true","1280","5.56300182482177","25","true","1280","4.437837242594333","35","true","1280","7.332212638307761","45","true","1280","6.720905258988764","65","true","1280","3.4804793599966497","75","true","1280","3.2616483112681647","95","true","1280","6.695900953724492","105","true","1280","6.7810436632616735","115","true","1280","3.8704994792332417","125","true","1280","7.3517479011914535","135","true"
"1281","6.858196553997303","0","true","1281","3.4922464407437053","85","true","1281","4.258638145349124","55","true","1281","4.175479391239798","15","true","1281","4.371726819427534","5","true","1281","5.558662509825809","25","true","1281","4.434375591079049","35","true","1281","7.3264932836756955","45","true","1281","6.718033034730892","65","true","1281","3.4777644775005525","75","true","1281","3.2591041238178775","95","true","1281","6.690677942060121","105","true","1281","6.776013620313584","115","true","1281","3.867480368875025","125","true","1281","7.346135794543271","135","true"
"1282","6.852851116309074","0","true","1282","3.489524502754038","85","true","1282","4.2553188638640504","55","true","1282","4.17222492561919","15","true","1282","4.368319394003194","5","true","1282","5.55432995915564","25","true","1282","4.430919335746953","35","true","1282","7.320782844639315","45","true","1282","6.7127968437451315","65","true","1282","3.4750538270894062","75","true","1282","3.2565639023651745","95","true","1282","6.685463072268959","105","true","1282","6.770732237912716","115","true","1282","3.864465964846284","125","true","1282","7.340410045677687","135","true"
"1283","6.84779428298514","0","true","1283","3.48680680454317","85","true","1283","4.252004752599359","55","true","1283","4.168975529259674","15","true","1283","4.364917276095093","5","true","1283","5.550004157006765","25","true","1283","4.427468463990141","35","true","1283","7.3150813003677895","45","true","1283","6.709935408321964","65","true","1283","3.472347398875162","75","true","1283","3.254027637643706","95","true","1283","6.68025632532794","105","true","1283","6.76571806062759","115","true","1283","3.861456256150921","125","true","1283","7.3348155107341855","135","true"
"1284","6.842465260196825","0","true","1284","3.484093336212786","85","true","1284","4.248695799484495","55","true","1284","4.165731190326398","15","true","1284","4.361520453312139","5","true","1284","5.545685087623881","25","true","1284","4.424022963239954","35","true","1284","7.30938863009513","45","true","1284","6.704713668704592","65","true","1284","3.469645183000551","75","true","1284","3.251495320415968","95","true","1284","6.67505768227321","105","true","1284","6.760452910385856","115","true","1284","3.858451231827068","125","true","1284","7.3291074830993725","135","true"
"1285","6.837424367403807","0","true","1285","3.481384087895358","85","true","1285","4.245391992486452","55","true","1285","4.162491897021323","15","true","1285","4.358128913301788","5","true","1285","5.54137273530069","25","true","1285","4.420582820966828","35","true","1285","7.303704813119939","45","true","1285","6.7018629689314135","65","true","1285","3.4669471696389644","75","true","1285","3.248966941473187","95","true","1285","6.669867124199903","105","true","1285","6.755454524455394","115","true","1285","3.8554508809469534","125","true","1285","7.323530437761209","135","true"
"1286","6.832111683357651","0","true","1286","3.478679049754025","85","true","1286","4.242093319609617","55","true","1286","4.159257637583078","15","true","1286","4.354742643749883","5","true","1286","5.53706708437971","25","true","1286","4.417148024680141","35","true","1286","7.298029828805161","45","true","1286","6.6966556161972015","65","true","1286","3.464253348994334","75","true","1286","3.2464424916352126","95","true","1286","6.664684632261907","105","true","1286","6.750205531040899","115","true","1286","3.8524551926167696","125","true","1286","7.31784004892068","135","true"
"1287","6.82708665652925","0","true","1287","3.475978211982477","85","true","1287","4.2387997688956345","55","true","1287","4.156028400286818","15","true","1287","4.351361632380511","5","true","1287","5.532768119252086","25","true","1287","4.41371856192806","35","true","1287","7.292363656577828","45","true","1287","6.6938155992284125","65","true","1287","3.461563711301016","75","true","1287","3.2439219617504027","95","true","1287","6.659510187671642","105","true","1287","6.745222862619136","115","true","1287","3.849464155976539","125","true","1287","7.312280411598708","135","true"
"1288","6.821790235538924","0","true","1288","3.4732815648048336","85","true","1288","4.2355113284232555","55","true","1288","4.152804173444082","15","true","1288","4.347985866955856","5","true","1288","5.528475824357399","25","true","1288","4.410294420297394","35","true","1288","7.286706275928815","45","true","1288","6.688622569283317","65","true","1288","3.458878246823668","75","true","1288","3.241405342695515","95","true","1288","6.654343771699826","105","true","1288","6.7399899511663675","115","true","1288","3.846477760199986","125","true","1288","7.306607579626948","135","true"
"1289","6.816781000572133","0","true","1289","3.470589098475527","85","true","1289","4.232227986308199","55","true","1289","4.149584945402652","15","true","1289","4.344615335276045","5","true","1289","5.524190184183478","25","true","1289","4.406875587413443","35","true","1289","7.281057666412591","45","true","1289","6.685681284650241","65","true","1289","3.456196945857138","75","true","1289","3.238892625375596","95","true","1289","6.649185365675252","105","true","1289","6.735022926866092","115","true","1289","3.843495994494405","125","true","1289","7.301065269238261","135","true"
"1290","6.811500767419095","0","true","1290","3.467900803279187","85","true","1290","4.228949730703003","55","true","1290","4.146370704546414","15","true","1290","4.341250025179008","5","true","1290","5.519911183266218","25","true","1290","4.403462050939845","35","true","1290","7.275417807646972","45","true","1290","6.680502600463835","65","true","1290","3.4535197987263424","75","true","1290","3.236383800723872","95","true","1290","6.644034950984566","105","true","1290","6.729806022972315","115","true","1290","3.8405188481005283","125","true","1290","7.295409912716775","135","true"
"1291","6.80650725067061","0","true","1291","3.465216669530519","85","true","1291","4.225676549796886","55","true","1291","4.143161439295218","15","true","1291","4.337889924540324","5","true","1291","5.515638806189386","25","true","1291","4.400053798578437","35","true","1291","7.2697866793128805","45","true","1291","6.6775721537085335","65","true","1291","3.450846795786152","75","true","1291","3.23387885970164","95","true","1291","6.63889250907204","105","true","1291","6.724854569861509","115","true","1291","3.8375463102924012","125","true","1291","7.289884848680789","135","true"
"1292","6.801243130600486","0","true","1292","3.462536687574192","85","true","1292","4.222408431815604","55","true","1292","4.139957138104734","15","true","1292","4.334535021273084","5","true","1292","5.511373037584445","25","true","1292","4.396650818069096","35","true","1292","7.264164261154093","45","true","1292","6.67240775142415","65","true","1292","3.4481779274212747","75","true","1292","3.2313777932981584","95","true","1292","6.633758021439347","105","true","1292","6.719653599583194","115","true","1292","3.8345783703772485","125","true","1292","7.284246886694183","135","true"
"1293","6.796265258883158","0","true","1293","3.459860847784722","85","true","1293","4.219145365021311","55","true","1293","4.136757789466323","15","true","1293","4.331185303327742","5","true","1293","5.50711386213036","25","true","1293","4.393253097189599","35","true","1293","7.258550532977003","45","true","1293","6.66948808963218","65","true","1293","3.4455131840461424","75","true","1293","3.22888059253054","95","true","1293","6.628631469645344","105","true","1293","6.714717645181515","115","true","1293","3.8316150176953494","125","true","1293","7.278738988928748","135","true"
"1294","6.791017177602167","0","true","1294","3.4571891405663555","85","true","1294","4.215887337712415","55","true","1294","4.133563381906889","15","true","1294","4.327840758691968","5","true","1294","5.5028612645534265","25","true","1294","4.389860623755475","35","true","1294","7.25294547465038","45","true","1294","6.664337905779182","65","true","1294","3.442852556104794","75","true","1294","3.2263872484436438","95","true","1294","6.623512835305849","105","true","1294","6.709532535030795","115","true","1294","3.828656241619909","125","true","1294","7.273118341060849","135","true"
"1295","6.785923038992103","0","true","1295","3.4545215563529554","85","true","1295","4.212634338223439","55","true","1295","4.130373903988751","15","true","1295","4.324501375390508","5","true","1295","5.498615229627073","25","true","1295","4.386473385619862","35","true","1295","7.247349066105125","45","true","1295","6.6614289763708765","65","true","1295","3.4401960340707625","75","true","1295","3.223897752109968","95","true","1295","6.618402100093422","105","true","1295","6.704612007306089","115","true","1295","3.825702031556931","125","true","1295","7.267506367032253","135","true"
"1296","6.7806910243128495","0","true","1296","3.4518580856078875","85","true","1296","4.209386354924885","55","true","1296","4.1271893443095","15","true","1296","4.321167141485041","5","true","1296","5.494375742171694","25","true","1296","4.3830913706733545","35","true","1296","7.241761287334034","45","true","1296","6.656292947861724","65","true","1296","3.4375436084469606","75","true","1296","3.221412094629544","95","true","1296","6.613299245737143","105","true","1296","6.699442684247256","115","true","1296","3.8227523769450906","125","true","1296","7.261903046780108","135","true"
"1297","6.775612690348788","0","true","1297","3.449198718823906","85","true","1297","4.206143376223094","55","true","1297","4.124009691501866","15","true","1297","4.317838045074036","5","true","1297","5.490142787054459","25","true","1297","4.379714566843869","35","true","1297","7.236182118391557","45","true","1297","6.653394698589577","65","true","1297","3.4348952697655686","75","true","1297","3.2189302671298297","95","true","1297","6.6082042540224","105","true","1297","6.694537511612097","115","true","1297","3.8198072672556105","125","true","1297","7.2563083603033895","135","true"
"1298","6.770542175220698","0","true","1298","3.446543446523041","85","true","1298","4.2029053905601055","55","true","1298","4.120834934233581","15","true","1298","4.3145140742926085","5","true","1298","5.485916349189135","25","true","1298","4.376342962096491","35","true","1298","7.230611539393566","45","true","1298","6.648272762716914","65","true","1298","3.43225100858792","75","true","1298","3.216452260765603","95","true","1298","6.603117106790666","105","true","1298","6.689383903058123","115","true","1298","3.8168666919921344","125","true","1298","7.250722287662663","135","true"
"1299","6.765334065855144","0","true","1299","3.4438922592564847","85","true","1299","4.19967238641352","55","true","1299","4.117665061207247","15","true","1299","4.311195217312384","5","true","1299","5.481696413535913","25","true","1299","4.372976544433339","35","true","1299","7.225049530517109","45","true","1299","6.645385141662989","65","true","1299","3.429610815504391","75","true","1299","3.2139780667188607","95","true","1299","6.5980377859392885","105","true","1299","6.684494014366394","115","true","1299","3.813930640690602","125","true","1299","7.2451448089798465","135","true"
"1300","6.760133962806831","0","true","1300","3.4412451476044814","85","true","1300","4.1964443522963695","55","true","1300","4.114500061160201","15","true","1300","4.307881462341352","5","true","1300","5.47748296510122","25","true","1300","4.369615301893421","35","true","1300","7.219496072000186","45","true","1300","6.64048874083445","65","true","1300","3.4269746811342876","75","true","1300","3.211507676198708","95","true","1300","6.592966273421272","105","true","1300","6.679356048175491","115","true","1300","3.8109991029191255","125","true","1300","7.239575904437971","135","true"
"1301","6.754941847628024","0","true","1301","3.4386021021762136","85","true","1301","4.193221276756971","55","true","1301","4.111339922864379","15","true","1301","4.304572797623732","5","true","1301","5.473275988937547","25","true","1301","4.36625922255249","35","true","1301","7.2139511441415065","45","true","1301","6.637400191670124","65","true","1301","3.4243425961257357","75","true","1301","3.2090410804412586","95","true","1301","6.587902551245065","105","true","1301","6.674481372718989","115","true","1301","3.8080720682778666","125","true","1301","7.234015554280952","135","true"
"1302","6.749757701927619","0","true","1302","3.4359631136096933","85","true","1302","4.190003148378801","55","true","1302","4.108184635126187","15","true","1302","4.30126921143983","5","true","1302","5.469075470143275","25","true","1302","4.362908294522902","35","true","1302","7.208414727300262","45","true","1302","6.632306254454721","65","true","1302","3.42171455115557","75","true","1302","3.2065782707095307","95","true","1302","6.582846601474348","105","true","1302","6.669358977191192","115","true","1302","3.805149526398912","125","true","1302","7.228463738813354","135","true"
"1303","6.744581507370926","0","true","1303","3.433328172571649","85","true","1303","4.18678995578035","55","true","1303","4.105034186786366","15","true","1303","4.2979706921059035","5","true","1303","5.46488139386249","25","true","1303","4.359562505953482","35","true","1303","7.202886801895891","45","true","1303","6.629228717241858","65","true","1303","3.419090536929224","75","true","1303","3.2041192382933428","95","true","1303","6.577798406227818","105","true","1303","6.664499444696268","115","true","1303","3.802231466946152","125","true","1303","7.222920438400154","135","true"
"1304","6.7394132456794535","0","true","1304","3.430697269757418","85","true","1304","4.183581687615002","55","true","1304","4.101888566719863","15","true","1304","4.294677227974022","5","true","1304","5.460693745284818","25","true","1304","4.35622184502938","35","true","1304","7.197367348407848","45","true","1304","6.6241488484930136","65","true","1304","3.416470544180619","75","true","1304","3.2016639745092097","95","true","1304","6.572757947678984","105","true","1304","6.6593925485700645","115","true","1304","3.7993178796151588","125","true","1304","7.217385633466513","135","true"
"1305","6.734252898630695","0","true","1305","3.4280703958908347","85","true","1305","4.180378332570886","55","true","1305","4.098747763835698","15","true","1305","4.291388807431929","5","true","1305","5.4565125096452425","25","true","1305","4.352886299971931","35","true","1305","7.191856347375377","45","true","1305","6.621082270300356","65","true","1305","3.413854563672058","75","true","1305","3.1992124707002443","95","true","1305","6.567725208055953","105","true","1305","6.654548089194292","115","true","1305","3.7964087541330644","125","true","1305","7.211859304497549","135","true"
"1306","6.729100448057909","0","true","1306","3.4254475417241244","85","true","1306","4.177179879370755","55","true","1306","4.095611767076833","15","true","1306","4.288105418902906","5","true","1306","5.452337672223938","25","true","1306","4.349555859038516","35","true","1306","7.186353779397278","45","true","1306","6.6160164078135155","65","true","1306","3.4112425861941147","75","true","1306","3.196764718236051","95","true","1306","6.562700169641221","105","true","1306","6.649456621643264","115","true","1306","3.7935040802584408","125","true","1306","7.206341432038102","135","true"
"1307","6.723955875849914","0","true","1307","3.4228286980377907","85","true","1307","4.173986316771848","55","true","1307","4.092480565420047","15","true","1307","4.284827050845641","5","true","1307","5.448169218346091","25","true","1307","4.346230510522432","35","true","1307","7.180859625131683","45","true","1307","6.612960736040632","65","true","1307","3.408634602565526","75","true","1307","3.194320708512629","95","true","1307","6.557682814771464","105","true","1307","6.644627165972138","115","true","1307","3.790603847781179","125","true","1307","7.200831996692507","135","true"
"1308","6.718819163950869","0","true","1308","3.420213855640512","85","true","1308","4.1707976335657575","55","true","1308","4.089354147875799","15","true","1308","4.281553691754086","5","true","1308","5.4440071333817315","25","true","1308","4.342910242752743","35","true","1308","7.17537386529583","45","true","1308","6.60790881798407","65","true","1308","3.4060306036330847","75","true","1308","3.191880432952268","95","true","1308","6.552673125837337","105","true","1308","6.639551056601647","115","true","1308","3.78770804652237","125","true","1308","7.195330979124369","135","true"
"1309","6.713690294360067","0","true","1309","3.4176030053690307","85","true","1309","4.167613818578303","55","true","1309","4.086232503488108","15","true","1309","4.278285330157328","5","true","1309","5.439851402745562","25","true","1309","4.339595044094153","35","true","1309","7.169896480665834","45","true","1309","6.604864000358801","65","true","1309","3.403430580271533","75","true","1309","3.1894438830034493","95","true","1309","6.547671085283263","105","true","1309","6.6347365356453185","115","true","1309","3.784816666334185","125","true","1309","7.189838360056336","135","true"
"1310","6.708569249131722","0","true","1310","3.4149961380880476","85","true","1310","4.164434860669395","55","true","1310","4.083115621334417","15","true","1310","4.27502195461945","5","true","1310","5.435702011896787","25","true","1310","4.336284902946866","35","true","1310","7.164427452076462","45","true","1310","6.599825965270807","65","true","1310","3.400834523383454","75","true","1310","3.1870110501407467","95","true","1310","6.542676675607227","105","true","1310","6.6296757144892196","115","true","1310","3.781929697099758","125","true","1310","7.18435412026987","135","true"
"1311","6.703456010374762","0","true","1311","3.4123932446901146","85","true","1311","4.161260748732909","55","true","1311","4.080003490525473","15","true","1311","4.2717635537394045","5","true","1311","5.431558946338938","25","true","1311","4.332979807746449","35","true","1311","7.158966760420916","45","true","1311","6.596791949846731","65","true","1311","3.398242423899168","75","true","1311","3.1845819258647245","95","true","1311","6.537689879360576","105","true","1311","6.624876059679251","115","true","1311","3.779047128733066","125","true","1311","7.17887824060503","135","true"
"1312","6.698350560252618","0","true","1312","3.4097943160955295","85","true","1312","4.158091471696555","55","true","1312","4.076896100205195","15","true","1312","4.268510116150875","5","true","1312","5.427422191619716","25","true","1312","4.329679746963702","35","true","1312","7.1535143866506035","45","true","1312","6.591767736632834","65","true","1312","3.395654272776625","75","true","1312","3.1821565017018423","95","true","1312","6.532710679147811","105","true","1312","6.619830457196632","115","true","1312","3.7761689511788137","125","true","1312","7.173410701960243","135","true"
"1313","6.693252880983019","0","true","1313","3.40719934325223","85","true","1313","4.1549270185217475","55","true","1313","4.073793439550549","15","true","1313","4.265261630522145","5","true","1313","5.423291733330812","25","true","1313","4.326384709104521","35","true","1313","7.148070311774918","45","true","1313","6.588744471786752","65","true","1313","3.3930700610013","75","true","1313","3.179734769204352","95","true","1313","6.5277390576263885","105","true","1313","6.615045600382792","115","true","1313","3.7732951544123154","125","true","1313","7.167951485292085","135","true"
"1314","6.688162954837785","0","true","1314","3.4046083171356885","85","true","1314","4.1517673782034805","55","true","1314","4.070695497771423","15","true","1314","4.262018085555969","5","true","1314","5.4191675571077464","25","true","1314","4.323094682709765","35","true","1314","7.142634516861021","45","true","1314","6.583734019716952","65","true","1314","3.39048977958609","75","true","1314","3.1773167199502046","95","true","1314","6.522774997506521","105","true","1314","6.610015147454744","115","true","1314","3.770425728439378","125","true","1314","7.162500571615057","135","true"
"1315","6.68308076414262","0","true","1315","3.4020212287488074","85","true","1315","4.148612539770195","55","true","1315","4.067602264110502","15","true","1315","4.258779469989436","5","true","1315","5.415049648629701","25","true","1315","4.3198096563551225","35","true","1315","7.137206983033618","45","true","1315","6.580721454146409","65","true","1315","3.387913419571207","75","true","1315","3.1749023455429475","95","true","1315","6.517818481550969","105","true","1315","6.605245020901823","115","true","1315","3.7675606632961873","125","true","1315","7.157057942001368","135","true"
"1316","6.678006291276907","0","true","1316","3.399438069121815","85","true","1316","4.145462492283658","55","true","1316","4.064513727843145","15","true","1316","4.255545772593848","5","true","1316","5.410937993619352","25","true","1316","4.31652961865098","35","true","1316","7.131787691474747","45","true","1316","6.575724702852448","65","true","1316","3.385340972024076","75","true","1316","3.1724916376116314","95","true","1316","6.512869492574848","105","true","1316","6.600229648828246","115","true","1316","3.7646999490491893","125","true","1316","7.151623577580714","135","true"
"1317","6.672939518673511","0","true","1317","3.3968588293121624","85","true","1317","4.142317224838829","55","true","1317","4.061429878277254","15","true","1317","4.252316982174581","5","true","1317","5.406832577842707","25","true","1317","4.313254558242292","35","true","1317","7.126376623423552","45","true","1317","6.5727227855732595","65","true","1317","3.382772428039232","75","true","1317","3.1700845878107122","95","true","1317","6.5079280134454285","105","true","1317","6.595474185212907","115","true","1317","3.761843575794979","125","true","1317","7.146197459540061","135","true"
"1318","6.667880428818565","0","true","1318","3.3942835004044203","85","true","1318","4.1391767265637425","55","true","1318","4.058350704753162","15","true","1318","4.249093087570961","5","true","1318","5.4027333871089365","25","true","1318","4.309984463808447","35","true","1318","7.120973760176074","45","true","1318","6.567739675045911","65","true","1318","3.380207778738217","75","true","1318","3.167681187819954","95","true","1318","6.502994027081937","105","true","1318","6.590473825709333","115","true","1318","3.7589915336601836","125","true","1318","7.140779569123427","135","true"
"1319","6.662829004251278","0","true","1319","3.3917120735101745","85","true","1319","4.136040986619376","55","true","1319","4.055276196643501","15","true","1319","4.2458740776561354","5","true","1319","5.398640407270217","25","true","1319","4.306719324063137","35","true","1319","7.115579083085032","45","true","1319","6.564748355389726","65","true","1319","3.377647015269476","75","true","1319","3.1652814293443323","95","true","1319","6.49806751645536","105","true","1319","6.585732958116986","115","true","1319","3.7561438128013505","125","true","1319","7.135369887631667","135","true"
"1320","6.65778522756373","0","true","1320","3.389144539767926","85","true","1320","4.132909994199529","55","true","1320","4.052206343353082","15","true","1320","4.242659941336941","5","true","1320","5.394553624221564","25","true","1320","4.303459127754232","35","true","1320","7.110192573559607","45","true","1320","6.559778825976108","65","true","1320","3.3750901288082575","75","true","1320","3.162885304113943","95","true","1320","6.493148464588248","105","true","1320","6.580747543311447","115","true","1320","3.7533004034048316","125","true","1320","7.129968396422256","135","true"
"1321","6.652749081400671","0","true","1321","3.386580890342988","85","true","1321","4.129783738530693","55","true","1321","4.049141134318775","15","true","1321","4.239450667553781","5","true","1321","5.390473023900671","25","true","1321","4.300203863663647","35","true","1321","7.104814213065236","45","true","1321","6.556798053587988","65","true","1321","3.3725371105565114","75","true","1321","3.160492803883902","95","true","1321","6.488236854554519","105","true","1321","6.576021205233156","115","true","1321","3.7504612956866734","125","true","1321","7.124575076909077","135","true"
"1322","6.647720548459325","0","true","1322","3.384021116427385","85","true","1322","4.12666220887194","55","true","1322","4.046080559009389","15","true","1322","4.236246245280498","5","true","1322","5.386398592287745","25","true","1322","4.296953520607212","35","true","1322","7.099443983123388","45","true","1322","6.551842045988904","65","true","1322","3.3699879517427878","75","true","1322","3.1581039204342547","95","true","1322","6.483332669479271","105","true","1322","6.571050667663063","115","true","1322","3.747626479892504","125","true","1322","7.119189910562207","135","true"
"1323","6.642699611489189","0","true","1323","3.381465209239751","85","true","1323","4.123545394514786","55","true","1323","4.043024606925544","15","true","1323","4.233046663524243","5","true","1323","5.382330315405353","25","true","1323","4.293708087434547","35","true","1323","7.094081865311361","45","true","1323","6.548871770824926","65","true","1323","3.367442643622136","75","true","1323","3.1557186455698782","95","true","1323","6.4784358925385765","105","true","1323","6.56633879299248","115","true","1323","3.7447959462974185","125","true","1323","7.113812878907704","135","true"
"1324","6.6376862532918395","0","true","1324","3.3789131600252302","85","true","1324","4.1204332847830765","55","true","1324","4.039973267599564","15","true","1324","4.229851911325357","5","true","1324","5.378268179318254","25","true","1324","4.290467553028937","35","true","1324","7.088727841262069","45","true","1324","6.543929226092228","65","true","1324","3.364901177476006","75","true","1324","3.1533369711203916","95","true","1324","6.473546506959302","105","true","1324","6.561383065601542","115","true","1324","3.7419696852058735","125","true","1324","7.108443963527396","135","true"
"1325","6.632680456720729","0","true","1325","3.376364960055377","85","true","1325","4.117325869032864","55","true","1325","4.03692653059534","15","true","1325","4.226661977757239","5","true","1325","5.374212170133248","25","true","1325","4.287231906307195","35","true","1325","7.083381892663833","45","true","1325","6.540969398417107","65","true","1325","3.362363544612148","75","true","1325","3.1509588889400595","95","true","1325","6.46866449601891","105","true","1325","6.556685588631866","115","true","1325","3.7391476869515703","125","true","1325","7.1030831460586725","135","true"
"1326","6.627682204681","0","true","1326","3.373820600628056","85","true","1326","4.114223136652281","55","true","1326","4.03388438550823","15","true","1326","4.223476851926224","5","true","1326","5.370162273999011","25","true","1326","4.2840011362195485","35","true","1326","7.078044001260167","45","true","1326","6.536040257951081","65","true","1326","3.3598297363645124","75","true","1326","3.1485843909077005","95","true","1326","6.463789843045271","105","true","1326","6.551744604767034","115","true","1326","3.736329941897349","125","true","1326","7.0977304081942725","135","true"
"1327","6.622691480129283","0","true","1327","3.371280073067342","85","true","1327","4.111125077061429","55","true","1327","4.030846821964926","15","true","1327","4.22029652297146","5","true","1327","5.366118477105939","25","true","1327","4.280775231749503","35","true","1327","7.072714148849579","45","true","1327","6.533090828335817","65","true","1327","3.3572997440931536","75","true","1327","3.1462134689265953","95","true","1327","6.458922531416472","105","true","1327","6.547061460188001","115","true","1327","3.733516440435077","125","true","1327","7.092385731682079","135","true"
"1328","6.617708266073504","0","true","1328","3.368743368723424","85","true","1328","4.108031679712248","55","true","1328","4.027813829623342","15","true","1328","4.217120980064784","5","true","1328","5.362080765685994","25","true","1328","4.277554181913725","35","true","1328","7.067392317285359","45","true","1328","6.528175033882593","65","true","1328","3.3547735591841295","75","true","1328","3.1438461149243935","95","true","1328","6.454062544560628","105","true","1328","6.542135153596437","115","true","1328","3.73070717298554","125","true","1328","7.087049098324906","135","true"
"1329","6.6127325455726975","0","true","1329","3.366210478972504","85","true","1329","4.104942934088403","55","true","1329","4.024785398172497","15","true","1329","4.213950212410601","5","true","1329","5.3580491260125465","25","true","1329","4.27433797576191","35","true","1329","7.06207848847537","45","true","1329","6.525235953202142","65","true","1329","3.3522511730494045","75","true","1329","3.141482320853022","95","true","1329","6.449209865955695","105","true","1329","6.537466276491335","115","true","1329","3.7279021299983324","125","true","1329","7.081720489980301","135","true"
"1330","6.607764301736805","0","true","1330","3.3636813952167017","85","true","1330","4.101858829705167","55","true","1330","4.021761517332398","15","true","1330","4.210784209245754","5","true","1330","5.354023544400215","25","true","1330","4.271126602376665","35","true","1330","7.05677264438185","45","true","1330","6.520333446851125","65","true","1330","3.349732577126753","75","true","1330","3.1391220786885943","95","true","1330","6.444364479129282","105","true","1330","6.532554581317412","115","true","1330","3.7251013019517525","125","true","1330","7.0763998885603305","135","true"
"1331","6.602803517726492","0","true","1331","3.3611561088839568","85","true","1331","4.098779356109292","55","true","1331","4.0187421768539195","15","true","1331","4.207622959839413","5","true","1331","5.35000400720472","25","true","1331","4.2679200508733794","35","true","1331","7.051474767021203","45","true","1331","6.517404666282079","65","true","1331","3.347217762879661","75","true","1331","3.1367653804313202","95","true","1331","6.439526367658464","105","true","1331","6.527899907160125","115","true","1331","3.7223046793526895","125","true","1331","7.071087276031381","135","true"
"1332","6.597850176752954","0","true","1332","3.3586346114279295","85","true","1332","4.0957045028789025","55","true","1332","4.015727366518695","15","true","1332","4.204466453492947","5","true","1332","5.345990500822721","25","true","1332","4.264718310400106","35","true","1332","7.046184838463797","45","true","1332","6.512515390463413","65","true","1332","3.3447067217972304","75","true","1332","3.1344122181054153","95","true","1332","6.434695515169599","105","true","1332","6.52300275794245","115","true","1332","3.719512252736521","125","true","1332","7.065782634413954","135","true"
"1333","6.5929042620777265","0","true","1333","3.3561168943279087","85","true","1333","4.092634259623371","55","true","1333","4.012717076138997","15","true","1333","4.201314679539804","5","true","1333","5.341983011691669","25","true","1333","4.261521370137437","35","true","1333","7.040902840833764","45","true","1333","6.509596861481718","65","true","1333","3.342199445394084","75","true","1333","3.1320625837590095","95","true","1333","6.429871905338137","105","true","1333","6.518362222594526","115","true","1333","3.716724012667003","125","true","1333","7.0604859457824585","135","true"
"1334","6.587965757012499","0","true","1334","3.353602949088712","85","true","1334","4.089568615983204","55","true","1334","4.009711295557619","15","true","1334","4.198167627345392","5","true","1334","5.337981526289653","25","true","1334","4.258329219298383","35","true","1334","7.035628756308795","45","true","1334","6.504720758963754","65","true","1334","3.3396959252102683","75","true","1334","3.129716469464059","95","true","1334","6.425055521888446","105","true","1334","6.513479554262994","115","true","1334","3.7139399497361665","125","true","1334","7.055197192265019","135","true"
"1335","6.583034644918928","0","true","1335","3.3510927672405915","85","true","1335","4.086507561629923","55","true","1335","4.00671001464777","15","true","1335","4.19502528630696","5","true","1335","5.333986031135245","25","true","1335","4.255141847128249","35","true","1335","7.0303625671199415","45","true","1335","6.501812433342435","65","true","1335","3.337196152811159","75","true","1335","3.1273738673162566","95","true","1335","6.420246348593619","105","true","1335","6.50885309397074","115","true","1335","3.7111600545642083","125","true","1335","7.049916356043264","135","true"
"1336","6.578110909208442","0","true","1336","3.34858634033914","85","true","1336","4.083451086265951","55","true","1336","4.003713223312955","15","true","1336","4.191887645853477","5","true","1336","5.32999651278735","25","true","1336","4.251959242904518","35","true","1336","7.025104255551415","45","true","1336","6.496949447229239","65","true","1336","3.334700119787366","75","true","1336","3.125034769434943","95","true","1336","6.415444369275299","105","true","1336","6.503984841843611","115","true","1336","3.7083843177993883","125","true","1336","7.0446434193521315","135","true"
"1337","6.573194533342068","0","true","1337","3.3460836599651946","85","true","1337","4.0803991796244965","55","true","1337","4.000720911486862","15","true","1337","4.188754695445515","5","true","1337","5.326012957845057","25","true","1337","4.248781395936727","35","true","1337","7.01985380394039","45","true","1337","6.494051277036155","65","true","1337","3.33220781775464","75","true","1337","3.1226991679630185","95","true","1337","6.410649567803494","105","true","1337","6.499372393235216","115","true","1337","3.705612730117924","125","true","1337","7.0393783644796715","135","true"
"1338","6.568285500830237","0","true","1338","3.3435847177247426","85","true","1338","4.0773518314694375","55","true","1338","3.9977330691332496","15","true","1338","4.18562642457513","5","true","1338","5.322035352947489","25","true","1338","4.245608295566349","35","true","1338","7.014611194676805","45","true","1338","6.48920135076503","65","true","1338","3.3297192383537775","75","true","1338","3.120367055066855","95","true","1338","6.405861928096397","105","true","1338","6.49451849301622","115","true","1338","3.702845282223885","125","true","1338","7.034121173766841","135","true"
"1339","6.563383795232602","0","true","1339","3.3410895052488288","85","true","1339","4.074309031595207","55","true","1339","3.9947496862458367","15","true","1339","4.182502822765745","5","true","1339","5.318063684773647","25","true","1339","4.242439931166673","35","true","1339","7.009376410203165","45","true","1339","6.486215909723736","65","true","1339","3.3272343732505285","75","true","1339","3.118038422936208","95","true","1339","6.401081434120205","105","true","1339","6.489919993098903","115","true","1339","3.7000819648490912","125","true","1339","7.028871829607313","135","true"
"1340","6.558489400157858","0","true","1340","3.3385980141934604","85","true","1340","4.071270769826679","55","true","1340","3.991770752848189","15","true","1340","4.179383879572034","5","true","1340","5.314097940042272","25","true","1340","4.239276292142685","35","true","1340","7.004149433014349","45","true","1340","6.481379059679199","65","true","1340","3.324753214135502","75","true","1340","3.1157132637841305","95","true","1340","6.396308069888945","105","true","1340","6.485080380874369","115","true","1340","3.697322768753007","125","true","1340","7.023630314447278","135","true"
"1341","6.553602299263552","0","true","1341","3.336110236239516","85","true","1341","4.068237036019059","55","true","1341","3.9887962589936077","15","true","1341","4.1762695845798055","5","true","1341","5.310138105511689","25","true","1341","4.236117367930954","35","true","1341","6.998930245657408","45","true","1341","6.478306663198051","65","true","1341","3.3222757527240745","75","true","1341","3.1133915698468844","95","true","1341","6.391541819464289","105","true","1341","6.480495767031551","115","true","1341","3.6945676847226396","125","true","1341","7.018396610785246","135","true"
"1342","6.54872247625591","0","true","1342","3.333626163092651","85","true","1342","4.065207820057764","55","true","1342","3.9858261947650195","15","true","1342","4.173159927405881","5","true","1342","5.306184167979662","25","true","1342","4.232963147999509","35","true","1342","6.993718830731379","45","true","1342","6.473482905444367","65","true","1342","3.319801980756298","75","true","1342","3.1110733333838563","95","true","1342","6.38678266695538","105","true","1342","6.475670379267566","115","true","1342","3.6918167035724365","125","true","1342","7.013170701171854","135","true"
"1343","6.543849914889648","0","true","1343","3.3311457864832072","85","true","1343","4.0621831118583165","55","true","1343","3.982860550274867","15","true","1343","4.17005489769799","5","true","1343","5.302236114283249","25","true","1343","4.229813621847724","35","true","1343","6.9885151708870845","45","true","1343","6.47042095609655","65","true","1343","3.3173318899968067","75","true","1343","3.1087585466774694","95","true","1343","6.382030596518657","105","true","1343","6.471099589256065","115","true","1343","3.6890698161441833","125","true","1343","7.007952568209673","135","true"
"1344","6.538984598967797","0","true","1344","3.3286690981661193","85","true","1344","4.0591629013662285","55","true","1344","3.9798993156649973","15","true","1344","4.166954485134646","5","true","1344","5.298293931298652","25","true","1344","4.226668779006202","35","true","1344","6.9833192488269455","45","true","1344","6.465610234196107","65","true","1344","3.314865472234727","75","true","1344","3.1064472020330993","95","true","1344","6.377285592357676","105","true","1344","6.466288362795652","115","true","1344","3.6863270133069013","125","true","1344","7.0027421945530115","135","true"
"1345","6.534126512341521","0","true","1345","3.326196089920825","85","true","1345","4.056147178556892","55","true","1345","3.976942481106554","15","true","1345","4.1638586794250365","5","true","1345","5.294357605941075","25","true","1345","4.2235286090366575","35","true","1345","6.978131047304786","45","true","1345","6.462558683488664","65","true","1345","3.312402719283587","75","true","1345","3.1041392917789885","95","true","1345","6.3725476387229385","105","true","1345","6.461731334742914","115","true","1345","3.6835882859567475","125","true","1345","6.997539562907726","135","true"
"1346","6.5292756389099385","0","true","1346","3.323726753551173","85","true","1346","4.053135933435469","55","true","1346","3.9739900367998673","15","true","1346","4.160767470308907","5","true","1346","5.2904271251645785","25","true","1346","4.220393101531805","35","true","1346","6.972950549125644","45","true","1346","6.4577609413331425","65","true","1346","3.3099436229812236","75","true","1346","3.101834808266161","95","true","1346","6.367816719911711","105","true","1346","6.456934206803239","115","true","1346","3.6808536250169133","125","true","1346","6.992344656031032","135","true"
"1347","6.524431962619946","0","true","1347","3.3212610808853342","85","true","1347","4.050129156036778","55","true","1347","3.9710419729743482","15","true","1347","4.157680847556453","5","true","1347","5.2865024759619335","25","true","1347","4.217262246115238","35","true","1347","6.96777773714558","45","true","1347","6.454719741066559","65","true","1347","3.3074881751896945","75","true","1347","3.0995337438683372","95","true","1347","6.36309282026786","105","true","1347","6.45239087920458","115","true","1347","3.678123021437524","125","true","1347","6.987157456731306","135","true"
"1348","6.519595467466039","0","true","1348","3.318799063775708","85","true","1348","4.0471268364251864","55","true","1348","3.9680982798883777","15","true","1348","4.154598800968198","5","true","1348","5.2825836453644825","25","true","1348","4.214136032441321","35","true","1348","6.962612594271492","45","true","1348","6.449934922874515","65","true","1348","3.3050363677951875","75","true","1348","3.0972360909818524","95","true","1348","6.358375924181671","105","true","1348","6.447607787374183","115","true","1348","3.675396466195539","125","true","1348","6.981977947867902","135","true"
"1349","6.514766137490138","0","true","1349","3.3163406940988374","85","true","1349","4.044128964694501","55","true","1349","3.965158947829201","15","true","1349","4.151521320374888","5","true","1349","5.27867062044199","25","true","1349","4.2110144501950675","35","true","1349","6.95745510346092","45","true","1349","6.446904025140519","65","true","1349","3.302588192707932","75","true","1349","3.0949418420255697","95","true","1349","6.353666016089686","105","true","1349","6.443078099090062","115","true","1349","3.6726739502946537","125","true","1349","6.976806112350963","135","true"
"1350","6.509943956781411","0","true","1350","3.3138859637553146","85","true","1350","4.041135530967859","55","true","1350","3.962223967112821","15","true","1350","4.148448395637379","5","true","1350","5.274763388302507","25","true","1350","4.207897489092036","35","true","1350","6.952305247721867","45","true","1350","6.442132075454997","65","true","1350","3.300143641862108","75","true","1350","3.0926509894407985","95","true","1350","6.348963080474519","105","true","1350","6.438308981326117","115","true","1350","3.6699554647651977","125","true","1350","6.971641933141228","135","true"
"1351","6.5051289094761","0","true","1351","3.311434864669697","85","true","1351","4.038146525397616","55","true","1351","3.9592933280838913","15","true","1351","4.145380016646523","5","true","1351","5.270861936092224","25","true","1351","4.2047851388782105","35","true","1351","6.947163010112605","45","true","1351","6.439111432634379","65","true","1351","3.2977027072157603","75","true","1351","3.0903635256912123","95","true","1351","6.3442671018647","105","true","1351","6.433792871579434","115","true","1351","3.66724100066404","125","true","1351","6.966485393249852","135","true"
"1352","6.500320979757345","0","true","1352","3.308987388790414","85","true","1352","4.0351619381652455","55","true","1352","3.956367021115611","15","true","1352","4.142316173323059","5","true","1352","5.266966250995334","25","true","1352","4.20167738932989","35","true","1352","6.942028373741494","45","true","1352","6.434352296320532","65","true","1352","3.295265380750708","75","true","1352","3.0880794432627634","95","true","1352","6.339578064834497","105","true","1352","6.429037666205022","115","true","1352","3.664530549074488","125","true","1352","6.961336475738212","135","true"
"1353","6.495520151855013","0","true","1353","3.3065435280896827","85","true","1353","4.032181759481223","55","true","1353","3.953445036609617","15","true","1353","4.139256855617503","5","true","1353","5.26307632023389","25","true","1353","4.198574230253575","35","true","1353","6.936901321766796","45","true","1353","6.4313418610809885","65","true","1353","3.292831654472458","75","true","1353","3.0857987346636033","95","true","1353","6.334895954003748","105","true","1353","6.424535074578438","115","true","1353","3.6618241011061907","125","true","1353","6.956195163717725","135","true"
"1354","6.490726410045526","0","true","1354","3.3041032745634173","85","true","1354","4.029205979584927","55","true","1354","3.950527364995883","15","true","1354","4.1362020535100354","5","true","1354","5.259192131067666","25","true","1354","4.195475651485861","35","true","1354","6.931781837396488","45","true","1354","6.426595483323734","65","true","1354","3.2904015204101165","75","true","1354","3.0835213924239993","95","true","1354","6.330220754037693","105","true","1354","6.4197937202798565","115","true","1354","3.6591216478950424","125","true","1354","6.951061440349668","135","true"
"1355","6.485939738651687","0","true","1355","3.3016666202311433","85","true","1355","4.026234588744526","55","true","1355","3.9476139967326116","15","true","1355","4.133151757010397","5","true","1355","5.255313670794017","25","true","1355","4.192381642893319","35","true","1355","6.926669903888084","45","true","1355","6.423595208617727","65","true","1355","3.287974970616304","75","true","1355","3.0812474090962527","95","true","1355","6.3255524496468105","105","true","1355","6.415304586713139","115","true","1355","3.6564231806030842","125","true","1355","6.945935288844985","135","true"
"1356","6.481160122042511","0","true","1356","3.2992335571359104","85","true","1356","4.023267577256873","55","true","1356","3.944704922306132","15","true","1356","4.130105956157774","5","true","1356","5.251440926747743","25","true","1356","4.1892921943723955","35","true","1356","6.921565504548447","45","true","1356","6.418861534919409","65","true","1356","3.2855519971670657","75","true","1356","3.0789767772546197","95","true","1356","6.3208910255866435","105","true","1356","6.410577022537227","115","true","1356","3.65372869041841","125","true","1356","6.940816692464112","135","true"
"1357","6.476387544633054","0","true","1357","3.296804077344205","85","true","1357","4.020304935447405","55","true","1357","3.9418001322307963","15","true","1357","4.1270646410206915","5","true","1357","5.247573886300947","25","true","1357","4.186207295849294","35","true","1357","6.91646862273361","45","true","1357","6.4158713739820445","65","true","1357","3.283132592161788","75","true","1357","3.0767094894952276","95","true","1357","6.31623646665764","105","true","1357","6.406101287324615","115","true","1357","3.651038168555068","125","true","1357","6.93570563451679","135","true"
"1358","6.471621990884244","0","true","1358","3.2943781729458648","85","true","1358","4.017346653670034","55","true","1358","3.9388996170488753","15","true","1358","4.124027801696909","5","true","1358","5.243712536862904","25","true","1358","4.1831269372798685","35","true","1358","6.9113792418485955","45","true","1358","6.41115035016013","65","true","1358","3.2807167477231114","75","true","1358","3.074445538435996","95","true","1358","6.311588757704985","105","true","1358","6.401387452676105","115","true","1358","3.6483516062529673","125","true","1358","6.9306020983618835","135","true"
"1359","6.466863445302711","0","true","1359","3.291955836053993","85","true","1359","4.014392722307042","55","true","1359","3.9360033673304566","15","true","1359","4.120995428313308","5","true","1359","5.239856865879917","25","true","1359","4.180051108649516","35","true","1359","6.9062973453472365","45","true","1359","6.408170256507056","65","true","1359","3.278304455996844","75","true","1359","3.072184916716558","95","true","1359","6.306947883618437","105","true","1359","6.396925056463704","115","true","1359","3.645668994777781","125","true","1359","6.9255060674072055","135","true"
"1360","6.462111892440622","0","true","1360","3.289537058804872","85","true","1360","4.011443131768976","55","true","1360","3.933111373673344","15","true","1360","4.117967511025789","5","true","1360","5.236006860835185","25","true","1360","4.176979799973065","35","true","1360","6.901222916731992","45","true","1360","6.403664009194217","65","true","1360","3.2758957091518797","75","true","1360","3.069927616998177","95","true","1360","6.302313829332164","105","true","1360","6.3922248911026","115","true","1360","3.642990325420854","125","true","1360","6.920417525109332","135","true"
"1361","6.457367316895512","0","true","1361","3.287121833357878","85","true","1361","4.00849787249455","55","true","1361","3.9302236267029524","15","true","1361","4.114944040019162","5","true","1361","5.232162509248669","25","true","1361","4.17391300129467","35","true","1361","6.8961559395537755","45","true","1361","6.400491756117162","65","true","1361","3.2734904993801086","75","true","1361","3.0676736319636704","95","true","1361","6.297686579824578","105","true","1361","6.387775774885792","115","true","1361","3.640315589499106","125","true","1361","6.9153364549734215","135","true"
"1362","6.452629703310115","0","true","1362","3.2847101518954003","85","true","1362","4.005556934950533","55","true","1362","3.9273401170722093","15","true","1362","4.111925005507042","5","true","1362","5.228323798676953","25","true","1362","4.170850702687704","35","true","1362","6.891096397411769","45","true","1362","6.395795870749504","65","true","1362","3.2710888188963376","75","true","1362","3.0654229543173286","95","true","1362","6.293066120118177","105","true","1362","6.383089218924761","115","true","1362","3.6376447783549395","125","true","1362","6.910262840553044","135","true"
"1363","6.447899036372204","0","true","1363","3.2823020066227495","85","true","1363","4.002620309631655","55","true","1363","3.9244608354614527","15","true","1363","4.108910397731743","5","true","1363","5.224490716713113","25","true","1363","4.1677928942546485","35","true","1363","6.886044273953257","45","true","1363","6.392634037499868","65","true","1363","3.2686906599382026","75","true","1363","3.063175576784838","95","true","1363","6.288452435279381","105","true","1363","6.378653324045645","115","true","1363","3.6349778833561452","125","true","1363","6.90519666545","135","true"
"1364","6.443175300814423","0","true","1364","3.279897389768081","85","true","1364","3.9996879870604958","55","true","1364","3.9215857725783305","15","true","1364","4.105900206964175","5","true","1364","5.220663250986584","25","true","1364","4.16473956612699","35","true","1364","6.880999552873437","45","true","1364","6.387950789120747","65","true","1364","3.2662960147660867","75","true","1364","3.0609314921132005","95","true","1364","6.28384551041837","105","true","1364","6.373980317947443","115","true","1364","3.6323148958958114","125","true","1364","6.900137913314139","135","true"
"1365","6.438458481414119","0","true","1365","3.277496293582306","85","true","1365","3.9967599577873916","55","true","1365","3.9187149191577024","15","true","1365","4.102894423503733","5","true","1365","5.216841389163021","25","true","1365","4.161690708465111","35","true","1365","6.875962217915258","45","true","1365","6.3847993283075155","65","true","1365","3.263904875663037","75","true","1365","3.058690693070658","95","true","1365","6.279245330688927","105","true","1365","6.369557586092292","115","true","1365","3.6296558073922274","125","true","1365","6.895086567843192","135","true"
"1366","6.433748562993188","0","true","1366","3.275098710339013","85","true","1366","3.993836212390327","55","true","1366","3.9158482659615372","15","true","1366","4.099893037678199","5","true","1366","5.2130251189441745","25","true","1366","4.158646311458186","35","true","1366","6.870932252869233","45","true","1366","6.380128663107583","65","true","1366","3.2615172349346806","75","true","1366","3.056453172446612","95","true","1366","6.274651881288277","105","true","1366","6.3648980706672065","115","true","1366","3.6270006092887948","125","true","1366","6.890042612782589","135","true"
"1367","6.4290455304179","0","true","1367","3.2727046323343787","85","true","1367","3.990916741474837","55","true","1367","3.9129858037788168","15","true","1367","4.09689603984364","5","true","1367","5.209214428067754","25","true","1367","4.15560636532408","35","true","1367","6.8659096415732765","45","true","1367","6.376987527621573","65","true","1367","3.2591330849091436","75","true","1367","3.0542189230515486","95","true","1367","6.2700651474569264","105","true","1367","6.360488443863948","115","true","1367","3.6243492930539345","125","true","1367","6.885006031925292","135","true"
"1368","6.424349368598749","0","true","1368","3.270314051887093","85","true","1368","3.988001535673906","55","true","1368","3.9101275234254356","15","true","1368","4.093903420384294","5","true","1368","5.205409304307295","25","true","1368","4.1525708603092335","35","true","1368","6.860894367912522","45","true","1368","6.372530391124942","65","true","1368","3.2567524179369673","75","true","1368","3.0519879377169605","95","true","1368","6.265485114478507","105","true","1368","6.355842360267262","115","true","1368","3.621701850180995","125","true","1368","6.879976809111614","135","true"
"1369","6.419660062490283","0","true","1369","3.2679269613382704","85","true","1369","3.9850905856478662","55","true","1369","3.907273415744103","15","true","1369","4.09091516971248","5","true","1369","5.201609735472034","25","true","1369","4.14953978668857","35","true","1369","6.855886415819155","45","true","1369","6.369198535112816","65","true","1369","3.2543752263910277","75","true","1369","3.049760209295269","95","true","1369","6.260911767679617","105","true","1369","6.351445780882988","115","true","1369","3.619058272188162","125","true","1369","6.874954928229051","135","true"
"1370","6.414977597090946","0","true","1370","3.2655433530513713","85","true","1370","3.982183882084301","55","true","1370","3.904423471604246","15","true","1370","4.087931278268489","5","true","1370","5.197815709406774","25","true","1370","4.146513134765383","35","true","1370","6.8508857692722405","45","true","1370","6.364753581887886","65","true","1370","3.2520015026664537","75","true","1370","3.0475357306597513","95","true","1370","6.256345092429668","105","true","1370","6.346813070612467","115","true","1370","3.6164185506183677","125","true","1370","6.869940373212108","135","true"
"1371","6.410301957442921","0","true","1371","3.2631632194121214","85","true","1371","3.979281415697942","55","true","1371","3.9015776819019106","15","true","1371","4.08495173652048","5","true","1371","5.194027213991754","25","true","1371","4.14349089487124","35","true","1371","6.845892412297553","45","true","1371","6.361231691515357","65","true","1371","3.249631239180545","75","true","1371","3.04531449470446","95","true","1371","6.2517850741407255","105","true","1371","6.34242948135095","115","true","1371","3.6137826770392","125","true","1371","6.864933128042129","135","true"
"1372","6.4056331286319645","0","true","1372","3.260786552828427","85","true","1372","3.976383177230573","55","true","1372","3.898736037559666","15","true","1372","4.081976534964384","5","true","1372","5.190244237142525","25","true","1372","4.140473057365871","35","true","1372","6.840906328967401","45","true","1372","6.356799015602916","65","true","1372","3.2472644283726932","75","true","1372","3.0430964943441507","95","true","1372","6.247231698267353","105","true","1372","6.337810086244358","115","true","1372","3.611150643042813","125","true","1372","6.859933176747123","135","true"
"1373","6.400971095787254","0","true","1373","3.2584133457302986","85","true","1373","3.9734891574509295","55","true","1373","3.8958985295265074","15","true","1373","4.079005664123798","5","true","1373","5.186466766809816","25","true","1373","4.137459612637075","35","true","1373","6.835927503400467","45","true","1373","6.353087773471506","65","true","1373","3.2449010627043","75","true","1373","3.040881722514206","95","true","1373","6.242684950306459","105","true","1373","6.333439430143605","115","true","1373","3.6085224402458387","125","true","1373","6.854940503401601","135","true"
"1374","6.396315844081227","0","true","1374","3.2560435905697673","85","true","1374","3.9705993471546015","55","true","1374","3.8930651487777608","15","true","1374","4.07603911454989","5","true","1374","5.182694790979409","25","true","1374","4.1344505511006115","35","true","1374","6.830955919761631","45","true","1374","6.34846734599989","65","true","1374","3.2425411346586968","75","true","1374","3.038670172170559","95","true","1374","6.2381448157971455","105","true","1374","6.3288332923762285","115","true","1374","3.605898060289296","125","true","1374","6.8499550921264","135","true"
"1375","6.391667358729424","0","true","1375","3.2536772798208067","85","true","1375","3.967713737163937","55","true","1375","3.8902358863149864","15","true","1375","4.073076876821292","5","true","1375","5.178928297672011","25","true","1375","4.131445863200103","35","true","1375","6.8259915622618035","45","true","1375","6.344767553108209","65","true","1375","3.2401846367410667","75","true","1375","3.036461836289621","95","true","1375","6.233611280320549","105","true","1375","6.324475512806051","115","true","1375","3.6032774948385047","125","true","1375","6.844976927088517","135","true"
"1376","6.387025624990332","0","true","1376","3.2513144059792523","85","true","1376","3.9648323183279426","55","true","1376","3.887410733165883","15","true","1376","4.070118941544008","5","true","1376","5.175167274943128","25","true","1376","4.128445539406929","35","true","1376","6.821034415157764","45","true","1376","6.340159878777702","65","true","1376","3.2378315614783646","75","true","1376","3.0342567078682054","95","true","1376","6.229084329499691","105","true","1376","6.3200262387663475","115","true","1376","3.6006607355829936","125","true","1376","6.840005992500944","135","true"
"1377","6.38239062816523","0","true","1377","3.2489549615627213","85","true","1377","3.961955081522189","55","true","1377","3.8845896803841953","15","true","1377","4.067165299351305","5","true","1377","5.1714117108829365","25","true","1377","4.125449570220131","35","true","1377","6.81608446275199","45","true","1377","6.336471484327969","65","true","1377","3.2354819014192366","75","true","1377","3.0320547799234534","95","true","1377","6.224563948999329","105","true","1377","6.315537615547849","115","true","1377","3.598047774236417","125","true","1377","6.835042272622497","135","true"
"1378","6.377762353598032","0","true","1378","3.246598939110537","85","true","1378","3.959082017648714","55","true","1378","3.8817727190496165","15","true","1378","4.064215940903625","5","true","1378","5.167661593616161","25","true","1378","4.12245794616631","35","true","1378","6.811141689392489","45","true","1378","6.3318765086323","65","true","1378","3.2331356491339434","75","true","1378","3.029856045492762","95","true","1378","6.220050124525797","105","true","1378","6.310957820322652","115","true","1378","3.595438602536463","125","true","1378","6.83008575175765","135","true"
"1379","6.373140786675136","0","true","1379","3.2442463311836454","85","true","1379","3.9562131176359254","55","true","1379","3.878959840267697","15","true","1379","4.061270856888477","5","true","1379","5.163916911301947","25","true","1379","4.119470657799522","35","true","1379","6.806206079472639","45","true","1379","6.328199462123904","65","true","1379","3.2307927972142814","75","true","1379","3.0276604976337094","95","true","1379","6.215542841826866","105","true","1379","6.306482273672907","115","true","1379","3.59283321224477","125","true","1379","6.825136414256376","135","true"
"1380","6.3685259128252625","0","true","1380","3.2418971303645403","85","true","1380","3.953348372438506","55","true","1380","3.8761510351697477","15","true","1380","4.058330038020347","5","true","1380","5.160177652133735","25","true","1380","4.116487695701188","35","true","1380","6.8012776174310225","45","true","1380","6.323617130869651","65","true","1380","3.2284533382735034","75","true","1380","3.025468129423982","95","true","1380","6.211042086691582","105","true","1380","6.301915668116301","115","true","1380","3.5902315951468373","125","true","1380","6.820194244513975","135","true"
"1381","6.3639177175193105","0","true","1381","3.2395513292571856","85","true","1381","3.9504877730373202","55","true","1381","3.8733462949127504","15","true","1381","4.055393475040592","5","true","1381","5.156443804339137","25","true","1381","4.113509050479986","35","true","1381","6.79635628775126","45","true","1381","6.319951382096986","65","true","1381","3.226117264946243","75","true","1381","3.0232789339613015","95","true","1381","6.206547844950126","105","true","1381","6.297453141181106","115","true","1381","3.5876337430519407","125","true","1381","6.815259226970912","135","true"
"1382","6.359316186270201","0","true","1382","3.2372089204869345","85","true","1382","3.947631310439318","55","true","1382","3.8705456106792635","15","true","1382","4.052461158717352","5","true","1382","5.152715356179817","25","true","1382","4.1105347127717575","35","true","1382","6.791442074961853","45","true","1382","6.315381641401326","65","true","1382","3.2237845698884366","75","true","1382","3.0210929043633543","95","true","1382","6.202060102473662","105","true","1382","6.29289966819399","115","true","1382","3.585039647793046","125","true","1382","6.810331346112654","135","true"
"1383","6.354721304632722","0","true","1383","3.2348698967004554","85","true","1383","3.94477897567744","55","true","1383","3.8677489736773274","15","true","1383","4.049533079845447","5","true","1383","5.148992295951364","25","true","1383","4.107564673239408","35","true","1383","6.786534963636013","45","true","1383","6.311727140451647","65","true","1383","3.221455245777246","75","true","1383","3.0189100337677157","95","true","1383","6.197578845174188","105","true","1383","6.288450104447951","115","true","1383","3.5824493012267213","125","true","1383","6.805410586469509","135","true"
"1384","6.350133058203384","0","true","1384","3.232534250565654","85","true","1384","3.941930759810525","55","true","1384","3.8649563751403764","15","true","1384","4.046609229246281","5","true","1384","5.145274611983168","25","true","1384","4.1045989225728094","35","true","1384","6.781634938391511","45","true","1384","6.30716993674013","65","true","1384","3.2191292853109807","75","true","1384","3.0167303153317824","95","true","1384","6.193104059004386","105","true","1384","6.283909707260624","115","true","1384","3.579862695233056","125","true","1384","6.800496932616462","135","true"
"1385","6.345551432620265","0","true","1385","3.2302019747715947","85","true","1385","3.9390866539232157","55","true","1385","3.8621678063271436","15","true","1385","4.043689597767748","5","true","1385","5.1415622926383024","25","true","1385","4.101637451488702","35","true","1385","6.776741983890506","45","true","1385","6.303526633991432","65","true","1385","3.216806681209025","75","true","1385","3.0145537422326973","95","true","1385","6.188635729957485","105","true","1385","6.279473050504791","115","true","1385","3.5772798217155715","125","true","1385","6.7955903691730155","135","true"
"1386","6.34097641356286","0","true","1386","3.2278730620284284","85","true","1386","3.9362466491258665","55","true","1386","3.859383258521573","15","true","1386","4.040774176284137","5","true","1386","5.1378553263134","25","true","1386","4.098680250730599","35","true","1386","6.771856084839396","45","true","1386","6.298981913995765","65","true","1386","3.214487426211758","75","true","1386","3.012380307667281","95","true","1386","6.1841738440671055","105","true","1386","6.274945672674578","115","true","1386","3.574700672601141","125","true","1386","6.790690880803028","135","true"
"1387","6.336407986751936","0","true","1387","3.225547505067313","85","true","1387","3.93341073655445","55","true","1387","3.8566027230327244","15","true","1387","4.037862955696037","5","true","1387","5.134153701438535","25","true","1387","4.095727311068689","35","true","1387","6.766977225988647","45","true","1387","6.295349760114677","65","true","1387","3.2121715130804813","75","true","1387","3.0102100048519587","95","true","1387","6.179718387407115","105","true","1387","6.270521867034089","115","true","1387","3.5721252398399006","125","true","1387","6.785798452214554","135","true"
"1388","6.331846137949379","0","true","1388","3.2232252966403387","85","true","1388","3.9305789073704656","55","true","1388","3.853826191194688","15","true","1388","4.034955926930237","5","true","1388","5.130457406477096","25","true","1388","4.092778623299742","35","true","1388","6.762105392132644","45","true","1388","6.290817470870534","65","true","1388","3.209858934597342","75","true","1388","3.0080428270226918","95","true","1388","6.175269346091486","105","true","1388","6.2660074524429925","115","true","1388","3.569553515405171","125","true","1388","6.780913068159683","135","true"
"1389","6.327290852958049","0","true","1389","3.2209064295204533","85","true","1389","3.9277511527608464","55","true","1389","3.85105365436649","15","true","1389","4.032053080939639","5","true","1389","5.126766429925674","25","true","1389","4.089834178247008","35","true","1389","6.757240568109527","45","true","1389","6.287196416810229","65","true","1389","3.2075496835652575","75","true","1389","3.0058787674349055","95","true","1389","6.170826706274155","105","true","1389","6.261596442364743","115","true","1389","3.5669854912933685","125","true","1389","6.776034713434388","135","true"
"1390","6.32274211762163","0","true","1390","3.2185908965013876","85","true","1390","3.9249274639378697","55","true","1390","3.8482851039320067","15","true","1390","4.029154408703162","5","true","1390","5.123080760313937","25","true","1390","4.0868939667601305","35","true","1390","6.752382738801036","45","true","1390","6.282676505655081","65","true","1390","3.205243752807842","75","true","1390","3.003717819363421","95","true","1390","6.166390454148868","105","true","1390","6.257094935217104","115","true","1390","3.564421159523927","125","true","1390","6.771163372878361","135","true"
"1391","6.318199917824488","0","true","1391","3.216278690397579","85","true","1391","3.922107832139064","55","true","1391","3.8455205312998717","15","true","1391","4.026259901225646","5","true","1391","5.119400386204516","25","true","1391","4.083957979715044","35","true","1391","6.7475318891323575","45","true","1391","6.278972761724003","65","true","1391","3.2029411351693304","75","true","1391","3.001559976102384","95","true","1391","6.161960575949048","105","true","1391","6.252696665467434","115","true","1391","3.5618605121392113","125","true","1391","6.7662990313748566","135","true"
"1392","6.31366423949152","0","true","1392","3.2139698040440994","85","true","1392","3.919292248627119","55","true","1392","3.8427599279033893","15","true","1392","4.023369549537759","5","true","1392","5.115725296192884","25","true","1392","4.081026208013885","35","true","1392","6.742688004071961","45","true","1392","6.2744652435892405","65","true","1392","3.200641823514507","75","true","1392","2.9994052309651966","95","true","1392","6.157537057947649","105","true","1392","6.24820801028763","115","true","1392","3.559303541204438","125","true","1392","6.7614416738505385","135","true"
"1393","6.309135068588011","0","true","1393","3.2116642302965785","85","true","1393","3.9164807046897967","55","true","1393","3.8400032852004458","15","true","1393","4.02048334469591","5","true","1393","5.112055478907236","25","true","1393","4.0780986425848935","35","true","1393","6.737851068631451","45","true","1393","6.270772703926403","65","true","1393","3.1983458107286284","75","true","1393","2.9972535772844466","95","true","1393","6.153119886457012","105","true","1393","6.243822425950032","115","true","1393","3.5567502388075916","125","true","1393","6.756591285275323","135","true"
"1394","6.304612391119489","0","true","1394","3.209361962031133","85","true","1394","3.91367319163984","55","true","1394","3.8372505946734203","15","true","1394","4.017601277782149","5","true","1394","5.108390923008377","25","true","1394","4.075175274382323","35","true","1394","6.7330210678654066","45","true","1394","6.266277526360865","65","true","1394","3.1960530897173536","75","true","1394","2.9951050084118416","95","true","1394","6.148709047828728","105","true","1394","6.239346567580175","115","true","1394","3.554200597059342","125","true","1394","6.751747850662222","135","true"
"1395","6.300096193131581","0","true","1395","3.2070629921442912","85","true","1395","3.910869700814883","55","true","1395","3.8345018478290984","15","true","1395","4.014723339904082","5","true","1395","5.1047316171896036","25","true","1395","4.072256094386347","35","true","1395","6.728197986871233","45","true","1395","6.262492740586834","65","true","1395","3.1937636534066676","75","true","1395","2.9929595177181367","95","true","1395","6.1443045284534925","105","true","1395","6.234973614053024","115","true","1395","3.551654608092967","125","true","1395","6.7469113550671915","135","true"
"1396","6.2955864607098695","0","true","1396","3.204767313552921","85","true","1396","3.9080702235773637","55","true","1396","3.8317570361985838","15","true","1396","4.011849522194773","5","true","1396","5.1010775501765835","25","true","1396","4.069341093602964","35","true","1396","6.723381810789006","45","true","1396","6.258009925453987","65","true","1396","3.191477494742812","75","true","1396","2.99081709859307","95","true","1396","6.13990631476097","105","true","1396","6.230510497650695","115","true","1396","3.549112264064268","125","true","1396","6.742081783588977","135","true"
"1397","6.291083179979748","0","true","1397","3.202474919194156","85","true","1397","3.905274751314433","55","true","1397","3.8290161513372114","15","true","1397","4.00897981581266","5","true","1397","5.097428710727244","25","true","1397","4.066430263063906","35","true","1397","6.718572524801317","45","true","1397","6.254133214647532","65","true","1397","3.189194606692209","75","true","1397","2.9886777444452926","95","true","1397","6.135514393219653","105","true","1397","6.2261501206449905","115","true","1397","3.5465735571514894","125","true","1397","6.737259121368956","135","true"
"1398","6.286586337106281","0","true","1398","3.2001858020253255","85","true","1398","3.9024832754378678","55","true","1398","3.826279184824461","15","true","1398","4.0061142119414574","5","true","1398","5.093785087631656","25","true","1398","4.063523593826548","35","true","1398","6.713770114133125","45","true","1398","6.249662783471944","65","true","1398","3.1869149822413925","75","true","1398","2.986541448702301","95","true","1398","6.131128750336723","105","true","1398","6.221699691680984","115","true","1398","3.5440384795552413","125","true","1398","6.732443353590994","135","true"
"1399","6.282095918294062","0","true","1399","3.1978999550238787","85","true","1399","3.8996957873839833","55","true","1399","3.8235461282638723","15","true","1399","4.00325270179007","5","true","1399","5.0901466697119195","25","true","1399","4.060621076973815","35","true","1399","6.708974564051601","45","true","1399","6.2457975730680575","65","true","1399","3.1846386143969343","75","true","1399","2.9844082048103706","95","true","1399","6.126749372657911","105","true","1399","6.217351837218123","115","true","1399","3.541507023498416","125","true","1399","6.727634465481286","135","true"
"1400","6.277611909787072","0","true","1400","3.1956173711873164","85","true","1400","3.896912278613545","55","true","1400","3.8208169732829558","15","true","1400","4.000395276592505","5","true","1400","5.086513445822046","25","true","1400","4.057722703614091","35","true","1400","6.704185859865983","45","true","1400","6.241339473444169","65","true","1400","3.1823654961853736","75","true","1400","2.982278006234489","95","true","1400","6.122376246767363","105","true","1400","6.212914041474213","115","true","1400","3.5389791812261118","125","true","1400","6.722832442308208","135","true"
"1401","6.273134297868536","0","true","1401","3.1933380435331173","85","true","1401","3.894132740611681","55","true","1401","3.8180917115331106","15","true","1401","3.9975419276077737","5","true","1401","5.0828854048478505","25","true","1401","4.054828464881128","35","true","1401","6.699403986927419","45","true","1401","6.23748571363289","65","true","1401","3.180095620653144","75","true","1401","2.980150846458287","95","true","1401","6.1180093592875","105","true","1401","6.208578655883772","115","true","1401","3.5364549450055507","125","true","1401","6.718037269382168","135","true"
"1402","6.268663068860789","0","true","1402","3.191061965098667","85","true","1402","3.891357164887795","55","true","1402","3.8153703346895376","15","true","1402","3.994692646119814","5","true","1402","5.0792625357068335","25","true","1402","4.0519383519339565","35","true","1402","6.694628930628825","45","true","1402","6.233039893452111","65","true","1402","3.177828980866506","75","true","1402","2.978026718983976","95","true","1402","6.113648696878885","105","true","1402","6.204249450458107","115","true","1402","3.533934307126003","125","true","1402","6.7132489320554525","135","true"
"1403","6.264198209125134","0","true","1403","3.1887891289411896","85","true","1403","3.888585542975482","55","true","1403","3.8126528344511548","15","true","1403","3.991847423437392","5","true","1403","5.075644827348068","25","true","1403","4.049052355956795","35","true","1403","6.689860676404731","45","true","1403","6.229197534708933","65","true","1403","3.175565569911473","75","true","1403","2.975905617332278","95","true","1403","6.109294246240082","105","true","1403","6.199830469368037","115","true","1403","3.5314172598987055","125","true","1403","6.70846741572208","135","true"
"1404","6.259739705061699","0","true","1404","3.186519528137673","85","true","1404","3.885817866432439","55","true","1404","3.809939202540513","15","true","1404","3.9890062508940205","5","true","1404","5.07203226875209","25","true","1404","4.046170468158961","35","true","1404","6.685099209731133","45","true","1404","6.224763942157539","65","true","1404","3.1733053808937424","75","true","1404","2.973787535042362","95","true","1404","6.104945994107527","105","true","1404","6.195417778642509","115","true","1404","3.5289037956567846","125","true","1404","6.703692705817651","135","true"
"1405","6.255287543109308","0","true","1405","3.184253155784801","85","true","1405","3.8830541268403818","55","true","1405","3.8072294307037136","15","true","1405","3.9861691198478653","5","true","1405","5.068424848930787","25","true","1405","4.043292679774781","35","true","1405","6.680344516125349","45","true","1405","6.2209329352413745","65","true","1405","3.1710484069386258","75","true","1405","2.9716724656717775","95","true","1405","6.100603927255388","105","true","1405","6.1910113648596905","115","true","1405","3.5263939067551795","125","true","1405","6.6989247878192035","135","true"
"1406","6.250841709745336","0","true","1406","3.1819900049988843","85","true","1406","3.8802943158049588","55","true","1406","3.804523510710321","15","true","1406","3.9833360216816622","5","true","1406","5.0648225569272824","25","true","1406","4.040418982063498","35","true","1406","6.675596581145872","45","true","1406","6.216511518798417","65","true","1406","3.1687946411909795","75","true","1406","2.9695604027963887","95","true","1406","6.096268032495433","105","true","1406","6.186611214635909","115","true","1406","3.523887585570563","125","true","1406","6.694163647245061","135","true"
"1407","6.246402191485573","0","true","1407","3.1797300689157884","85","true","1407","3.8775384249556653","55","true","1407","3.801821434353282","15","true","1407","3.9805069478026267","5","true","1407","5.061225381815829","25","true","1407","4.037549366309191","35","true","1407","6.670855390392218","45","true","1407","6.212691814749577","65","true","1407","3.1665440768151334","75","true","1407","2.9674513400103115","95","true","1407","6.0919382966769","105","true","1407","6.182217314625515","115","true","1407","3.5213848245012658","125","true","1407","6.689409269654687","135","true"
"1408","6.241968974884093","0","true","1408","3.177473340690866","85","true","1408","3.8747864459457606","55","true","1408","3.799123193448844","15","true","1408","3.9776818896423696","5","true","1408","5.057633312701694","25","true","1408","4.034683823820682","35","true","1408","6.6661209295047845","45","true","1408","6.208282523184814","65","true","1408","3.1642967069948247","75","true","1408","2.965345270925847","95","true","1408","6.087614706686356","105","true","1408","6.177829651520741","115","true","1408","3.518885615967198","125","true","1408","6.684661640648545","135","true"
"1409","6.237542046533111","0","true","1409","3.1752198134988867","85","true","1409","3.872038370452182","55","true","1409","3.796428779836469","15","true","1409","3.9748608386568076","5","true","1409","5.054046338721054","25","true","1409","4.031822345931447","35","true","1409","6.6613931841647105","45","true","1409","6.204474073323003","65","true","1409","3.1620525249331264","75","true","1409","2.9632421891734175","95","true","1409","6.083297249447571","105","true","1409","6.173448212051578","115","true","1409","3.516389952409775","125","true","1409","6.6799207458679435","135","true"
"1410","6.233121393062854","0","true","1410","3.172969480533969","85","true","1410","3.869294190175462","55","true","1410","3.7937381853787535","15","true","1410","3.9720437863260796","5","true","1410","5.050464449040883","25","true","1410","4.028964923999533","35","true","1410","6.656672140093722","45","true","1410","6.200076855694851","65","true","1410","3.15981152385238","75","true","1410","2.961142088401502","95","true","1410","6.078985911921386","105","true","1410","6.169072982985631","115","true","1410","3.5138978262918372","125","true","1410","6.675186570994897","135","true"
"1411","6.228707001141421","0","true","1411","3.1707223350095117","85","true","1411","3.8665538968396436","55","true","1411","3.7910514019613464","15","true","1411","3.969230724154461","5","true","1411","5.0468876328588435","25","true","1411","4.0261115494074655","35","true","1411","6.651957783053995","45","true","1411","6.196279611617185","65","true","1411","3.1575736969941275","75","true","1411","2.9590449622765713","95","true","1411","6.074680681105577","105","true","1411","6.164703951127992","115","true","1411","3.5114092300975797","125","true","1411","6.670459101751983","135","true"
"1412","6.224298857474655","0","true","1412","3.168478370158125","85","true","1412","3.8638174821921987","55","true","1412","3.788368421492867","15","true","1412","3.966421643670275","5","true","1412","5.043315879403176","25","true","1412","4.023262213562166","35","true","1412","6.647250098848013","45","true","1412","6.191894417270676","65","true","1412","3.155339037619043","75","true","1412","2.956950804483028","95","true","1412","6.070381544034731","105","true","1412","6.160341103321107","115","true","1412","3.508924156332472","125","true","1412","6.665738323902194","135","true"
"1413","6.219896948806002","0","true","1413","3.1662375792315633","85","true","1413","3.861084938003944","55","true","1413","3.785689235904824","15","true","1413","3.9636165364258122","5","true","1413","5.039749177932594","25","true","1413","4.020416907894866","35","true","1413","6.642549073318417","45","true","1413","6.1881083308497145","65","true","1413","3.1531075390068657","75","true","1413","2.9548596087231394","95","true","1413","6.066088487780109","105","true","1413","6.155984426444642","115","true","1413","3.506442597523184","125","true","1413","6.6610242232487975","135","true"
"1414","6.215501261916387","0","true","1414","3.1639999555006573","85","true","1414","3.858356256068959","55","true","1414","3.7830138371515343","15","true","1414","3.9608153939972426","5","true","1414","5.036187517736175","25","true","1414","4.017575623861019","35","true","1414","6.637854692347874","45","true","1414","6.183735109414485","65","true","1414","3.150879194456331","75","true","1414","2.9527713687169745","95","true","1414","6.061801499449523","105","true","1414","6.151633907415353","115","true","1414","3.503964546217514","125","true","1414","6.656316785635195","135","true"
"1415","6.211111783624073","0","true","1415","3.161765492255247","85","true","1415","3.855631428204503","55","true","1415","3.7803422172100434","15","true","1415","3.9580182079845327","5","true","1415","5.032630888133253","25","true","1415","4.0147383529402125","35","true","1415","6.633166941858928","45","true","1415","6.179960132796276","65","true","1415","3.1486539972851046","75","true","1415","2.950686078202344","95","true","1415","6.0575205661872","105","true","1415","6.147289533186952","115","true","1415","3.5014899949843095","125","true","1415","6.651615996944774","135","true"
"1416","6.206728500784536","0","true","1416","3.1595341828041144","85","true","1416","3.8529104462509363","55","true","1416","3.777674368080043","15","true","1416","3.955224970011361","5","true","1416","5.029079278473315","25","true","1416","4.011905086636091","35","true","1416","6.6284858078138615","45","true","1416","6.175598834184563","65","true","1416","3.1464319408297166","75","true","1416","2.9486037309347344","95","true","1416","6.053245675173659","105","true","1416","6.142951290749982","115","true","1416","3.499018936413396","125","true","1416","6.646921843100777","135","true"
"1417","6.202351400290329","0","true","1417","3.1573060204749157","85","true","1417","3.850193302071634","55","true","1417","3.775010281783795","15","true","1417","3.952435671725034","5","true","1417","5.025532678135886","25","true","1417","4.009075816476263","35","true","1417","6.623811276214557","45","true","1417","6.171834919786711","65","true","1417","3.1442130184454924","75","true","1417","2.946524320687249","95","true","1417","6.048976813625582","105","true","1417","6.138619167131682","115","true","1417","3.4965513631155023","125","true","1417","6.64223431006615","135","true"
"1418","6.197980469070957","0","true","1418","3.1550809986141157","85","true","1418","3.847479987552908","55","true","1418","3.7723499503660474","15","true","1418","3.949650304796405","5","true","1418","5.021991076530434","25","true","1418","4.006250534012221","35","true","1418","6.619143333102355","45","true","1418","6.167485494191372","65","true","1418","3.1419972235064892","75","true","1418","2.944447841250542","95","true","1418","6.0447139687956835","105","true","1418","6.13429314939586","115","true","1418","3.494087267722186","125","true","1418","6.637553383843411","135","true"
"1419","6.193615694092737","0","true","1419","3.1528591105869226","85","true","1419","3.844770494603927","55","true","1419","3.769693365893959","15","true","1419","3.9468688609197877","5","true","1419","5.018454463096258","25","true","1419","4.003429230819254","35","true","1419","6.614481964557917","45","true","1419","6.163732594701118","65","true","1419","3.1397845494054284","75","true","1419","2.9423742864327598","95","true","1419","6.040457127972588","105","true","1419","6.129973224642764","115","true","1419","3.491626642885762","125","true","1419","6.632879050474507","135","true"
"1420","6.189257062358682","0","true","1420","3.1506403497772206","85","true","1420","3.842064815156634","55","true","1420","3.767040520457017","15","true","1420","3.9440913318128774","5","true","1420","5.014922827302383","25","true","1420","4.000611898496369","35","true","1420","6.609827156701085","45","true","1420","6.159394992593658","65","true","1420","3.13757498955363","75","true","1420","2.9403036500594784","95","true","1420","6.0362062784807","105","true","1420","6.125659380008955","115","true","1420","3.4891694812792275","125","true","1420","6.628211296040676","135","true"
"1421","6.184904560908359","0","true","1421","3.1484247095875038","85","true","1421","3.839362941165666","55","true","1421","3.764391406166963","15","true","1421","3.9413177092166656","5","true","1421","5.011396158647459","25","true","1421","3.997798528666203","35","true","1421","6.605178895690747","45","true","1421","6.155653060965976","65","true","1421","3.135368537380948","75","true","1421","2.938235925973642","95","true","1421","6.031961407680081","105","true","1421","6.121351602667176","115","true","1421","3.48671577559619","125","true","1421","6.623550106662306","135","true"
"1422","6.180558176817771","0","true","1422","3.1462121834388124","85","true","1422","3.836664864608276","55","true","1422","3.76174601515771","15","true","1422","3.938547984895361","5","true","1422","5.007874446659653","25","true","1422","3.994989112974941","35","true","1422","6.600537167724696","45","true","1422","6.151327233094602","65","true","1422","3.133165186335705","75","true","1422","2.9361711080355017","95","true","1422","6.027722502966321","105","true","1422","6.117049879826229","115","true","1422","3.484265518550796","125","true","1422","6.618895468498805","135","true"
"1423","6.176217897199218","0","true","1423","3.144002764770667","85","true","1423","3.833970577484253","55","true","1423","3.7591043395852677","15","true","1423","3.9357821506363053","5","true","1423","5.0043576808965495","25","true","1423","3.992183643092234","35","true","1423","6.595901959039495","45","true","1423","6.147596222550315","65","true","1423","3.1309649298846263","75","true","1423","2.9341091901225553","95","true","1423","6.0234895517704174","105","true","1423","6.112754198730846","115","true","1423","3.481818702877656","125","true","1423","6.614247367748455","135","true"
"1424","6.171883709201184","0","true","1424","3.1417964470410036","85","true","1424","3.8312800718158435","55","true","1424","3.7564663716276643","15","true","1424","3.933020198249894","5","true","1424","5.000845850945043","25","true","1424","3.9893821107111163","35","true","1424","6.5912732559103455","45","true","1424","6.143282119937999","65","true","1424","3.1287677615127776","75","true","1424","2.932050166129487","95","true","1424","6.019262541558649","105","true","1424","6.108464546661561","115","true","1424","3.479375321331777","125","true","1424","6.60960579064828","135","true"
"1425","6.167555600008196","0","true","1425","3.1395932237261084","85","true","1425","3.8285933396476697","55","true","1425","3.753832103484868","15","true","1425","3.9302621195694942","5","true","1425","4.997338946421239","25","true","1425","3.986584507547925","35","true","1425","6.586651044650941","45","true","1425","6.139561983961907","65","true","1425","3.126573674723498","75","true","1425","2.9299940299681055","95","true","1425","6.015041459832451","105","true","1425","6.1041809109345895","115","true","1425","3.476935366688487","125","true","1425","6.604970723473913","135","true"
"1426","6.163233556840706","0","true","1426","3.137393088320554","85","true","1426","3.8259103730466553","55","true","1426","3.7512015273787114","15","true","1426","3.9275079064513654","5","true","1426","4.993836956970348","25","true","1426","3.983790825342215","35","true","1426","6.582035311613344","45","true","1426","6.135259557904471","65","true","1426","3.124382663038338","75","true","1426","2.9279407755672873","95","true","1426","6.010826294128294","105","true","1426","6.099903278901699","115","true","1426","3.4744988317433654","125","true","1426","6.6003421525394534","135","true"
"1427","6.158917566954963","0","true","1427","3.135196034337136","85","true","1427","3.8232311641019447","55","true","1427","3.7485746355528162","15","true","1427","3.924757550774579","5","true","1427","4.9903398722665875","25","true","1427","3.9810010558566815","35","true","1427","6.577426043187844","45","true","1427","6.131550250243495","65","true","1427","3.1221947199969944","75","true","1427","2.925890396872912","95","true","1427","6.00661703201756","105","true","1427","6.0956316379500874","115","true","1427","3.4720657093121723","125","true","1427","6.595720064197339","135","true"
"1428","6.154607617642888","0","true","1428","3.133002055306809","85","true","1428","3.820555704924826","55","true","1428","3.745951420272513","15","true","1428","3.9220110444409366","5","true","1428","4.986847682013077","25","true","1428","3.9782151908770755","35","true","1428","6.5728232258028285","45","true","1428","6.127259452307705","65","true","1428","3.1200098391572486","75","true","1428","2.9238428878478087","95","true","1428","6.002413661106421","105","true","1428","6.0913659755022564","115","true","1428","3.4696359922307782","125","true","1428","6.591104444838209","135","true"
"1429","6.150303696231949","0","true","1429","3.1308111447786224","85","true","1429","3.817883987648655","55","true","1429","3.7433318738247703","15","true","1429","3.919268379374894","5","true","1429","4.983360375941739","25","true","1429","3.9754332222121267","35","true","1429","6.568226845924644","45","true","1429","6.1234599840545165","65","true","1429","3.1178280140949006","75","true","1429","2.9217982424716915","95","true","1429","5.998216169035717","105","true","1429","6.087106279015892","115","true","1429","3.4672096733550926","125","true","1429","6.5864952808907695","135","true"
"1430","6.146005790085036","0","true","1430","3.128623296319658","85","true","1430","3.8152160044287746","55","true","1430","3.7407159885181143","15","true","1430","3.916529547523479","5","true","1430","4.979877943813198","25","true","1430","3.9726551416934597","35","true","1430","6.563636890057472","45","true","1430","6.119180836616324","65","true","1430","3.1156492384037096","75","true","1430","2.9197564547411035","95","true","1430","5.994024543480835","105","true","1430","6.082852535983735","115","true","1430","3.464786745560994","125","true","1430","6.5818925588216635","135","true"
"1431","6.14171388660034","0","true","1431","3.126438503514965","85","true","1431","3.8125517474424417","55","true","1431","3.738103756682557","15","true","1431","3.9137945408562143","5","true","1431","4.976400375416681","25","true","1431","3.9698809411755174","35","true","1431","6.559053344743186","45","true","1431","6.115392316374447","65","true","1431","3.113473505695327","75","true","1431","2.917717518669357","95","true","1431","5.989838772151589","105","true","1431","6.078604733933467","115","true","1431","3.4623672017442613","125","true","1431","6.5772962651353355","135","true"
"1432","6.137427973211226","0","true","1432","3.1242567599675017","85","true","1432","3.8098912088887484","55","true","1432","3.735495170669519","15","true","1432","3.9110633513650375","5","true","1432","4.972927660569914","25","true","1432","3.9671106125354787","35","true","1432","6.55447619656123","45","true","1432","6.111124771143202","65","true","1432","3.111300809599238","75","true","1432","2.915681428286475","95","true","1432","5.985658842792097","105","true","1432","6.0743628604275814","115","true","1432","3.459951034820504","125","true","1432","6.572706386373901","135","true"
"1433","6.133148037386114","0","true","1433","3.1220780592980684","85","true","1433","3.807234380988547","55","true","1433","3.732890222851758","15","true","1433","3.908335971064225","5","true","1433","4.969459789119028","25","true","1433","3.9643441476731804","35","true","1433","6.549905432128481","45","true","1433","6.107347152648854","65","true","1433","3.1091311437626974","75","true","1433","2.9136481776391343","95","true","1433","5.981484743180666","105","true","1433","6.070126903063267","115","true","1433","3.457538237725092","125","true","1433","6.568122909117015","135","true"
"1434","6.128874066628353","0","true","1434","3.119902395145248","85","true","1434","3.804581255984374","55","true","1434","3.73028890562329","15","true","1434","3.9056123919903127","5","true","1434","4.965996750938458","25","true","1434","3.961581538511039","35","true","1434","6.5453410380991235","45","true","1434","6.103091161601712","65","true","1434","3.1069645018506677","75","true","1434","2.9116177607906053","95","true","1434","5.977316461129669","105","true","1434","6.065896849472282","115","true","1434","3.4551288034130887","125","true","1434","6.5635458199817425","135","true"
"1435","6.124606048476105","0","true","1435","3.1177297611653416","85","true","1435","3.8019318261403736","55","true","1435","3.7276912113993186","15","true","1435","3.9028926062020184","5","true","1435","4.9625385359308405","25","true","1435","3.95882277699397","35","true","1435","6.540783001164514","45","true","1435","6.099324398850073","65","true","1435","3.104800877545758","75","true","1435","2.9095901718206956","95","true","1435","5.973153984485428","105","true","1435","6.061672687320839","115","true","1435","3.45272272485918","125","true","1435","6.558975105622423","135","true"
"1436","6.120343970502218","0","true","1436","3.1155601510323105","85","true","1436","3.7992860837422247","55","true","1436","3.7250971326161597","15","true","1436","3.900176605780166","5","true","1436","4.959085134026922","25","true","1436","3.956067855089312","35","true","1436","6.536231308053056","45","true","1436","6.095079914230136","65","true","1436","3.1026402645481617","75","true","1436","2.9075654048256916","95","true","1436","5.968997301128097","105","true","1436","6.057454404309482","115","true","1436","3.450319995057608","125","true","1436","6.55441075273055","135","true"
"1437","6.116087820314108","0","true","1437","3.1133935584377124","85","true","1437","3.7966440210970633","55","true","1437","3.722506661731169","15","true","1437","3.8974643828276068","5","true","1437","4.955636535185457","25","true","1437","3.953316764786746","35","true","1437","6.531685945530071","45","true","1437","6.091323961473543","65","true","1437","3.1004826565755965","75","true","1437","2.9055434539183023","95","true","1437","5.96484639897154","105","true","1437","6.0532419881729655","115","true","1437","3.447920607022102","125","true","1437","6.549852748034631","135","true"
"1438","6.11183758555364","0","true","1438","3.1112299770906398","85","true","1438","3.79400563053341","55","true","1438","3.7199197912226696","15","true","1438","3.8947559294691443","5","true","1438","4.952192729393111","25","true","1438","3.9505694980982216","35","true","1438","6.527146900397667","45","true","1438","6.087090935788015","65","true","1438","3.098328047363244","75","true","1438","2.9035243132276016","95","true","1438","5.960701265963221","105","true","1438","6.049035426680142","115","true","1438","3.4455245537858112","125","true","1438","6.54530107830007","135","true"
"1439","6.107593253897005","0","true","1439","3.10906940071766","85","true","1439","3.791370904401095","55","true","1439","3.717336513589876","15","true","1439","3.892051237851457","5","true","1439","4.948753706664366","25","true","1439","3.947826047057876","35","true","1439","6.522614159494612","45","true","1439","6.083345747534168","65","true","1439","3.0961764306636863","75","true","1439","2.9015079768989716","95","true","1439","5.95656189008408","105","true","1439","6.044834707633837","115","true","1439","3.4431318284012375","125","true","1439","6.540755730329027","135","true"
"1440","6.103354813054606","0","true","1440","3.106911823062755","85","true","1440","3.7887398350711843","55","true","1440","3.7147568213528253","15","true","1440","3.8893503001430245","5","true","1440","4.94531945704142","25","true","1440","3.9450864037219575","35","true","1440","6.518087709696212","45","true","1440","6.079124133552535","65","true","1440","3.094027800246848","75","true","1440","2.899494439094045","95","true","1440","5.952428259348421","105","true","1440","6.040639818870732","115","true","1440","3.440742423940168","125","true","1440","6.536216690960305","135","true"
"1441","6.099122250770934","0","true","1441","3.1047572378872608","85","true","1441","3.7861124149359062","55","true","1441","3.7121807070523034","15","true","1441","3.8866531085340488","5","true","1441","4.941889970594096","25","true","1441","3.9423505601687525","35","true","1441","6.513567537914176","45","true","1441","6.075389664562726","65","true","1441","3.0918821498999365","75","true","1441","2.897483693990651","95","true","1441","5.948300361803796","105","true","1441","6.0364507482612515","115","true","1441","3.4383563334936076","125","true","1441","6.531683947069209","135","true"
"1442","6.094895554824454","0","true","1442","3.102605638969806","85","true","1442","3.783488636408577","55","true","1442","3.709608163249772","15","true","1442","3.8839596552363815","5","true","1442","4.9384652374197415","25","true","1442","3.9396185084985036","35","true","1442","6.509053631096495","45","true","1442","6.071179415314935","65","true","1442","3.0897394734273793","75","true","1442","2.895475735782757","95","true","1442","5.94417818553089","105","true","1442","6.032267483709442","115","true","1442","3.4359735501717132","125","true","1442","6.527157485567429","135","true"
"1443","6.090674713027484","0","true","1443","3.1004570201062536","85","true","1443","3.78086849192353","55","true","1443","3.7070391825273","15","true","1443","3.881269932483448","5","true","1443","4.935045247643135","25","true","1443","3.9368902408333386","35","true","1443","6.504545976227314","45","true","1443","6.067455620602286","65","true","1443","3.0875997646507676","75","true","1443","2.8934705586804146","95","true","1443","5.9400617186434035","105","true","1443","6.028090013152856","115","true","1443","3.4335940671037273","125","true","1443","6.522637293402909","135","true"
"1444","6.086459713226081","0","true","1444","3.0983113751096405","85","true","1444","3.7782519739360394","55","true","1444","3.704473757487489","15","true","1444","3.878583932530172","5","true","1444","4.931629991416393","25","true","1444","3.934165749317191","35","true","1444","6.500044560326811","45","true","1444","6.0632566893769555","65","true","1444","3.0854630174087947","75","true","1444","2.8914681569097014","95","true","1444","5.935950949287941","105","true","1444","6.023918324562439","115","true","1444","3.431217877437912","125","true","1444","6.518123357559723","135","true"
"1445","6.082250543299922","0","true","1445","3.0961686978101177","85","true","1445","3.7756390749222524","55","true","1445","3.7019118807534035","15","true","1445","3.8759016476529036","5","true","1445","4.92821945891887","25","true","1445","3.931445026115727","35","true","1445","6.495549370451066","45","true","1445","6.059543524204668","65","true","1445","3.083329225557198","75","true","1445","2.889468524712669","95","true","1445","5.931845865643897","105","true","1445","6.01975240594241","115","true","1445","3.4288449743414815","125","true","1445","6.513615665057953","135","true"
"1446","6.078047191162189","0","true","1446","3.094028982054893","85","true","1446","3.773029787379113","55","true","1446","3.6993535449685013","15","true","1446","3.8732230701493426","5","true","1446","4.924813640357074","25","true","1446","3.9287280634162687","35","true","1446","6.491060393691943","45","true","1446","6.0553558645473045","65","true","1446","3.0811983829686995","75","true","1446","2.8874716563472833","95","true","1446","5.927746455923342","105","true","1446","6.015592245330148","115","true","1446","3.4264753510005406","125","true","1446","6.509114202953559","135","true"
"1447","6.073849644759452","0","true","1447","3.09189222170817","85","true","1447","3.7704241038242934","55","true","1447","3.696798742796562","15","true","1447","3.870548192338466","5","true","1447","4.921412525964563","25","true","1447","3.9260148534277217","35","true","1447","6.4865776171769625","45","true","1447","6.051653284426932","65","true","1447","3.0790704835329477","75","true","1447","2.8854775460873747","95","true","1447","5.923652708370908","105","true","1447","6.011437830796081","115","true","1447","3.424109000620015","125","true","1447","6.504618958338259","135","true"
"1448","6.069657892071557","0","true","1448","3.0897584106510907","85","true","1448","3.7678220167961194","55","true","1448","3.694247466921616","15","true","1448","3.8678770065604544","5","true","1448","4.918016106001854","25","true","1448","3.9233053883804976","35","true","1448","6.48210102806918","45","true","1448","6.047476850138163","65","true","1448","3.0769455211564583","75","true","1448","2.88348618822258","95","true","1448","5.919564611263682","105","true","1448","6.007289150443564","115","true","1448","3.4217459164235904","125","true","1448","6.500129918339407","135","true"
"1449","6.0654719211115085","0","true","1449","3.087627542781676","85","true","1449","3.7652235188535013","55","true","1449","3.691699710047877","15","true","1449","3.8652095051766198","5","true","1449","4.914624370756336","25","true","1449","3.920599660526442","35","true","1449","6.477630613567063","45","true","1449","6.043784810827894","65","true","1449","3.0748234897625575","75","true","1449","2.8814975770582887","95","true","1449","5.915482152911086","105","true","1449","6.003146192408775","115","true","1449","3.419386091653643","125","true","1449","6.495647070119862","135","true"
"1450","6.061291719925353","0","true","1450","3.0854996120147695","85","true","1450","3.762628602575863","55","true","1450","3.6891554648996703","15","true","1450","3.8625456805693306","5","true","1450","4.911237310542169","25","true","1450","3.9178976621387602","35","true","1450","6.47316636090437","45","true","1450","6.039619555961714","65","true","1450","3.072704383291322","75","true","1450","2.879511706915588","95","true","1450","5.911405321654772","105","true","1450","5.999008944860596","115","true","1450","3.41702951957118","125","true","1450","6.491170400877877","135","true"
"1451","6.057117276592071","0","true","1451","3.0833746122819767","85","true","1451","3.7600372605630694","55","true","1451","3.6866147242213647","15","true","1451","3.8598855251419413","5","true","1451","4.907854915700198","25","true","1451","3.9151993855119427","35","true","1451","6.468708257350029","45","true","1451","6.0359380134646665","65","true","1451","3.0705881956995236","75","true","1451","2.877528572131211","95","true","1451","5.907334105868509","105","true","1451","5.994877396000499","115","true","1451","3.414676193455773","125","true","1451","6.48669989784697","135","true"
"1452","6.05294857922346","0","true","1452","3.081252537531611","85","true","1452","3.7574494854353593","55","true","1452","3.684077480777303","15","true","1452","3.857229031318719","5","true","1452","4.904477176597857","25","true","1452","3.9125048229616937","35","true","1452","6.464256290208012","45","true","1452","6.0317838923267","65","true","1452","3.0684749209605697","75","true","1452","2.87554816705748","95","true","1452","5.90326849395807","105","true","1452","5.99075153406244","115","true","1452","3.4123261066054935","125","true","1452","6.482235548295802","135","true"
"1453","6.048785615964022","0","true","1453","3.0791333817286315","85","true","1453","3.7548652698332714","55","true","1453","3.681543727351734","15","true","1453","3.8545761915447723","5","true","1453","4.901104083629083","25","true","1453","3.9098139668248564","35","true","1453","6.459810446817222","45","true","1453","6.028112802889233","65","true","1453","3.0663645530644486","75","true","1453","2.873570486062255","95","true","1453","5.899208474361124","105","true","1453","5.98663134731274","115","true","1453","3.4099792523368517","125","true","1453","6.4777773395280605","135","true"
"1454","6.04462837499085","0","true","1454","3.077017138854591","85","true","1454","3.7522846064175783","55","true","1454","3.679013456748743","15","true","1454","3.8519269982859785","5","true","1454","4.897735627214217","25","true","1454","3.9071268094593408","35","true","1454","6.455370714551369","45","true","1454","6.023969770035013","65","true","1454","3.064257086017669","75","true","1454","2.871595523528879","95","true","1454","5.89515403554713","105","true","1454","5.982516824049982","115","true","1454","3.40763562398473","125","true","1454","6.473325258882337","135","true"
"1455","6.040476844513521","0","true","1455","3.074903802907576","85","true","1455","3.7497074878692147","55","true","1455","3.6764866617921848","15","true","1455","3.849281444028914","5","true","1455","4.894371797799923","25","true","1455","3.904443343244053","35","true","1455","6.450937080818847","45","true","1455","6.02030909014505","65","true","1455","3.062152513843206","75","true","1455","2.8696232738561256","95","true","1455","5.891105166017222","105","true","1455","5.978407952604893","115","true","1455","3.4052952149023232","125","true","1455","6.468879293732005","135","true"
"1456","6.036331012773979","0","true","1456","3.0727933679021486","85","true","1456","3.7471339068892084","55","true","1456","3.6739633353256154","15","true","1456","3.8466395212807813","5","true","1456","4.891012585859085","25","true","1456","3.90176356057882","35","true","1456","6.446509533062623","45","true","1456","6.016177100378306","65","true","1456","3.060050830580445","75","true","1456","2.867653731458146","95","true","1456","5.887061854304101","105","true","1456","5.9743047213402365","115","true","1456","3.402958018461072","125","true","1456","6.464439431485106","135","true"
"1457","6.032190868046425","0","true","1457","3.0706858278692937","85","true","1457","3.7445638561986123","55","true","1457","3.671443470212223","15","true","1457","3.8440012225693407","5","true","1457","4.887657981890731","25","true","1457","3.899087453884322","35","true","1457","6.442088058760111","45","true","1457","6.012526786763678","65","true","1457","3.057952030285122","75","true","1457","2.865686890764416","95","true","1457","5.883024088971931","105","true","1457","5.970207118650703","115","true","1457","3.400624028050605","125","true","1457","6.460005659584225","135","true"
"1458","6.028056398637209","0","true","1458","3.0685811768563607","85","true","1458","3.741997328538435","55","true","1458","3.6689270593347643","15","true","1458","3.8413665404428365","5","true","1458","4.884307976419936","25","true","1458","3.896415015602016","35","true","1458","6.437672645423058","45","true","1458","6.0084057951346415","65","true","1458","3.055856107029272","75","true","1458","2.863722746219684","95","true","1458","5.878991858616227","105","true","1458","5.966115132962799","115","true","1458","3.398293237078672","125","true","1458","6.455577965506374","135","true"
"1459","6.023927592884717","0","true","1459","3.066479408927007","85","true","1459","3.739434316669573","55","true","1459","3.6664140955954942","15","true","1459","3.8387354674699306","5","true","1459","4.880962559997731","25","true","1459","3.893746238194069","35","true","1459","6.433263280597426","45","true","1459","6.004765804761432","65","true","1459","3.05376305490117","75","true","1459","2.861761292283917","95","true","1459","5.87496515186375","105","true","1459","5.962028752734743","115","true","1459","3.395965638971084","125","true","1459","6.451156336762876","135","true"
"1460","6.019804439159266","0","true","1460","3.064380518161143","85","true","1460","3.7368748133727423","55","true","1460","3.6639045719160994","15","true","1460","3.8361079962396296","5","true","1460","4.877621723201018","25","true","1460","3.891081114143286","35","true","1460","6.428859951863273","45","true","1460","6.0006557665651545","65","true","1460","3.051672868005276","75","true","1460","2.859802523432251","95","true","1460","5.870943957372399","105","true","1460","5.957947966456349","115","true","1460","3.393641227171651","125","true","1460","6.446740760899247","135","true"
"1461","6.015686925862987","0","true","1461","3.062284498654877","85","true","1461","3.7343188114484107","55","true","1461","3.6613984812376343","15","true","1461","3.8334841193612164","5","true","1461","4.874285456632481","25","true","1461","3.8884196359530376","35","true","1461","6.424462646834638","45","true","1461","5.997026056636073","65","true","1461","3.0495855404621808","75","true","1461","2.8578464341549377","95","true","1461","5.866928263831104","105","true","1461","5.953872762648922","115","true","1461","3.391319995142122","125","true","1461","6.442331225495075","135","true"
"1462","6.011575041429724","0","true","1462","3.060191344520458","85","true","1462","3.7317663037167303","55","true","1462","3.658895816520452","15","true","1462","3.830863829464182","5","true","1462","4.8709537509204965","25","true","1462","3.8857617961471913","35","true","1462","6.420071353159427","45","true","1462","5.992926927410758","65","true","1462","3.04750106640855","75","true","1462","2.855893018957292","95","true","1462","5.862918059959723","105","true","1462","5.949803129865157","115","true","1462","3.3890019363621207","125","true","1462","6.43792771816391","135","true"
"1463","6.007468774324923","0","true","1463","3.058101049886223","85","true","1463","3.7292172830174706","55","true","1463","3.6563965707441404","15","true","1463","3.8282471191981546","5","true","1463","4.867626596719049","25","true","1463","3.883107587270042","35","true","1463","6.415686058519291","45","true","1463","5.989307455363516","65","true","1463","3.0454194399970684","75","true","1463","2.853942272359644","95","true","1463","5.858913334508931","105","true","1463","5.945739056689019","115","true","1463","3.3866870443290864","125","true","1463","6.433530226553142","135","true"
"1464","6.0033681130455205","0","true","1464","3.0560136088965395","85","true","1464","3.72667174220995","55","true","1464","3.6539007369074548","15","true","1464","3.8256339812328317","5","true","1464","4.864303984707636","25","true","1464","3.8804570018862394","35","true","1464","6.4113067506295165","45","true","1464","5.9852191908888654","65","true","1464","3.043340655396388","75","true","1464","2.8519941888972826","95","true","1464","5.854914076260119","105","true","1464","5.941680531735648","115","true","1464","3.384375312558213","125","true","1464","6.429138738343891","135","true"
"1465","5.999273046119841","0","true","1465","3.0539290157117533","85","true","1465","3.7241296741729717","55","true","1465","3.6514083080282544","15","true","1465","3.8230244082579117","5","true","1465","4.860985905591192","25","true","1465","3.8778100325807237","35","true","1465","6.40693341723891","45","true","1465","5.981609914394568","65","true","1465","3.0412647067910696","75","true","1465","2.8500487631204083","95","true","1465","5.85092027402529","105","true","1465","5.937627543651245","115","true","1465","3.382066734582389","125","true","1465","6.424753241250887","135","true"
"1466","5.995183562107489","0","true","1466","3.0518472645081323","85","true","1466","3.721591071804756","55","true","1466","3.6489192771434364","15","true","1466","3.8204183929830258","5","true","1466","4.857672350099991","25","true","1466","3.875166671958651","35","true","1466","6.402566046129681","45","true","1466","5.97753247069014","65","true","1466","3.0391915883815326","75","true","1466","2.848105989594082","95","true","1466","5.84693191664695","105","true","1466","5.933580081112969","115","true","1466","3.3797613039521353","125","true","1466","6.420373723022358","135","true"
"1467","5.991099649599242","0","true","1467","3.0497683494778136","85","true","1467","3.7190559280228723","55","true","1467","3.64643363730887","15","true","1467","3.8178159281376693","5","true","1467","4.854363308989568","25","true","1467","3.8725269126453274","35","true","1467","6.398204625117331","45","true","1467","5.973933347651693","65","true","1467","3.037121294383997","75","true","1467","2.8461658628981734","95","true","1467","5.842948992998007","105","true","1467","5.9295381328288315","115","true","1467","3.3774590142355465","125","true","1467","6.416000171439919","135","true"
"1468","5.987021297216941","0","true","1468","3.0476922648287474","85","true","1468","3.7165242357641777","55","true","1468","3.643951381599334","15","true","1468","3.8152170064711357","5","true","1468","4.851058773040631","25","true","1468","3.869890747286141","35","true","1468","6.393849142050539","45","true","1468","5.969866680975279","65","true","1468","3.0350538190304346","75","true","1468","2.84422837762731","95","true","1468","5.838971491981671","105","true","1468","5.925501687537594","115","true","1468","3.3751598590182317","125","true","1468","6.411632574318448","135","true"
"1469","5.982948493613392","0","true","1469","3.0456190047846463","85","true","1469","3.713995987984746","55","true","1469","3.64147250310845","15","true","1469","3.812621620752448","5","true","1469","4.847758733058971","25","true","1469","3.8672581685464906","35","true","1469","6.389499584811049","45","true","1469","5.966277669525805","65","true","1469","3.032989156568509","75","true","1469","2.842293528390829","95","true","1469","5.834999402531343","105","true","1469","5.921470734008656","115","true","1469","3.372863831903253","125","true","1469","6.4072709195059865","135","true"
"1470","5.978881227472255","0","true","1470","3.043548563584929","85","true","1470","3.7114711776598073","55","true","1470","3.638996994948621","15","true","1470","3.810029763770291","5","true","1470","4.844463179875382","25","true","1470","3.8646291691117205","35","true","1470","6.385155941313557","45","true","1470","5.962221736371811","65","true","1470","3.0309273012615283","75","true","1470","2.8403613098127254","95","true","1470","5.8310327136105204","105","true","1470","5.917445261041961","115","true","1470","3.370570926511069","125","true","1470","6.402915194883617","135","true"
"1471","5.97481948750794","0","true","1471","3.0414809354846675","85","true","1471","3.70894979778368","55","true","1471","3.6365248502509657","15","true","1471","3.807441428332947","5","true","1471","4.841172104345575","25","true","1471","3.8620037416870523","35","true","1471","6.380818199505599","45","true","1471","5.958642794873086","65","true","1471","3.0288682473883886","75","true","1471","2.8384317165316024","95","true","1471","5.8270714142126865","105","true","1471","5.913425257467884","115","true","1471","3.368281136479472","125","true","1471","6.398565388365353","135","true"
"1472","5.970763262465504","0","true","1472","3.0394161147545353","85","true","1472","3.7064318413697057","55","true","1472","3.6340560621652553","15","true","1472","3.8048566072682273","5","true","1472","4.837885497350093","25","true","1472","3.859381878997516","35","true","1472","6.376486347367442","45","true","1472","5.954597551970932","65","true","1472","3.026811989243522","75","true","1472","2.836504743200624","95","true","1472","5.823115493361219","105","true","1472","5.909410712147132","115","true","1472","3.365994455463532","125","true","1472","6.394221487898031","135","true"
"1473","5.966712541120548","0","true","1473","3.037354095680753","85","true","1473","3.7039173014501876","55","true","1473","3.6315906238598514","15","true","1473","3.8022752934234045","5","true","1473","4.834603349794224","25","true","1473","3.856763573787884","35","true","1473","6.372160372911969","45","true","1473","5.951028639011826","65","true","1473","3.024758521136844","75","true","1473","2.8345803844874617","95","true","1473","5.819164940109277","105","true","1473","5.905401613970641","115","true","1473","3.3637108771355377","125","true","1473","6.389883481461194","135","true"
"1474","5.96266731227911","0","true","1474","3.0352948725650375","85","true","1474","3.7014061710763233","55","true","1474","3.6291285285216417","15","true","1474","3.7996974796651517","5","true","1474","4.831325652607923","25","true","1474","3.854148818822604","35","true","1474","6.36784026418457","45","true","1474","5.94699404332436","65","true","1474","3.0227078373937","75","true","1474","2.83265863507425","95","true","1474","5.8152197435397115","105","true","1474","5.901397951859474","115","true","1474","3.361430395184937","125","true","1474","6.385551357066983","135","true"
"1475","5.958627564777566","0","true","1475","3.0332384397245464","85","true","1475","3.6988984433181415","55","true","1475","3.6266697693559764","15","true","1475","3.7971231588794705","5","true","1475","4.828052396745723","25","true","1475","3.8515376068857323","35","true","1475","6.363526009263037","45","true","1475","5.943435117719296","65","true","1475","3.020659932354816","75","true","1475","2.830739489657533","95","true","1475","5.811279892764956","105","true","1475","5.897399714764719","115","true","1475","3.359153003318281","125","true","1475","6.381225102760027","135","true"
"1476","5.954593287482523","0","true","1476","3.031184791491828","85","true","1476","3.696394111264439","55","true","1476","3.624214339586609","15","true","1476","3.794552323971631","5","true","1476","4.824783573186653","25","true","1476","3.848929930780867","35","true","1476","6.359217596257442","45","true","1476","5.939411126441219","65","true","1476","3.018614800376241","75","true","1476","2.8288229429482183","95","true","1476","5.807345376926929","105","true","1476","5.893406891667383","115","true","1476","3.356878695259162","125","true","1476","6.376904706617332","135","true"
"1477","5.950564469290722","0","true","1477","3.02913392221477","85","true","1477","3.6938931680227176","55","true","1477","3.6217622324556302","15","true","1477","3.7919849678661017","5","true","1477","4.821519172934159","25","true","1477","3.8463257833310833","35","true","1477","6.354915013310042","45","true","1477","5.935862147228639","65","true","1477","3.016572435829302","75","true","1477","2.8269089896715283","95","true","1477","5.803416185196938","105","true","1477","5.889419471578298","115","true","1477","3.3546074647481614","125","true","1477","6.372590156748173","135","true"
"1478","5.94654109912893","0","true","1478","3.027085826256545","85","true","1478","3.691395606719119","55","true","1478","3.6193134412234085","15","true","1478","3.78942108350649","5","true","1478","4.818259187016015","25","true","1478","3.8437251573788647","35","true","1478","6.35061824859516","45","true","1478","5.931848717784941","65","true","1478","3.0145328331005463","75","true","1478","2.82499762456695","95","true","1478","5.799492306775575","105","true","1478","5.885437443538016","115","true","1478","3.3523393055427873","125","true","1478","6.368281441293982","135","true"
"1479","5.942523165953843","0","true","1479","3.025040497995561","85","true","1479","3.688901420498363","55","true","1479","3.6168679591685278","15","true","1479","3.786860663855472","5","true","1479","4.815003606484248","25","true","1479","3.841128045786041","35","true","1479","6.346327290319082","45","true","1479","5.928309644225796","65","true","1479","3.0124959865916945","75","true","1479","2.8230888423881884","95","true","1479","5.7955737308926185","105","true","1479","5.881460796616706","115","true","1479","3.3500742114174207","125","true","1479","6.363978548428244","135","true"
"1480","5.938510658751984","0","true","1480","3.0229979318254085","85","true","1480","3.6864106025236847","55","true","1480","3.6144257795877253","15","true","1480","3.7843037018947325","5","true","1480","4.811752422415048","25","true","1480","3.8385344414337212","35","true","1480","6.342042126719948","45","true","1480","5.924306734270208","65","true","1480","3.010461890719587","75","true","1480","2.8211826379031186","95","true","1480","5.7916604468069375","105","true","1480","5.877489519914061","115","true","1480","3.347812176163256","125","true","1480","6.359681466356381","135","true"
"1481","5.9345035665395995","0","true","1481","3.0209581221548114","85","true","1481","3.6839231459767725","55","true","1481","3.6119868957958308","15","true","1481","3.781750190624898","5","true","1481","4.808505625908696","25","true","1481","3.8359443372222275","35","true","1481","6.337762746067639","45","true","1481","5.920777525846441","65","true","1481","3.0084305399161324","75","true","1481","2.8192790058937374","95","true","1481","5.787752443806394","105","true","1481","5.873523602559193","115","true","1481","3.345553193588247","125","true","1481","6.355390183315654","135","true"
"1482","5.930501878362567","0","true","1482","3.0189210634075727","85","true","1482","3.681439044057705","55","true","1482","3.6095513011257054","15","true","1482","3.7792001230654746","5","true","1482","4.805263208089472","25","true","1482","3.8333577260710325","35","true","1482","6.333489136663683","45","true","1482","5.916785093259897","65","true","1482","3.006401928628259","75","true","1482","2.8173779411561153","95","true","1482","5.783849711207738","105","true","1482","5.869563033710536","115","true","1482","3.3432972575170483","125","true","1482","6.3511046875750505","135","true"
"1483","5.926505583296285","0","true","1483","3.016886750022527","85","true","1483","3.67895828998489","55","true","1483","3.6071189889281814","15","true","1483","3.776653492254783","5","true","1483","4.802025160105584","25","true","1483","3.8307746009186934","35","true","1483","6.3292212868411335","45","true","1483","5.913265709672961","65","true","1483","3.0043760513178626","75","true","1483","2.8154794385003497","95","true","1483","5.779952238356519","105","true","1483","5.865607802555744","115","true","1483","3.3410443617909587","125","true","1483","6.346824967435175","135","true"
"1484","5.92251467044558","0","true","1484","3.0148551764534885","85","true","1484","3.6764808769950013","55","true","1484","3.604689952572001","15","true","1484","3.774110291249898","5","true","1484","4.798791473129082","25","true","1484","3.8281949547227887","35","true","1484","6.324959184964473","45","true","1484","5.909283712562071","65","true","1484","3.002352902461756","75","true","1484","2.8135834927505177","95","true","1484","5.776060014626987","105","true","1484","5.8616578983115994","115","true","1484","3.3387945002678667","125","true","1484","6.3425510112281485","135","true"
"1485","5.918529128944607","0","true","1485","3.0128263371691992","85","true","1485","3.6740067983429183","55","true","1485","3.602264185443756","15","true","1485","3.7715705131265804","5","true","1485","4.795562138355779","25","true","1485","3.8256187804598527","35","true","1485","6.320702819429504","45","true","1485","5.905774113731442","65","true","1485","3.0003324765516206","75","true","1485","2.811690098744629","95","true","1485","5.772173029421989","105","true","1485","5.8577133102239065","115","true","1485","3.336547666822195","125","true","1485","6.338282807317497","135","true"
"1486","5.91454894795675","0","true","1486","3.010800226653282","85","true","1486","3.671536047301666","55","true","1486","3.599841680947829","15","true","1486","3.769034150979219","5","true","1486","4.79233714700517","25","true","1486","3.8230460711253134","35","true","1486","6.316452178663242","45","true","1486","5.901899583976265","65","true","1486","2.998314768093953","75","true","1486","2.809799251334579","95","true","1486","5.768291272172882","105","true","1486","5.8537740275674","115","true","1486","3.3343038553448436","125","true","1486","6.334020344098049","135","true"
"1487","5.910574116674521","0","true","1487","3.008776839404187","85","true","1487","3.66906861716235","55","true","1487","3.5974224325063315","15","true","1487","3.766501197920765","5","true","1487","4.789116490320354","25","true","1487","3.820476819733428","35","true","1487","6.3122072511238185","45","true","1487","5.898302656488691","65","true","1487","2.996299771610019","75","true","1487","2.8079109453861015","95","true","1487","5.764414732339432","105","true","1487","5.849840039645648","115","true","1487","3.3320630597431333","125","true","1487","6.329763609995833","135","true"
"1488","5.906604624319468","0","true","1488","3.0067561699351444","85","true","1488","3.6666045012341013","55","true","1488","3.595006433559047","15","true","1488","3.763971647082672","5","true","1488","4.785900159567956","25","true","1488","3.8179110193172203","35","true","1488","6.307968025300364","45","true","1488","5.894341405544105","65","true","1488","2.9942874816358014","75","true","1488","2.806025175778723","95","true","1488","5.7605433994097215","105","true","1488","5.84591133579095","115","true","1488","3.3298252739407537","125","true","1488","6.325512593467965","135","true"
"1489","5.902640460142072","0","true","1489","3.0047382127741145","85","true","1489","3.664143692844011","55","true","1489","3.59259367756337","15","true","1489","3.761445491614831","5","true","1489","4.782688146038045","25","true","1489","3.815348662928417","35","true","1489","6.303734489712914","45","true","1489","5.890754378750094","65","true","1489","2.9922778927219515","75","true","1489","2.8041419374057175","95","true","1489","5.75667726290005","105","true","1489","5.8419879053642445","115","true","1489","3.3275904918777064","125","true","1489","6.32126728300255","135","true"
"1490","5.898681613421655","0","true","1490","3.002722962463736","85","true","1490","3.6616861853370737","55","true","1490","3.5901841579942464","15","true","1490","3.758922724685512","5","true","1490","4.779480441044056","25","true","1490","3.812789743637385","35","true","1490","6.299506632912301","45","true","1490","5.886803503915251","65","true","1490","2.9902709994337413","75","true","1490","2.802261225174057","95","true","1490","5.752816312354846","105","true","1490","5.8380697377550135","115","true","1490","3.3253587075102495","125","true","1490","6.317027667118578","135","true"
"1491","5.894728073466278","0","true","1491","3.0007104135612805","85","true","1491","3.6592319720761237","55","true","1491","3.587777868344116","15","true","1491","3.7564033394812992","5","true","1491","4.776277035922712","25","true","1491","3.8102342545330705","35","true","1491","6.295284443480055","45","true","1491","5.8832263376810365","65","true","1491","2.988266796351011","75","true","1491","2.800383034004369","95","true","1491","5.748960537346565","105","true","1491","5.834156822381183","115","true","1491","3.323129914810846","125","true","1491","6.312793734365818","135","true"
"1492","5.890779829612651","0","true","1492","2.9987005606386004","85","true","1492","3.6567810464417794","55","true","1492","3.585374802122854","15","true","1492","3.753887329207032","5","true","1492","4.773077922033949","25","true","1492","3.8076821887229344","35","true","1492","6.291067910028294","45","true","1492","5.879285797602214","65","true","1492","2.986265278068123","75","true","1492","2.79850735883089","95","true","1492","5.745109927475603","105","true","1492","5.830249148689032","115","true","1492","3.320904107768106","125","true","1492","6.308565473324715","135","true"
"1493","5.886836871226029","0","true","1493","2.996693398282082","85","true","1493","3.6543334018323805","55","true","1493","3.5829749528577115","15","true","1493","3.751374687085742","5","true","1493","4.7698830907608345","25","true","1493","3.8051335393328922","35","true","1493","6.286857021199626","45","true","1493","5.875718452009754","65","true","1493","2.9842664391939144","75","true","1493","2.796634194601418","95","true","1493","5.741264472370197","105","true","1493","5.826346706153095","115","true","1493","3.3186812803867354","125","true","1493","6.304342872606292","135","true"
"1494","5.882899187700125","0","true","1494","2.9946889210925955","85","true","1494","3.6518890316639308","55","true","1494","3.5805783140932586","15","true","1494","3.748865406358594","5","true","1494","4.76669253350949","25","true","1494","3.8025882995072515","35","true","1494","6.282651765667051","45","true","1494","5.87178820555356","65","true","1494","2.9822702743516443","75","true","1494","2.7947635362772703","95","true","1494","5.737424161686338","105","true","1494","5.82244948427607","115","true","1494","3.31646142668748","125","true","1494","6.30012592085204","135","true"
"1495","5.87896676845701","0","true","1495","2.992687123685448","85","true","1495","3.649447929370038","55","true","1495","3.5781848793913245","15","true","1495","3.7463594802848252","5","true","1495","4.763506241709015","25","true","1495","3.8000464624086505","35","true","1495","6.278452132133851","45","true","1495","5.868230640899091","65","true","1495","2.980276778178949","75","true","1495","2.7928953788332347","95","true","1495","5.73358898510767","105","true","1495","5.8185574725887195","115","true","1495","3.3142445407070737","125","true","1495","6.295914606733824","135","true"
"1496","5.875039602947019","0","true","1496","2.990688000690334","85","true","1496","3.647010088401855","55","true","1496","3.575794642330943","15","true","1496","3.7438569021416823","5","true","1496","4.760324206811414","25","true","1496","3.797508021217997","35","true","1496","6.274258109333495","45","true","1496","5.864310647150995","65","true","1496","2.9782859453277943","75","true","1496","2.7910297172575276","95","true","1496","5.7297589323454075","105","true","1496","5.814670660649782","115","true","1496","3.3120306164981845","125","true","1496","6.291708918953774","135","true"
"1497","5.8711176806486565","0","true","1497","2.9886915467512885","85","true","1497","3.644575502228022","55","true","1497","3.573407596508292","15","true","1497","3.7413576652243647","5","true","1497","4.757146420291513","25","true","1497","3.7949729691344065","35","true","1497","6.270069686029534","45","true","1497","5.860762823943595","65","true","1497","2.9762977704644245","75","true","1497","2.789166546551748","95","true","1497","5.725933993138234","105","true","1497","5.810789038045877","115","true","1497","3.309819648129361","125","true","1497","6.287508846244192","135","true"
"1498","5.867200991068504","0","true","1498","2.986697756526638","85","true","1498","3.6421441643346077","55","true","1498","3.5710237355366385","15","true","1498","3.738861762845963","5","true","1498","4.753972873646889","25","true","1498","3.792441299375144","35","true","1498","6.265886851015505","45","true","1498","5.856853042206475","65","true","1498","2.9743122482693183","75","true","1498","2.7873058617308333","95","true","1498","5.722114157252218","105","true","1498","5.80691259439141","115","true","1498","3.307611629684978","125","true","1498","6.283314377367445","135","true"
"1499","5.863289523741125","0","true","1499","2.9847066246889535","85","true","1499","3.6397160682250513","55","true","1499","3.568643053046281","15","true","1499","3.736369188337399","5","true","1499","4.7508035583977914","25","true","1499","3.7899130051755607","35","true","1499","6.261709593114828","45","true","1499","5.853314921166649","65","true","1499","2.9723293734371388","75","true","1499","2.7854476578230125","95","true","1499","5.718299414480716","105","true","1499","5.803041319328483","115","true","1499","3.305406555265188","125","true","1499","6.279125501115867","135","true"
"1500","5.859383268228972","0","true","1500","2.9827181459250034","85","true","1500","3.6372912074201045","55","true","1500","3.566265542684491","15","true","1500","3.7338799350473675","5","true","1500","4.747638466087067","25","true","1500","3.7873880797890345","35","true","1500","6.257537901180707","45","true","1500","5.849415310959342","65","true","1500","2.9703491406766878","75","true","1500","2.783591929869766","95","true","1500","5.714489754644287","105","true","1500","5.799175202526799","115","true","1500","3.3032044189858643","125","true","1500","6.274942206311659","135","true"
"1501","5.855482214122295","0","true","1501","2.980732314935706","85","true","1501","3.634869575457774","55","true","1501","3.5638911981154604","15","true","1501","3.731393996342276","5","true","1501","4.744477588280084","25","true","1501","3.7848665164869115","35","true","1501","6.253371764096033","45","true","1501","5.845886853017603","65","true","1501","2.9683715447108576","75","true","1501","2.781738672925778","95","true","1501","5.710685167590596","105","true","1501","5.7953142336835715","115","true","1501","3.30100521497855","125","true","1501","6.270764481806791","135","true"
"1502","5.851586351039047","0","true","1502","2.9787491264360813","85","true","1502","3.6324511658932646","55","true","1502","3.5615200130202402","15","true","1502","3.7289113656061867","5","true","1502","4.7413209165646615","25","true","1502","3.782348308558444","35","true","1502","6.249211170773282","45","true","1502","5.84199737407348","65","true","1502","2.9663965802765855","75","true","1502","2.779887882058895","95","true","1502","5.706885643194328","105","true","1502","5.791458402523436","115","true","1502","3.2988089373904073","125","true","1502","6.2665923164829005","135","true"
"1503","5.847695668624792","0","true","1503","2.9767685751552064","85","true","1503","3.630035972298921","55","true","1503","3.5591519810966896","15","true","1503","3.726432036240757","5","true","1503","4.738168442550989","25","true","1503","3.779833449310732","35","true","1503","6.245056110154416","45","true","1503","5.838478540368954","65","true","1503","2.9644242421248057","75","true","1503","2.778039552350079","95","true","1503","5.703091171357098","105","true","1503","5.787607698798354","115","true","1503","3.296615580384164","125","true","1503","6.262425699251197","135","true"
"1504","5.843810156552616","0","true","1504","2.9747906558361663","85","true","1504","3.6276239882641708","55","true","1504","3.5567870960594163","15","true","1504","3.7239560016651816","5","true","1504","4.735020157871553","25","true","1504","3.777321932068665","35","true","1504","6.240906571210792","45","true","1504","5.83459915263449","65","true","1504","2.962454525020404","75","true","1504","2.776193678893368","95","true","1504","5.699301742007359","105","true","1504","5.7837621122875245","115","true","1504","3.2944251381380614","125","true","1504","6.258264619052358","135","true"
"1505","5.839929804523033","0","true","1505","2.9728153632360095","85","true","1505","3.625215207395469","55","true","1505","3.554425351639722","15","true","1505","3.7214832553161346","5","true","1505","4.731876054181067","25","true","1505","3.7748137501748613","35","true","1505","6.2367625429430555","45","true","1505","5.8310899045135285","65","true","1505","2.96048742374217","75","true","1505","2.774350256795829","95","true","1505","5.695517345100315","105","true","1505","5.7799216327972935","115","true","1505","3.292237604845805","125","true","1505","6.254109064856441","135","true"
"1506","5.836054602263893","0","true","1506","2.9708426921257","85","true","1506","3.622809623316242","55","true","1506","3.5520667415855485","15","true","1506","3.71901379064771","5","true","1506","4.728736123156395","25","true","1506","3.772308896989609","35","true","1506","6.23262401438105","45","true","1506","5.827220568146897","65","true","1506","2.9585229330827527","75","true","1506","2.7725092811775176","95","true","1506","5.691737970617833","105","true","1506","5.776086250161065","115","true","1506","3.2900529747165113","125","true","1506","6.249959025662774","135","true"
"1507","5.832184539530297","0","true","1507","2.9688726372900733","85","true","1507","3.620407229666828","55","true","1507","3.5497112596614198","15","true","1507","3.716547601131365","5","true","1507","4.725600356496477","25","true","1507","3.76980736589081","35","true","1507","6.228490974583715","45","true","1507","5.823720867161698","65","true","1507","2.956561047848613","75","true","1507","2.7706707471714314","95","true","1507","5.687963608568352","105","true","1507","5.772255954239207","115","true","1507","3.2878712419746567","125","true","1507","6.245814490499868","135","true"
"1508","5.828319606104498","0","true","1508","2.966905193527787","85","true","1508","3.6180080201044245","55","true","1508","3.5473588996483905","15","true","1508","3.714084680255864","5","true","1508","4.722468745922257","25","true","1508","3.7673091502739173","35","true","1508","6.2243634126389935","45","true","1508","5.819861542531372","65","true","1508","2.954601762859979","75","true","1508","2.7688346499234715","95","true","1508","5.684194248986796","105","true","1508","5.76843073491897","115","true","1508","3.285692400860028","125","true","1508","6.2416754484253145","135","true"
"1509","5.824459791795819","0","true","1509","2.9649403556512786","85","true","1509","3.615611988303031","55","true","1509","3.545009655343988","15","true","1509","3.7116250215272175","5","true","1509","4.719341283176614","25","true","1509","3.7648142435518817","35","true","1509","6.220241317663736","45","true","1509","5.816371350438614","65","true","1509","2.9526450729508","75","true","1509","2.7670009845923964","95","true","1509","5.6804298819344865","105","true","1509","5.764610582114387","115","true","1509","3.2835164456276704","125","true","1509","6.237541888525695","135","true"
"1510","5.820605086440561","0","true","1510","2.9629781184867174","85","true","1510","3.613219127953393","55","true","1510","3.5426635205621584","15","true","1510","3.709168618468629","5","true","1510","4.71621796002428","25","true","1510","3.76232263915509","35","true","1510","6.2161246788036015","45","true","1510","5.8125219981219765","65","true","1510","2.9506909729687014","75","true","1510","2.765169746349781","95","true","1510","5.676670497499057","105","true","1510","5.760795485766198","115","true","1510","3.2813433705478374","125","true","1510","6.233413799916479","135","true"
"1511","5.81675547990191","0","true","1511","2.961018476873962","85","true","1511","3.6108294327629475","55","true","1511","3.540320489133215","15","true","1511","3.7067154646204354","5","true","1511","4.713098768251777","25","true","1511","3.75983433053131","35","true","1511","6.212013485232964","45","true","1511","5.809041276881464","65","true","1511","2.948739457774939","75","true","1511","2.7633409303799725","95","true","1511","5.672916085794362","105","true","1511","5.756985435841749","115","true","1511","3.2791731699059405","125","true","1511","6.229291171741931","135","true"
"1512","5.812910962069853","0","true","1512","2.9590614256665106","85","true","1512","3.608442896455768","55","true","1512","3.5379805549037813","15","true","1512","3.704265553540052","5","true","1512","4.709983699667341","25","true","1512","3.757349311145632","35","true","1512","6.2079077261548194","45","true","1512","5.805201857663433","65","true","1512","2.9467905222443544","75","true","1512","2.761514531880052","95","true","1512","5.6691666369603935","105","true","1512","5.753180422334914","115","true","1512","3.2770058380025","125","true","1512","6.225173993175017","135","true"
"1513","5.809071522861088","0","true","1513","2.95710695973146","85","true","1513","3.6060595127725077","55","true","1513","3.535643711736738","15","true","1513","3.7018188788019146","5","true","1513","4.70687274610085","25","true","1513","3.7548675744804103","35","true","1513","6.203807390800688","45","true","1513","5.80173056943675","65","true","1513","2.944844161265329","75","true","1513","2.759690546059788","95","true","1513","5.6654221411631935","105","true","1513","5.7493804352660005","115","true","1513","3.274841369153093","125","true","1513","6.221062253417305","135","true"
"1514","5.805237152218935","0","true","1514","2.955155073949459","85","true","1514","3.6036792754703475","55","true","1514","3.533309953511169","15","true","1514","3.699375433997425","5","true","1514","4.703765899403754","25","true","1514","3.7523891140352084","35","true","1514","6.199712468430523","45","true","1514","5.79790104430841","65","true","1514","2.9429003697397413","75","true","1514","2.7578689681415964","95","true","1514","5.661682588594769","105","true","1514","5.745585464681667","115","true","1514","3.272679757688305","125","true","1514","6.2169559416988776","135","true"
"1515","5.80140784011325","0","true","1515","2.953205763214664","85","true","1515","3.60130217832294","55","true","1515","3.5309792741223096","15","true","1515","3.6969352127348936","5","true","1515","4.700663151449002","25","true","1515","3.749913923326742","35","true","1515","6.1956229483326135","45","true","1515","5.79443915145759","65","true","1515","2.940959142582921","75","true","1515","2.7560497933605004","95","true","1515","5.657947969473005","105","true","1515","5.741795500654832","115","true","1515","3.2705209979536822","125","true","1515","6.212855047278232","135","true"
"1516","5.797583576540334","0","true","1516","2.9512590224346935","85","true","1516","3.598928215120354","55","true","1516","3.5286516674814905","15","true","1516","3.694498208639485","5","true","1516","4.697564494130973","25","true","1516","3.7474419958888205","35","true","1516","6.191538819823495","45","true","1516","5.790619481614836","65","true","1516","2.9390204747236046","75","true","1516","2.7542330169640863","95","true","1516","5.654218274041579","105","true","1516","5.738010533284591","115","true","1516","3.2683650843096785","125","true","1516","6.208759559442188","135","true"
"1517","5.79376435152285","0","true","1517","2.9493148465305863","85","true","1517","3.596557379669023","55","true","1517","3.5263271275160877","15","true","1517","3.692064415353161","5","true","1517","4.694469919365407","25","true","1517","3.744973325272293","35","true","1517","6.187460072247854","45","true","1517","5.787166946701037","65","true","1517","2.937084361103892","75","true","1517","2.752418634212463","95","true","1517","5.650493492569878","105","true","1517","5.73423055269613","115","true","1517","3.266212011131609","125","true","1517","6.204669467505797","135","true"
"1518","5.789950155109735","0","true","1518","2.947373230436755","85","true","1518","3.59418966579169","55","true","1518","3.5240056481694677","15","true","1518","3.689633826534627","5","true","1518","4.691379419089326","25","true","1518","3.7425079050449908","35","true","1518","6.183386694978434","45","true","1518","5.783452122093453","65","true","1518","2.9351507966792023","75","true","1518","2.750606640378222","95","true","1518","5.646773615352913","105","true","1518","5.730455549040635","115","true","1518","3.2640617728095997","125","true","1518","6.200584760812244","135","true"
"1519","5.78614097737611","0","true","1519","2.945434169100941","85","true","1519","3.591825067327353","55","true","1519","3.521687223400935","15","true","1519","3.6872064358592755","5","true","1519","4.688292985260978","25","true","1519","3.7400457287916717","35","true","1519","6.1793186774159485","45","true","1519","5.779913879325422","65","true","1519","2.933219776418229","75","true","1519","2.748797030746394","95","true","1519","5.6430586327112335","105","true","1519","5.726685512495213","115","true","1519","3.261914363748541","125","true","1519","6.196505428732763","135","true"
"1520","5.7823368084232","0","true","1520","2.943497657484175","85","true","1520","3.5894635781312143","55","true","1520","3.519371847185681","15","true","1520","3.684782237019131","5","true","1520","4.685210609859754","25","true","1520","3.737586790113965","35","true","1520","6.175256008988982","45","true","1520","5.77611380445407","65","true","1520","2.931291295302898","75","true","1520","2.746989800614411","95","true","1520","5.6393485349908445","105","true","1520","5.722920433262804","115","true","1520","3.2597697783680357","125","true","1520","6.192431460666535","135","true"
"1521","5.778537638378244","0","true","1521","2.9415636905607294","85","true","1521","3.5871051920746235","55","true","1521","3.5170595135147313","15","true","1521","3.682361223722798","5","true","1521","4.682132284886128","25","true","1521","3.735131082630316","35","true","1521","6.171198679153904","45","true","1521","5.772585032647389","65","true","1521","2.9293653483283233","75","true","1521","2.7451849452920625","95","true","1521","5.635643312563124","105","true","1521","5.719160301572092","115","true","1521","3.2576280111023537","125","true","1521","6.188362846040604","135","true"
"1522","5.77474345739441","0","true","1522","2.9396322633180763","85","true","1522","3.5847499030450276","55","true","1522","3.5147502163948925","15","true","1522","3.679943389695403","5","true","1522","4.679058002361581","25","true","1522","3.7326785999759298","35","true","1522","6.167146677394775","45","true","1522","5.768794760137443","65","true","1522","2.9274419305027632","75","true","1522","2.743382460101457","95","true","1522","5.631942955824737","105","true","1522","5.715405107677429","115","true","1522","3.2554890564003824","125","true","1522","6.184299574309783","135","true"
"1523","5.770954255650714","0","true","1523","2.937703370756844","85","true","1523","3.5823977049459166","55","true","1523","3.5124439498487017","15","true","1523","3.6775287286785425","5","true","1523","4.675987754328535","25","true","1523","3.730229335802717","35","true","1523","6.1630999932232555","45","true","1523","5.7652754217874085","65","true","1523","2.9255210368475777","75","true","1523","2.741582340376981","95","true","1523","5.628247455197556","105","true","1523","5.711654841858743","115","true","1523","3.253352908725579","125","true","1523","6.180241634956562","135","true"
"1524","5.767170023351926","0","true","1524","2.935777007890774","85","true","1524","3.5800485916967717","55","true","1524","3.5101407079143745","15","true","1524","3.6751172344302288","5","true","1524","4.672921532850286","25","true","1524","3.72778328377924","35","true","1524","6.15905861617852","45","true","1524","5.761494913314105","65","true","1524","2.923602662397186","75","true","1524","2.7397845814652584","95","true","1524","5.624556801128573","105","true","1524","5.707909494421459","115","true","1524","3.251219562555923","125","true","1524","6.176189017491017","135","true"
"1525","5.763390750728497","0","true","1525","2.9338531697466776","85","true","1525","3.577702557233012","55","true","1525","3.5078404846457545","15","true","1525","3.6727089007248352","5","true","1525","4.669859330010935","25","true","1525","3.725340437590656","35","true","1525","6.1550225358271575","45","true","1525","5.757984971113169","65","true","1525","2.9216868021990225","75","true","1525","2.7379891787251105","95","true","1525","5.6208709840898265","105","true","1525","5.704169055696412","115","true","1525","3.249089012383868","125","true","1525","6.17214171145072","135","true"
"1526","5.759616428036468","0","true","1526","2.9319318513643946","85","true","1526","3.5753595955059443","55","true","1526","3.5055432741122603","15","true","1526","3.670303721353044","5","true","1526","4.666801137915315","25","true","1526","3.722900790938665","35","true","1526","6.150991741763092","45","true","1526","5.754214188551863","65","true","1526","2.9197734513134956","75","true","1526","2.736196127527517","95","true","1526","5.6171899945783075","105","true","1526","5.700433516039768","115","true","1526","3.2469612527162948","125","true","1526","6.168099706400655","135","true"
"1527","5.7558470455573865","0","true","1527","2.9300130477967476","85","true","1527","3.5730197004827073","55","true","1527","3.503249070398836","15","true","1527","3.6679016901217922","5","true","1527","4.663746948688932","25","true","1527","3.7204643375414537","35","true","1527","6.146966223607488","45","true","1527","5.750713605388338","65","true","1527","2.917862604813945","75","true","1527","2.7344054232555752","95","true","1527","5.613513823115887","105","true","1527","5.696702865832935","115","true","1527","3.244836278074465","125","true","1527","6.164062991933116","135","true"
"1528","5.752082593598225","0","true","1528","2.9280967541095033","85","true","1528","3.570682866146224","55","true","1528","3.5009578676059","15","true","1528","3.6655028008542176","5","true","1528","4.660696754477885","25","true","1528","3.7180310711336437","35","true","1528","6.14294597100866","45","true","1528","5.746952510813198","65","true","1528","2.915954257786598","75","true","1528","2.7326170613044596","95","true","1528","5.609842460249231","105","true","1528","5.6929770954824885","115","true","1528","3.2427140829939716","125","true","1528","6.160031557667626","135","true"
"1529","5.748323062491298","0","true","1529","2.926182965381327","85","true","1529","3.5683490864951484","55","true","1529","3.498669659849295","15","true","1529","3.663107047389607","5","true","1529","4.657650547448815","25","true","1529","3.715600985466236","35","true","1529","6.138930973641988","45","true","1529","5.743461249769977","65","true","1529","2.914048405330528","75","true","1529","2.730831037081385","95","true","1529","5.606175896549722","105","true","1529","5.689256195420081","115","true","1529","3.2405946620246944","125","true","1529","6.15600539325085","135","true"
"1530","5.744568442594178","0","true","1530","2.924271676703743","85","true","1530","3.5660183555438123","55","true","1530","3.496384441260236","15","true","1530","3.660714423583343","5","true","1530","4.654608319788823","25","true","1530","3.7131740743065587","35","true","1530","6.134921221209825","45","true","1530","5.739709805452688","65","true","1530","2.9121450425576145","75","true","1530","2.729047346005564","95","true","1530","5.602514122613374","105","true","1530","5.685540156102368","115","true","1530","3.238478009730753","125","true","1530","6.151984488356499","135","true"
"1531","5.740818724289613","0","true","1531","2.92236288318109","85","true","1531","3.563690667322178","55","true","1531","3.494102205985262","15","true","1531","3.6583249233068527","5","true","1531","4.651570063705409","25","true","1531","3.710750331438212","35","true","1531","6.130916703441411","45","true","1531","5.736227829805973","65","true","1531","2.910244164592499","75","true","1531","2.7272659835081714","95","true","1531","5.598857129060754","105","true","1531","5.681828968010917","115","true","1531","3.2363641206904585","125","true","1531","6.147968832685248","135","true"
"1532","5.737073897985445","0","true","1532","2.920456579930483","85","true","1532","3.561366015875784","55","true","1532","3.4918229481861847","15","true","1532","3.655938540447553","5","true","1532","4.648535771426411","25","true","1532","3.708329750661018","35","true","1532","6.126917410092787","45","true","1532","5.7324859982144485","65","true","1532","2.908345766572543","75","true","1532","2.725486945032302","95","true","1532","5.595204906536905","105","true","1532","5.678122621652136","115","true","1532","3.2342529894962704","125","true","1532","6.1439584159646445","135","true"
"1533","5.733333954114529","0","true","1533","2.9185527620817666","85","true","1533","3.5590443952656954","55","true","1533","3.48954666204004","15","true","1533","3.6535552689087996","5","true","1533","4.645505435199926","25","true","1533","3.7059123257909654","35","true","1533","6.122923330946703","45","true","1533","5.729013271432486","65","true","1533","2.906449843647789","75","true","1533","2.723710226032933","95","true","1533","5.591557445711262","105","true","1533","5.674421107557187","115","true","1533","3.232144610754747","125","true","1533","6.1399532279490225","135","true"
"1534","5.72959888313465","0","true","1534","2.916651424777479","85","true","1534","3.556725799568454","55","true","1534","3.4872733417390367","15","true","1534","3.651175102609836","5","true","1534","4.642479047294259","25","true","1534","3.703498050660157","35","true","1534","6.118934455812536","45","true","1534","5.725281015229599","65","true","1534","2.9045563909809173","75","true","1534","2.721935821976885","95","true","1534","5.587914737277574","105","true","1534","5.670724416281906","115","true","1534","3.230038979086503","125","true","1534","6.135953258419414","135","true"
"1535","5.725868675528442","0","true","1535","2.914752563172806","85","true","1535","3.5544102228760264","55","true","1535","3.4850029814905086","15","true","1535","3.648798035485741","5","true","1535","4.639456599997843","25","true","1535","3.7010869191167584","35","true","1535","6.114950774526199","45","true","1535","5.721732548254341","65","true","1535","2.9026654037472057","75","true","1535","2.7201637283427855","95","true","1535","5.584276771953824","105","true","1535","5.667032538406722","115","true","1535","3.2279360891261604","125","true","1535","6.131958497183463","135","true"
"1536","5.72214332180331","0","true","1536","2.9128561724355433","85","true","1536","3.552097659295756","55","true","1536","3.4827355755168647","15","true","1536","3.646424061487377","5","true","1536","4.636438085619185","25","true","1536","3.698678925024945","35","true","1536","6.11097227695006","45","true","1536","5.718009885568424","65","true","1536","2.900776877134488","75","true","1536","2.718393940621027","95","true","1536","5.580643540482157","105","true","1536","5.66334546453658","115","true","1536","3.2258359355223045","125","true","1536","6.127968934075342","135","true"
"1537","5.718422812491344","0","true","1537","2.9109622477460535","85","true","1537","3.54978810295031","55","true","1537","3.4804711180555405","15","true","1537","3.6440531745813383","5","true","1537","4.633423496486793","25","true","1537","3.696274062264851","35","true","1537","6.106998952972849","45","true","1537","5.714470760637127","65","true","1537","2.8988908063431134","75","true","1537","2.7166264543137313","95","true","1537","5.577015033628787","105","true","1537","5.659663185300861","115","true","1537","3.2237385129374396","125","true","1537","6.123984558955657","135","true"
"1538","5.714707138149245","0","true","1538","2.9090707842972257","85","true","1538","3.547481547977633","55","true","1538","3.4782096033589482","15","true","1538","3.6416853687499016","5","true","1538","4.630412824949114","25","true","1538","3.6938723247325154","35","true","1538","6.103030792509579","45","true","1538","5.710757654229956","65","true","1538","2.8970071865859053","75","true","1538","2.71486126493471","95","true","1538","5.573391242183934","105","true","1538","5.6559856913532975","115","true","1538","3.221643816047942","125","true","1538","6.120005361711371","135","true"
"1539","5.710996289358238","0","true","1539","2.907181777294435","85","true","1539","3.545177988530894","55","true","1539","3.4759510256944295","15","true","1539","3.639320637990973","5","true","1539","4.627406063374472","25","true","1539","3.6914737063398317","35","true","1539","6.099067785501456","45","true","1539","5.7072278348059315","65","true","1539","2.895126013088122","75","true","1539","2.713098368009428","95","true","1539","5.569772156961737","105","true","1539","5.652312973371899","115","true","1539","3.2195518395440144","125","true","1539","6.116031332255714","135","true"
"1540","5.7072902567240025","0","true","1540","2.905295221955503","85","true","1540","3.5428774187784406","55","true","1540","3.473695379344206","15","true","1540","3.636958976318039","5","true","1540","4.6244032041509975","25","true","1540","3.689078201014498","35","true","1540","6.095109921915796","45","true","1540","5.703524247632145","65","true","1540","2.893247281087416","75","true","1540","2.7113377590749637","95","true","1540","5.566157768800179","105","true","1540","5.648645022058874","115","true","1540","3.2174625781296444","125","true","1540","6.112062460528098","135","true"
"1541","5.70358903087658","0","true","1541","2.9034111135106553","85","true","1541","3.540579832903746","55","true","1541","3.4714426586053317","15","true","1541","3.634600377760116","5","true","1541","4.6214042396865675","25","true","1541","3.686685802699962","35","true","1541","6.091157191745942","45","true","1541","5.700003697368592","65","true","1541","2.8913709858337926","75","true","1541","2.7095794336799734","95","true","1541","5.562548068561008","105","true","1541","5.644981828140548","115","true","1541","3.2153760265225566","125","true","1541","6.108098736494034","135","true"
"1542","5.699892602470309","0","true","1542","2.901529447202482","85","true","1542","3.5382852251053643","55","true","1542","3.4691928577896443","15","true","1542","3.6322448363616973","5","true","1542","4.61840916240874","25","true","1542","3.6842965053553733","35","true","1542","6.087209585011174","45","true","1542","5.696309592574445","65","true","1542","2.889497122589571","75","true","1542","2.7078233873846527","95","true","1542","5.558943047129667","105","true","1542","5.641323382367288","115","true","1542","3.213292179454169","125","true","1542","6.104140150145042","135","true"
"1543","5.6962009621837355","0","true","1543","2.8996502182859003","85","true","1543","3.535993589596876","55","true","1543","3.4669459712237183","15","true","1543","3.6298923461827064","5","true","1543","4.615417964764694","25","true","1543","3.6819103029555316","35","true","1543","6.083267091756634","45","true","1543","5.692798275313214","65","true","1543","2.887625686629345","75","true","1543","2.7060696157606987","95","true","1543","5.555342695415204","105","true","1543","5.637669675513423","115","true","1543","3.2112110316695484","125","true","1543","6.100186691498575","135","true"
"1544","5.692514100719539","0","true","1544","2.89777342202811","85","true","1544","3.5337049206068456","55","true","1544","3.4647019932488163","15","true","1544","3.6275429012984457","5","true","1544","4.612430639221157","25","true","1544","3.6795271894908357","35","true","1544","6.079329702053231","45","true","1544","5.689113616235341","65","true","1544","2.8857566732399405","75","true","1544","2.7043181143912745","95","true","1544","5.551747004350211","105","true","1544","5.634020698377168","115","true","1544","3.209132577927367","125","true","1544","6.096238350597929","135","true"
"1545","5.688832008804455","0","true","1545","2.8958990537085576","85","true","1545","3.531419212378769","55","true","1545","3.4624609182208417","15","true","1545","3.625196495799546","5","true","1545","4.609447178264351","25","true","1545","3.677147158967232","35","true","1545","6.0753974059975695","45","true","1545","5.6856114960057145","65","true","1545","2.8838900777203804","75","true","1545","2.7025688788709696","95","true","1545","5.548155964890734","105","true","1545","5.630376441780546","115","true","1545","3.207056812999859","125","true","1545","6.09229511751216","135","true"
"1546","5.685154677189197","0","true","1546","2.8940271086188947","85","true","1546","3.529136459171026","55","true","1546","3.4602227405102917","15","true","1546","3.622853123791919","5","true","1546","4.606467574399927","25","true","1546","3.6747702054061673","35","true","1546","6.071470193711856","45","true","1546","5.6819362461699","65","true","1546","2.882025895381841","75","true","1546","2.7008219048057653","95","true","1546","5.544569568016208","105","true","1546","5.626736896569311","115","true","1546","3.2049837316727747","125","true","1546","6.0883569823360055","135","true"
"1547","5.681482096648376","0","true","1547","2.8921575820629393","85","true","1547","3.5268566552568323","55","true","1547","3.4579874545022102","15","true","1547","3.6205127793967047","5","true","1547","4.6034918201528985","25","true","1547","3.6723963228445355","35","true","1547","6.067548055343826","45","true","1547","5.678443287187383","65","true","1547","2.8801641215476153","75","true","1547","2.6990771878129967","95","true","1547","5.540987804729377","105","true","1547","5.623102053612871","115","true","1547","3.2029133287453373","125","true","1547","6.084423935189793","135","true"
"1548","5.6778142579804305","0","true","1548","2.890290469356637","85","true","1548","3.524579794924194","55","true","1548","3.4557550545961404","15","true","1548","3.618175456750225","5","true","1548","4.600519908067583","25","true","1548","3.6700255053346296","35","true","1548","6.063630981066651","45","true","1548","5.674777410307339","65","true","1548","2.8783047515530717","75","true","1548","2.6973347235213163","95","true","1548","5.537410666056214","105","true","1548","5.619471903804212","115","true","1548","3.2008455990302016","125","true","1548","6.080495966219368","135","true"
"1549","5.67415115200754","0","true","1549","2.8884257658280195","85","true","1549","3.522305872475856","55","true","1549","3.453525535206078","15","true","1549","3.6158411500039347","5","true","1549","4.59755183070754","25","true","1549","3.6676577469440907","35","true","1549","6.0597189610788655","45","true","1549","5.671293576972452","65","true","1549","2.876447780745618","75","true","1549","2.6955945075706573","95","true","1549","5.5338381430458545","105","true","1549","5.6158464380598225","115","true","1549","3.198780537353408","125","true","1549","6.0765730655959995","135","true"
"1550","5.670492769575556","0","true","1550","2.8865634668171696","85","true","1550","3.5200348822292566","55","true","1550","3.4512988907604263","15","true","1550","3.6135098533243704","5","true","1550","4.594587580655504","25","true","1550","3.6652930417558616","35","true","1550","6.055811985604282","45","true","1550","5.667637036948615","65","true","1550","2.8745932044846603","75","true","1550","2.693856535612198","95","true","1550","5.530270226770519","105","true","1550","5.612225647319616","115","true","1550","3.1967181385543406","125","true","1550","6.072655223516312","135","true"
"1551","5.666839101553922","0","true","1551","2.8847035676761794","85","true","1551","3.51776681851648","55","true","1551","3.449075115701947","15","true","1551","3.6111815608931046","5","true","1551","4.591627150513329","25","true","1551","3.662931383868132","35","true","1551","6.051910044891908","45","true","1551","5.664162293845705","65","true","1551","2.8727410181415647","75","true","1551","2.692120803308324","95","true","1551","5.526706908325435","105","true","1551","5.608609522546859","115","true","1551","3.1946583974856844","125","true","1551","6.068742430202191","135","true"
"1552","5.6631901388356","0","true","1552","2.8828460637691116","85","true","1552","3.515501675684209","55","true","1552","3.446854204487715","15","true","1552","3.6088562669066957","5","true","1552","4.588670532901923","25","true","1552","3.6605727673942954","35","true","1552","6.048013129215867","45","true","1552","5.660515054764028","65","true","1552","2.870891217099619","75","true","1552","2.6903873063325943","95","true","1552","5.523148178828767","105","true","1552","5.604998054728091","115","true","1552","3.1926013090133822","125","true","1552","6.064834675900708","135","true"
"1553","5.659545872336993","0","true","1553","2.880990950471963","85","true","1553","3.5132394480936786","55","true","1553","3.444636151589074","15","true","1553","3.60653396557664","5","true","1553","4.585717720461188","25","true","1553","3.6582171864628963","35","true","1553","6.0441212288753166","45","true","1553","5.6570493666600825","65","true","1553","2.869043796753995","75","true","1553","2.688656040369703","95","true","1553","5.519594029421541","105","true","1553","5.601391234873053","115","true","1553","3.190546868016591","125","true","1553","6.060931950884041","135","true"
"1554","5.655906292997869","0","true","1554","2.879138223172624","85","true","1554","3.510980130120628","55","true","1554","3.4424209514915893","15","true","1554","3.604214651129324","5","true","1554","4.5827687058499595","25","true","1554","3.6558646352175828","35","true","1554","6.040234334194368","45","true","1554","5.653411392790848","65","true","1554","2.8671987525117095","75","true","1554","2.6869270011154462","95","true","1554","5.516044451267573","105","true","1554","5.597789054014614","115","true","1554","3.1884950693876415","125","true","1554","6.057034245449389","135","true"
"1555","5.65227139178129","0","true","1555","2.877287877270842","85","true","1555","3.508723716155255","55","true","1555","3.440208598695001","15","true","1555","3.601898317805976","5","true","1555","4.579823481745943","25","true","1555","3.653515107817057","35","true","1555","6.036352435522006","45","true","1555","5.64995472463432","65","true","1555","2.865356079791586","75","true","1555","2.685200184276683","95","true","1555","5.51249943555339","105","true","1555","5.594191503208692","115","true","1555","3.1864459080319936","125","true","1555","6.0531415499188945","135","true"
"1556","5.648641159673531","0","true","1556","2.8754399081781825","85","true","1556","3.506470200602169","55","true","1556","3.43799908771318","15","true","1556","3.5995849598626193","5","true","1556","4.576882040845656","25","true","1556","3.6511685984350297","35","true","1556","6.032475523232011","45","true","1556","5.646325980430958","65","true","1556","2.8635157740242185","75","true","1556","2.683475585571303","95","true","1556","5.508958973488166","105","true","1556","5.5905985735341845","115","true","1556","3.184399378868197","125","true","1556","6.049253854639563","135","true"
"1557","5.64501558768401","0","true","1557","2.873594311317991","85","true","1557","3.5042195778803444","55","true","1557","3.435792413074083","15","true","1557","3.5972745715700247","5","true","1557","4.573944375864369","25","true","1557","3.6488251012601673","35","true","1557","6.028603587722877","45","true","1557","5.642878297350601","65","true","1557","2.8616778306519306","75","true","1557","2.6817532007281892","95","true","1557","5.505423056303642","105","true","1557","5.587010256092891","115","true","1557","3.182355476827845","125","true","1557","6.0453711499831835","135","true"
"1558","5.641394666845213","0","true","1558","2.871751082125356","85","true","1558","3.501971842423077","55","true","1558","3.433588569319706","15","true","1558","3.5949671472136617","5","true","1558","4.5710104795360404","25","true","1558","3.6464846104960493","35","true","1558","6.02473661941773","45","true","1558","5.639258747448515","65","true","1558","2.8598422451287417","75","true","1558","2.6800330254871834","95","true","1558","5.501891675254057","105","true","1558","5.583426542009445","115","true","1558","3.1803141968555373","125","true","1558","6.041493426346247","135","true"
"1559","5.63777838821262","0","true","1559","2.869910216047071","85","true","1559","3.4997269886779336","55","true","1559","3.4313875510060394","15","true","1559","3.592662681093653","5","true","1559","4.568080344613261","25","true","1559","3.644147120361116","35","true","1559","6.020874608764258","45","true","1559","5.635820014752223","65","true","1559","2.8580090129203257","75","true","1559","2.6783150555990507","95","true","1559","5.498364821616073","105","true","1559","5.579847422431234","115","true","1559","3.1782755339088347","125","true","1559","6.0376206741498715","135","true"
"1560","5.63416674286463","0","true","1560","2.868071708541595","85","true","1560","3.4974850111067117","55","true","1560","3.4291893527030246","15","true","1560","3.5903611675247267","5","true","1560","4.565153963867192","25","true","1560","3.6418126250886234","35","true","1560","6.01701754623462","45","true","1560","5.632209623967629","65","true","1560","2.856178129503977","75","true","1560","2.6765992868254442","95","true","1560","5.494842486688709","105","true","1560","5.576272888528331","115","true","1560","3.176239482958221","125","true","1560","6.033752883839718","135","true"
"1561","5.630559721902489","0","true","1561","2.8662355550790206","85","true","1561","3.4952459041853885","55","true","1561","3.4269939689945077","15","true","1561","3.5880626008361705","5","true","1561","4.562231330087507","25","true","1561","3.6394811189265948","35","true","1561","6.013165422325379","45","true","1561","5.628779807141295","65","true","1561","2.854349590368571","75","true","1561","2.6748857149388723","95","true","1561","5.491324661793262","105","true","1561","5.5727029314934216","115","true","1561","3.1742060389870566","125","true","1561","6.0298900458859155","135","true"
"1562","5.626957316450215","0","true","1562","2.8644017511410302","85","true","1562","3.49300966240408","55","true","1562","3.4248013944781968","15","true","1562","3.5857669753717842","5","true","1562","4.559312436082333","25","true","1562","3.637152596137774","35","true","1562","6.009318227557417","45","true","1562","5.625178540470059","65","true","1562","2.8525233910145285","75","true","1562","2.6731743357226607","95","true","1562","5.48781133827324","105","true","1562","5.56913754254173","115","true","1562","3.1721751969915433","125","true","1562","6.0260321507829815","135","true"
"1563","5.6233595176545315","0","true","1563","2.8625702922208633","85","true","1563","3.490776280266993","55","true","1563","3.4226116237656146","15","true","1563","3.583474285489833","5","true","1563","4.556397274678188","25","true","1563","3.634827050999579","35","true","1563","6.005475952475858","45","true","1563","5.6217576051764295","65","true","1563","2.8506995269537776","75","true","1563","2.67146514497092","95","true","1563","5.484302507494293","105","true","1563","5.565576712910949","115","true","1563","3.170146951980679","125","true","1563","6.022179189049744","135","true"
"1564","5.619766316684784","0","true","1564","2.860741173823278","85","true","1564","3.4885457522923815","55","true","1564","3.420424651482058","15","true","1564","3.5811845255630024","5","true","1564","4.5534858387199275","25","true","1564","3.632504477804052","35","true","1564","6.001638587649995","45","true","1564","5.61816542779293","65","true","1564","2.8488779937097175","75","true","1564","2.6697581384885103","95","true","1564","5.480798160844137","105","true","1564","5.562020433861166","115","true","1564","3.1681212989762186","125","true","1564","6.018331151229265","135","true"
"1565","5.616177704732878","0","true","1565","2.858914391464515","85","true","1565","3.486318073012501","55","true","1565","3.4182404722665525","15","true","1565","3.578897689978352","5","true","1565","4.550578121070681","25","true","1565","3.630184870857817","35","true","1565","5.9978061236732065","45","true","1565","5.614753339870478","65","true","1565","2.8470587868171826","75","true","1565","2.668053312091008","95","true","1565","5.477298289732487","105","true","1565","5.558468696674792","115","true","1565","3.1660982330126326","125","true","1565","6.014488027888761","135","true"
"1566","5.612593673013202","0","true","1566","2.8570899406722594","85","true","1566","3.4840932369735653","55","true","1566","3.4160590807718068","15","true","1566","3.5766137731372676","5","true","1566","4.547674114611798","25","true","1566","3.62786822448203","35","true","1566","5.993978551162885","45","true","1566","5.611170217126464","65","true","1566","2.8452419018224044","75","true","1566","2.6663506616046706","95","true","1566","5.473802885590986","105","true","1566","5.554921492656493","115","true","1566","3.164077749137066","125","true","1566","6.010649809619528","135","true"
"1567","5.609014212762555","0","true","1567","2.855267816985606","85","true","1567","3.4818712387356996","55","true","1567","3.413880471664172","15","true","1567","3.57433276945542","5","true","1567","4.544773812242785","25","true","1567","3.625554533012335","35","true","1567","5.990155860760359","45","true","1567","5.607766942588267","65","true","1567","2.843427334282977","75","true","1567","2.6646501828664024","95","true","1567","5.470311939873135","105","true","1567","5.551378813133115","115","true","1567","3.1620598424093","125","true","1567","6.006816487036862","135","true"
"1568","5.605439315240081","0","true","1568","2.8534480159550224","85","true","1568","3.4796520728728977","55","true","1568","3.4117046396235953","15","true","1568","3.572054673362714","5","true","1568","4.541877206881254","25","true","1568","3.6232437907988153","35","true","1568","5.986338043130811","45","true","1568","5.604192840011729","65","true","1568","2.841615079767819","75","true","1568","2.6629518717237213","95","true","1568","5.466825444054223","105","true","1568","5.547840649453617","115","true","1568","3.1600445079017097","125","true","1568","6.0029880507799875","135","true"
"1569","5.601868971727189","0","true","1569","2.851630533142312","85","true","1569","3.4774357339729787","55","true","1569","3.4095315793435805","15","true","1569","3.5697794793032473","5","true","1569","4.5389842914628575","25","true","1569","3.6209359922059496","35","true","1569","5.982525088963212","45","true","1569","5.600798345044354","65","true","1569","2.839805133857139","75","true","1569","2.661255724034725","95","true","1569","5.463343389631258","105","true","1569","5.5443069929889965","115","true","1569","3.1580317406992244","125","true","1569","5.999164491511975","135","true"
"1570","5.598303173527491","0","true","1570","2.8498153641205795","85","true","1570","3.475222216637541","55","true","1570","3.4073612855311404","15","true","1570","3.5675071817352633","5","true","1570","4.536095058941239","25","true","1570","3.618631131612566","35","true","1570","5.978716988970237","45","true","1570","5.597233228338406","65","true","1570","2.8379974921423985","75","true","1570","2.6595617356680576","95","true","1570","5.459865768122899","105","true","1570","5.540777835132224","115","true","1570","3.1560215358992885","125","true","1570","5.995345799919669","135","true"
"1571","5.5947419119667225","0","true","1571","2.8480025044741923","85","true","1571","3.473011515481919","55","true","1571","3.4051937529067566","15","true","1571","3.565237775131106","5","true","1571","4.533209502287969","25","true","1571","3.6163292034117944","35","true","1571","5.974913733888195","45","true","1571","5.593847479300807","65","true","1571","2.8361921502262772","75","true","1571","2.6578699025028745","95","true","1571","5.456392571069387","105","true","1571","5.537253167298171","115","true","1571","3.154013888611821","125","true","1571","5.991531966713613","135","true"
"1572","5.591185178392681","0","true","1572","2.846191949798748","85","true","1572","3.470803625135141","55","true","1572","3.4030289762043364","15","true","1572","3.5629712539771763","5","true","1572","4.53032761449249","25","true","1572","3.614030202011024","35","true","1572","5.9711153144769495","45","true","1572","5.590291314342574","65","true","1572","2.834389103722637","75","true","1572","2.6561802204288103","95","true","1572","5.45292379003247","105","true","1572","5.533732980923538","115","true","1572","3.152008793959175","125","true","1572","5.987722982627972","135","true"
"1573","5.5876329641751505","0","true","1573","2.8443836957010356","85","true","1573","3.4685985402398836","55","true","1573","3.40086695017117","15","true","1573","3.5607076127738875","5","true","1573","4.527449388562063","25","true","1573","3.611734121831856","35","true","1573","5.967321721519848","45","true","1573","5.586914277764995","65","true","1573","2.8325883482564853","75","true","1573","2.654492685345946","95","true","1573","5.449459416595346","105","true","1573","5.530217267466789","115","true","1573","3.1500062470761008","125","true","1573","5.983918838420458","135","true"
"1574","5.584085260705833","0","true","1574","2.8425777377990036","85","true","1574","3.46639625545243","55","true","1574","3.3987076695678864","15","true","1574","3.558446846035618","5","true","1574","4.524574817521706","25","true","1574","3.6094409573100577","35","true","1574","5.963532945823646","45","true","1574","5.583367030604509","65","true","1574","2.8307898794639414","75","true","1574","2.652807293164774","95","true","1574","5.445999442362587","105","true","1574","5.526706018408079","115","true","1574","3.148006243109703","125","true","1574","5.980119524872254","135","true"
"1575","5.580542059398279","0","true","1575","2.84077407172172","85","true","1575","3.4641967654426247","55","true","1575","3.3965511291684147","15","true","1575","3.556188948290672","5","true","1575","4.5217038944141414","25","true","1575","3.6071507028955208","35","true","1575","5.959748978218427","45","true","1575","5.579998673187395","65","true","1575","2.8289936929922006","75","true","1575","2.6511240398061666","95","true","1575","5.4425438589600725","105","true","1575","5.523199225249191","115","true","1575","3.146008777219405","125","true","1575","5.976325032787944","135","true"
"1576","5.577003351687817","0","true","1576","2.8389726931093406","85","true","1576","3.4620000648938345","55","true","1576","3.394397323759937","15","true","1576","3.553933914081229","5","true","1576","4.518836612299738","25","true","1576","3.6048633530522136","35","true","1576","5.955969809557541","45","true","1576","5.576460310046503","65","true","1576","2.827199784499498","75","true","1576","2.6494429212013437","95","true","1576","5.439092658034924","105","true","1576","5.519696879513459","115","true","1576","3.144013844576907","125","true","1576","5.972535352995434","135","true"
"1577","5.573469129031487","0","true","1577","2.8371735976130736","85","true","1577","3.4598061485029006","55","true","1577","3.3922462481428526","15","true","1577","3.551681737963307","5","true","1577","4.515972964256456","25","true","1577","3.6025789022581374","35","true","1577","5.952195430717517","45","true","1577","5.573100598659423","65","true","1577","2.825408149655075","75","true","1577","2.647763933291837","95","true","1577","5.435645831255434","105","true","1577","5.516198972745706","115","true","1577","3.1420214403661486","125","true","1577","5.968750476345881","135","true"
"1578","5.569939382907972","0","true","1578","2.835376780895143","85","true","1578","3.457615010980099","55","true","1578","3.390097897130729","15","true","1578","3.549432414506712","5","true","1578","4.513112943379789","25","true","1578","3.6002973450052824","35","true","1578","5.948425832598","45","true","1578","5.569571085930696","65","true","1578","2.823618784139144","75","true","1578","2.6460870720294607","95","true","1578","5.4322033703110035","105","true","1578","5.512705496512175","115","true","1578","3.1400315597832695","125","true","1578","5.9649703937136165","135","true"
"1579","5.5664141048175235","0","true","1579","2.8335822386287535","85","true","1579","3.4554266470490993","55","true","1579","3.3879522655502665","15","true","1579","3.5471859382949993","5","true","1579","4.510256542782713","25","true","1579","3.5980186757995827","35","true","1579","5.944661006121672","45","true","1579","5.566219987611268","65","true","1579","2.8218316836428534","75","true","1579","2.6444123333762777","95","true","1579","5.428765266912073","105","true","1579","5.509216442400459","115","true","1579","3.138044198036571","125","true","1579","5.961195095996076","135","true"
"1580","5.562893286281902","0","true","1580","2.8317899664980586","85","true","1580","3.4532410514469176","55","true","1580","3.3858093482412532","15","true","1580","3.544942303925426","5","true","1580","4.507403755595627","25","true","1580","3.5957428891608734","35","true","1580","5.940900942234182","45","true","1580","5.562699291856927","65","true","1580","2.820046843868253","75","true","1580","2.642739713304566","95","true","1580","5.425331512790054","105","true","1580","5.505731802019434","115","true","1580","3.1360593503464784","125","true","1580","5.957424574113725","135","true"
"1581","5.559376918844303","0","true","1581","2.8299999601981227","85","true","1581","3.451058218923879","55","true","1581","3.3836691400565244","15","true","1581","3.5427015060089118","5","true","1581","4.5045545749663","25","true","1581","3.5934699796228453","35","true","1581","5.937145631904072","45","true","1581","5.559356773809757","65","true","1581","2.8182642605282604","75","true","1581","2.641069207796788","95","true","1581","5.421902099697266","105","true","1581","5.502251566999194","115","true","1581","3.134077011945501","125","true","1581","5.953658819009988","135","true"
"1582","5.555864994069291","0","true","1582","2.8282122154348897","85","true","1582","3.4488781442435736","55","true","1582","3.381531635861921","15","true","1582","3.5404635391699926","5","true","1582","4.501708994059815","25","true","1582","3.5911999417330014","35","true","1582","5.933395066122705","45","true","1582","5.555844861760604","65","true","1582","2.8164839293466253","75","true","1582","2.639400812845558","95","true","1582","5.41847701940687","105","true","1582","5.498775728990982","115","true","1582","3.1320971780781948","125","true","1582","5.949897821651168","135","true"
"1583","5.552357503542732","0","true","1583","2.8264267279251456","85","true","1583","3.4467008221828137","55","true","1583","3.3793968305362507","15","true","1583","3.5382283980467792","5","true","1583","4.498867006058514","25","true","1583","3.5889327700526144","35","true","1583","5.9296492359041935","45","true","1583","5.55251089135623","65","true","1583","2.8147058460578966","75","true","1583","2.6377345244536103","95","true","1583","5.4150562637128","105","true","1583","5.495304279667124","115","true","1583","3.130119844001125","125","true","1583","5.946141573026389","135","true"
"1584","5.548854438871727","0","true","1584","2.824643493396486","85","true","1584","3.444526247531594","55","true","1584","3.3772647189712437","15","true","1584","3.535996077290914","5","true","1584","4.496028604161948","25","true","1584","3.586668459156682","35","true","1584","5.925908132285326","45","true","1584","5.5490077299105804","65","true","1584","2.8129300064073868","75","true","1584","2.6360703386337656","95","true","1584","5.411639824429701","105","true","1584","5.491837210720962","115","true","1584","3.128145004982828","125","true","1584","5.942390064147508","135","true"
"1585","5.545355791684544","0","true","1585","2.8228625075872826","85","true","1585","3.4423544150930496","55","true","1585","3.375135296071514","15","true","1585","3.5337665715675275","5","true","1585","4.493193781586814","25","true","1585","3.5844070036338844","35","true","1585","5.9221717463255","45","true","1585","5.545682274684428","65","true","1585","2.81115640615114","75","true","1585","2.6344082514089022","95","true","1585","5.40822769339286","105","true","1585","5.488374513866788","115","true","1585","3.126172656303772","125","true","1585","5.938643286049055","135","true"
"1586","5.541861553630553","0","true","1586","2.821083766246648","85","true","1586","3.440185319683413","55","true","1586","3.373008556754519","15","true","1586","3.5315398755551977","5","true","1586","4.490362531566911","25","true","1586","3.582148398086541","35","true","1586","5.9184400691066426","45","true","1586","5.542187830907059","65","true","1586","2.8093850410558967","75","true","1586","2.632748258811921","95","true","1586","5.404819862458145","105","true","1586","5.484916180839776","115","true","1586","3.1242027932563214","125","true","1586","5.934901229788154","135","true"
"1587","5.538371716380156","0","true","1587","2.8193072651344018","85","true","1587","3.4380189561319754","55","true","1587","3.3708844959505173","15","true","1587","3.529315983945906","5","true","1587","4.487534847353078","25","true","1587","3.5798926371305675","35","true","1587","5.91471309173315","45","true","1587","5.538870858558398","65","true","1587","2.8076159068990605","75","true","1587","2.631090356885717","95","true","1587","5.401416323501937","105","true","1587","5.481462203395922","115","true","1587","3.122235411144699","125","true","1587","5.931163886444458","135","true"
"1588","5.534886271624725","0","true","1588","2.817533000021039","85","true","1588","3.4358553192810426","55","true","1588","3.368763108602531","15","true","1588","3.527094891444996","5","true","1588","4.484710722213145","25","true","1588","3.577639715395432","35","true","1588","5.910990805331807","45","true","1588","5.535385099679507","65","true","1588","2.805848999468665","75","true","1588","2.6294345416831457","95","true","1588","5.398017068421066","105","true","1588","5.478012573311973","115","true","1588","3.1202705052849478","125","true","1588","5.927431247120076","135","true"
"1589","5.531405211076533","0","true","1589","2.815760966687692","85","true","1589","3.433694403985897","55","true","1589","3.3666443896663028","15","true","1589","3.524876592771131","5","true","1589","4.481890149431878","25","true","1589","3.575389627524114","35","true","1589","5.907273201051725","45","true","1589","5.532076578070421","65","true","1589","2.8040843145633385","75","true","1589","2.627780809266993","95","true","1589","5.394622089132752","105","true","1589","5.474567282385362","115","true","1589","3.1183080710048947","125","true","1589","5.923703302939497","135","true"
"1590","5.527928526468691","0","true","1590","2.8139911609261032","85","true","1590","3.431536205114756","55","true","1590","3.3645283341102585","15","true","1590","3.522661082656253","5","true","1590","4.479073122310928","25","true","1590","3.5731423681730616","35","true","1590","5.903560270064262","45","true","1590","5.528599471484582","65","true","1590","2.8023218479922742","75","true","1590","2.626129155709943","95","true","1590","5.391231377574528","105","true","1590","5.471126322434145","115","true","1590","3.1163481036441123","125","true","1590","5.919980045049528","135","true"
"1591","5.52445620955508","0","true","1591","2.8122235785385867","85","true","1591","3.429380717548729","55","true","1591","3.3624149369154654","15","true","1591","3.5204483558455393","5","true","1591","4.476259634168773","25","true","1591","3.570897932012149","35","true","1591","5.899852003562966","45","true","1591","5.525299368638946","65","true","1591","2.8005615955751937","75","true","1591","2.624479577094547","95","true","1591","5.387844925704193","105","true","1591","5.467689685296937","115","true","1591","3.1143905985538836","125","true","1591","5.916261464619221","135","true"
"1592","5.520988252110287","0","true","1592","2.810458215337998","85","true","1592","3.427227936181781","55","true","1592","3.360304193075594","15","true","1592","3.5182384070973627","5","true","1592","4.473449678340669","25","true","1592","3.568656313724633","35","true","1592","5.896148392763491","45","true","1592","5.521830881904082","65","true","1592","2.798803553142315","75","true","1592","2.6228320695131946","95","true","1592","5.384462725499733","105","true","1592","5.464257362832846","115","true","1592","3.112435551097164","125","true","1592","5.912547552839799","135","true"
"1593","5.51752464592954","0","true","1593","2.808695067147698","85","true","1593","3.425077855920688","55","true","1593","3.3581960975968768","15","true","1593","3.516031231183249","5","true","1593","4.470643248178599","25","true","1593","3.566417508007115","35","true","1593","5.892449428903539","45","true","1593","5.518539166006547","65","true","1593","2.7970477165343213","75","true","1593","2.6211866290680796","95","true","1593","5.381084768959269","105","true","1593","5.460829346921408","115","true","1593","3.110482956648546","125","true","1593","5.908838300924592","135","true"
"1594","5.514065382828644","0","true","1594","2.806934129801524","85","true","1594","3.4229304716850013","55","true","1594","3.3560906454980697","15","true","1594","3.513826822887836","5","true","1594","4.467840337051214","25","true","1594","3.564181509569493","35","true","1594","5.888755103242785","45","true","1594","5.515079266842907","65","true","1594","2.7952940816023246","75","true","1594","2.6195432518711717","95","true","1594","5.377711048100988","105","true","1594","5.4574056294625235","115","true","1594","3.108532810594221","125","true","1594","5.905133700108966","135","true"
"1595","5.510610454643914","0","true","1595","2.8051753991437534","85","true","1595","3.420785778407003","55","true","1595","3.3539878318104144","15","true","1595","3.511625177008834","5","true","1595","4.465040938343789","25","true","1595","3.561948313134925","35","true","1595","5.885065407062808","45","true","1595","5.5117959062378885","65","true","1595","2.7935426442078373","75","true","1595","2.617901934044185","95","true","1595","5.374341554963079","105","true","1595","5.453986202376394","115","true","1595","3.106585108331944","125","true","1595","5.9014337416502505","135","true"
"1596","5.507159853232115","0","true","1596","2.8034188710290735","85","true","1596","3.41864377103167","55","true","1596","3.3518876515775964","15","true","1596","3.509426288356981","5","true","1596","4.462245045458164","25","true","1596","3.559717913439788","35","true","1596","5.881380331667027","45","true","1596","5.508344562527032","65","true","1596","2.791793400222735","75","true","1596","2.6162626717185464","95","true","1596","5.370976281603679","105","true","1596","5.45057105760346","115","true","1596","3.104639845270997","125","true","1596","5.897738416827677","135","true"
"1597","5.503713570470392","0","true","1597","2.801664541322547","85","true","1597","3.4165044445166313","55","true","1597","3.3497900998557077","15","true","1597","3.5072301517560067","5","true","1597","4.459452651812695","25","true","1597","3.55749030523363","35","true","1597","5.877699868380627","45","true","1597","5.505069525717712","65","true","1597","2.790046345529229","75","true","1597","2.6146254610353683","95","true","1597","5.367615220100798","105","true","1597","5.447160187104333","115","true","1597","3.102697016832154","125","true","1597","5.8940477169423025","135","true"
"1598","5.500271598256215","0","true","1598","2.799912405899581","85","true","1598","3.4143677938321306","55","true","1598","3.347695171713209","15","true","1598","3.505036762042588","5","true","1598","4.456663750842206","25","true","1598","3.5552654832791375","35","true","1598","5.874024008550495","45","true","1598","5.5016267055015025","65","true","1598","2.78830147601983","75","true","1598","2.612990298145415","95","true","1598","5.364258362552267","105","true","1598","5.44375358285974","115","true","1598","3.100756618447644","125","true","1598","5.890361633316948","135","true"
"1599","5.4968339285073045","0","true","1599","2.798162460645894","85","true","1599","3.4122338139609854","55","true","1599","3.3456028622308884","15","true","1599","3.5028461140663114","5","true","1599","4.4538783359979295","25","true","1599","3.553043442352088","35","true","1599","5.870352743545151","45","true","1599","5.498359961148835","65","true","1599","2.7865587875973175","75","true","1599","2.611357179209074","95","true","1599","5.360905701075672","105","true","1599","5.440351236870453","115","true","1599","3.098818645561114","125","true","1599","5.886680157296125","135","true"
"1600","5.493400553161578","0","true","1600","2.796414701457483","85","true","1600","3.410102499898549","55","true","1600","3.3435131665018245","15","true","1600","3.5006582026896305","5","true","1600","4.4510964007474625","25","true","1600","3.5508241772413123","35","true","1600","5.8666860647546795","45","true","1600","5.494925632628442","65","true","1600","2.7848182761747085","75","true","1600","2.6097261003963266","95","true","1600","5.357557227808292","105","true","1600","5.43695314115723","115","true","1600","3.096883093627597","125","true","1600","5.883003280245971","135","true"
"1601","5.489971464177083","0","true","1601","2.794669124240593","85","true","1601","3.4079738466526694","55","true","1601","3.3414260796313493","15","true","1601","3.498473022787827","5","true","1601","4.448317938574711","25","true","1601","3.5486076827486523","35","true","1601","5.8630239635906625","45","true","1601","5.491667149550168","65","true","1601","2.7830799376752235","75","true","1601","2.6080970578867158","95","true","1601","5.354212934907038","105","true","1601","5.433559287760752","115","true","1601","3.0949499581134723","125","true","1601","5.879330993554182","135","true"
"1602","5.486546653531932","0","true","1602","2.7929257249116843","85","true","1602","3.4058478492436537","55","true","1602","3.3393415967370066","15","true","1602","3.49629056924897","5","true","1602","4.445542942979842","25","true","1602","3.5463939536889213","35","true","1602","5.859366431486115","45","true","1602","5.488241281085072","65","true","1602","2.781343768032257","75","true","1602","2.6064700478693195","95","true","1602","5.350872814548394","105","true","1602","5.430169668741563","115","true","1602","3.0930192344964333","125","true","1602","5.875663288629944","135","true"
"1603","5.483126113224244","0","true","1603","2.7911844993974007","85","true","1603","3.403724502704225","55","true","1603","3.337259712948517","15","true","1603","3.494110836973877","5","true","1603","4.442771407479231","25","true","1603","3.5441829848898636","35","true","1603","5.855713459895413","45","true","1603","5.48499102825474","65","true","1603","2.7796097631893444","75","true","1603","2.6048450665427176","95","true","1603","5.347536858928351","105","true","1603","5.426784276180003","115","true","1603","3.0910909182654502","125","true","1603","5.872000156903865","135","true"
"1604","5.47970983527208","0","true","1604","2.789445443634536","85","true","1604","3.401603802079487","55","true","1604","3.3351804234077393","15","true","1604","3.4919338208760737","5","true","1604","4.440003325605413","25","true","1604","3.5419747711921126","35","true","1604","5.852065040294232","45","true","1604","5.481573588361747","65","true","1604","2.7778779191001295","75","true","1604","2.603222110114965","95","true","1604","5.344205060262352","105","true","1604","5.423403102176152","115","true","1604","3.0891650049207366","125","true","1604","5.868341589827913","135","true"
"1605","5.476297811713379","0","true","1605","2.7877085535700066","85","true","1605","3.3994857424268847","55","true","1605","3.333103723268631","15","true","1605","3.489759515881755","5","true","1605","4.437238690907028","25","true","1605","3.539769307449154","35","true","1605","5.848421164179478","45","true","1605","5.478331534907744","65","true","1605","2.776148231728336","75","true","1605","2.601601174803561","95","true","1605","5.340877410785227","105","true","1605","5.420026138849766","115","true","1605","3.0872414899737124","125","true","1605","5.864687578875342","135","true"
"1606","5.4728900346059035","0","true","1606","2.7859738251608155","85","true","1606","3.3973703188161646","55","true","1606","3.331029607697213","15","true","1606","3.487587916929744","5","true","1606","4.434477496948778","25","true","1606","3.537566588527281","35","true","1606","5.844781823069224","45","true","1606","5.47492249226001","65","true","1606","2.774420697047734","75","true","1606","2.5999822568354194","95","true","1606","5.337553902751136","105","true","1606","5.416653378340214","115","true","1606","3.085320368946971","125","true","1606","5.861038115540635","135","true"
"1607","5.4694864960271685","0","true","1607","2.784241254374024","85","true","1607","3.3952575263293387","55","true","1607","3.3289580718715306","15","true","1607","3.4854190189714545","5","true","1607","4.431719737311372","25","true","1607","3.5353666093055605","35","true","1607","5.841147008502638","45","true","1607","5.471688607464595","65","true","1607","2.772695311042107","75","true","1607","2.59836535244684","95","true","1607","5.334234528433504","105","true","1607","5.413284812806421","115","true","1607","3.0834016373742426","125","true","1607","5.857393191339428","135","true"
"1608","5.466087188074386","0","true","1608","2.7825108371867184","85","true","1608","3.3931473600606443","55","true","1608","3.3268891109816168","15","true","1608","3.4832528169708508","5","true","1608","4.4289654055914776","25","true","1608","3.533169364675787","35","true","1608","5.8375167120399265","45","true","1608","5.468287930890659","65","true","1608","2.7709720697052256","75","true","1608","2.5967504578834797","95","true","1608","5.330919280124969","105","true","1608","5.409920434426803","115","true","1608","3.081485290800362","125","true","1608","5.853752797808452","135","true"
"1609","5.462692102864402","0","true","1609","2.7807825695859814","85","true","1609","3.3910398151165073","55","true","1609","3.324822720229454","15","true","1609","3.4810893059044092","5","true","1609","4.426214495401669","25","true","1609","3.530974849542448","35","true","1609","5.833890925262262","45","true","1609","5.465062184189009","65","true","1609","2.7692509690408125","75","true","1609","2.5951375694003223","95","true","1609","5.327608150137314","105","true","1609","5.4065602353992075","115","true","1609","3.0795713247812313","125","true","1609","5.850116926505466","135","true"
"1610","5.459301232533636","0","true","1610","2.779056447568858","85","true","1610","3.388934886615504","55","true","1610","3.3227588948289393","15","true","1610","3.478928480761079","5","true","1610","4.423467000370383","25","true","1610","3.528783058822682","35","true","1610","5.83026963977172","45","true","1610","5.461669842671821","65","true","1610","2.7675320050625127","75","true","1610","2.5935266832616506","95","true","1610","5.3243011308014125","105","true","1610","5.40320420794086","115","true","1610","3.0776597348837877","125","true","1610","5.846485569009187","135","true"
"1611","5.455914569238019","0","true","1611","2.7773324671423265","85","true","1611","3.3868325696883232","55","true","1611","3.3206976300058444","15","true","1611","3.476770336542245","5","true","1611","4.420722914141865","25","true","1611","3.5265939874462413","35","true","1611","5.826652847191217","45","true","1611","5.458452203651078","65","true","1611","2.7658151737938637","75","true","1611","2.5919177957410167","95","true","1611","5.320998214467168","105","true","1611","5.39985234428829","115","true","1611","3.0757505166859693","125","true","1611","5.84285871691923","135","true"
"1612","5.452532105152937","0","true","1612","2.775610624323267","85","true","1612","3.384732859477729","55","true","1612","3.318638920997781","15","true","1612","3.4746148682616855","5","true","1612","4.417982230376123","25","true","1612","3.52440763035545","35","true","1612","5.82304053916444","45","true","1612","5.455068166327053","65","true","1612","2.764100471268263","75","true","1612","2.5903109031212144","95","true","1612","5.317699393503457","105","true","1612","5.396504636697287","115","true","1612","3.0738436657766783","125","true","1612","5.839236361856044","135","true"
"1613","5.449153832473164","0","true","1613","2.7738909151384328","85","true","1613","3.3826357511385234","55","true","1613","3.316582763054164","15","true","1613","3.472462070945538","5","true","1613","4.415244942748877","25","true","1613","3.5222239825051678","35","true","1613","5.819432707355788","45","true","1613","5.451858604725384","65","true","1613","2.762387893528939","75","true","1613","2.5887060016942494","95","true","1613","5.314404660298064","105","true","1613","5.393161077442828","115","true","1613","3.071939177755751","125","true","1613","5.835618495460842","135","true"
"1614","5.4457797434128095","0","true","1614","2.772173335624415","85","true","1614","3.380541239837509","55","true","1614","3.314529151436174","15","true","1614","3.4703119396322593","5","true","1614","4.412511044951509","25","true","1614","3.5200430388627497","35","true","1614","5.815829343450305","45","true","1614","5.448482840883449","65","true","1614","2.7606774366289213","75","true","1614","2.587103087761312","95","true","1614","5.311114007257632","105","true","1614","5.389821658819025","115","true","1614","3.070037048233921","125","true","1614","5.832005109395542","135","true"
"1615","5.442409830205252","0","true","1615","2.7704578818276175","85","true","1615","3.378449320753451","55","true","1615","3.312478081416721","15","true","1615","3.468164469372586","5","true","1615","4.409780530691019","25","true","1615","3.517864794408008","35","true","1615","5.812230439153615","45","true","1615","5.445281326589111","65","true","1615","2.7589690966310076","75","true","1615","2.585502157632747","95","true","1615","5.307827426807596","105","true","1615","5.386486373139062","115","true","1615","3.0681372728327863","125","true","1615","5.828396195342698","135","true"
"1616","5.439044085103085","0","true","1616","2.7687445498042242","85","true","1616","3.376359989077042","55","true","1616","3.310429548280409","15","true","1616","3.4660196552294984","5","true","1616","4.407053393689973","25","true","1616","3.5156892441331733","35","true","1616","5.808635986191863","45","true","1616","5.441913805669761","65","true","1616","2.7572628696077355","75","true","1616","2.5839032076280266","95","true","1616","5.304544911392131","105","true","1616","5.383155212735142","115","true","1616","3.0662398471847756","125","true","1616","5.8247917450054425","135","true"
"1617","5.435682500378052","0","true","1617","2.767033335620167","85","true","1617","3.3742732400108633","55","true","1617","3.308383547323499","15","true","1617","3.463877492278182","5","true","1617","4.404329627686456","25","true","1617","3.513516383042856","35","true","1617","5.8050459763116455","45","true","1617","5.438720308720171","65","true","1617","2.7555587516413524","75","true","1617","2.5823062340757224","95","true","1617","5.3012664534740885","105","true","1617","5.3798281699584205","115","true","1617","3.0643447669331163","125","true","1617","5.821191750107417","135","true"
"1618","5.432325068320993","0","true","1618","2.7653242353510996","85","true","1618","3.3721890687693494","55","true","1618","3.3063400738538737","15","true","1618","3.4617379756059905","5","true","1618","4.401609226434025","25","true","1618","3.511346206154009","35","true","1618","5.801460401279952","45","true","1618","5.435361000314538","65","true","1618","2.753856738823785","75","true","1618","2.5807112333134765","95","true","1618","5.2979920455349445","105","true","1618","5.376505237178953","115","true","1618","3.062452027731799","125","true","1618","5.8175962023927115","135","true"
"1619","5.428971781241782","0","true","1619","2.763617245082364","85","true","1619","3.370107470578751","55","true","1619","3.304299123191001","15","true","1619","3.4596011003124065","5","true","1619","4.398892183701658","25","true","1619","3.5091787084958894","35","true","1619","5.7978792528841","45","true","1619","5.432175490895352","65","true","1619","2.75215682725661","75","true","1619","2.5791182016879746","95","true","1619","5.294721680074738","105","true","1619","5.373186406785632","115","true","1619","3.0605616252455445","125","true","1619","5.814005093625802","135","true"
"1620","5.42562263146927","0","true","1620","2.7619123609089637","85","true","1620","3.3680284406770986","55","true","1620","3.3022606906658982","15","true","1620","3.457466861509006","5","true","1620","4.396178493273712","25","true","1620","3.507013885110019","35","true","1620","5.794302522931673","45","true","1620","5.428824364744275","65","true","1620","2.7504590130510227","75","true","1620","2.577527135554916","95","true","1620","5.291455349612014","105","true","1620","5.369871671186135","115","true","1620","3.058673555149773","125","true","1620","5.810418415591487","135","true"
"1621","5.422277611351225","0","true","1621","2.7602095789355303","85","true","1621","3.3659519743141657","55","true","1621","3.300224771621098","15","true","1621","3.4553352543194196","5","true","1621","4.393468148949869","25","true","1621","3.5048517310501484","35","true","1621","5.790730203250457","45","true","1621","5.425646813188473","65","true","1621","2.7487632923278102","75","true","1621","2.575938031278988","95","true","1621","5.28819304668377","105","true","1621","5.3665610228068585","115","true","1621","3.0567878131305686","125","true","1621","5.8068361600948215","135","true"
"1622","5.418936713254274","0","true","1622","2.758508895276297","85","true","1622","3.3638780667514334","55","true","1622","3.298191361410611","15","true","1622","3.453206273879297","5","true","1622","4.390761144545094","25","true","1622","3.502692241382219","35","true","1622","5.787162285688381","45","true","1622","5.42230383918158","65","true","1622","2.7470696612173184","75","true","1622","2.5743508852338377","95","true","1622","5.284934763845395","105","true","1622","5.363254454092868","115","true","1622","3.0549043948846473","125","true","1622","5.80325831896106","135","true"
"1623","5.415599929563847","0","true","1623","2.7568103060550677","85","true","1623","3.361806713262055","55","true","1623","3.2961604553998898","15","true","1623","3.4510799153362677","5","true","1623","4.388057473889585","25","true","1623","3.500535411184323","35","true","1623","5.783598762113449","45","true","1623","5.419134215968557","65","true","1623","2.745378115859426","75","true","1623","2.572765693802044","95","true","1623","5.2816804936706125","105","true","1623","5.359951957507835","115","true","1623","3.053023296119324","125","true","1623","5.7996848840355915","135","true"
"1624","5.412267252684115","0","true","1624","2.7551138074051877","85","true","1624","3.3597379091308164","55","true","1624","3.294132048965798","15","true","1624","3.448956173849907","5","true","1624","4.38535713082873","25","true","1624","3.4983812355466712","35","true","1624","5.780039624413687","45","true","1624","5.415799364143346","65","true","1624","2.7436886524035127","75","true","1624","2.5711824533750884","95","true","1624","5.27843022875143","105","true","1624","5.356653525533984","115","true","1624","3.0511445125524816","125","true","1624","5.796115847183877","135","true"
"1625","5.408938675037938","0","true","1625","2.7534193954695145","85","true","1625","3.3576716496541064","55","true","1625","3.292106137496569","15","true","1625","3.4468350445916967","5","true","1625","4.382660109223055","25","true","1625","3.4962297095715504","35","true","1625","5.776484864497074","45","true","1625","5.412637639898014","65","true","1625","2.7420012670084306","75","true","1625","2.5696011603533324","95","true","1625","5.275183961698078","105","true","1625","5.353359150672032","115","true","1625","3.049268039912535","125","true","1625","5.79255120029139","135","true"
"1626","5.405614189066802","0","true","1626","2.7517270664003872","85","true","1626","3.355607930139875","55","true","1626","3.290082716391777","15","true","1626","3.44471652274499","5","true","1626","4.379966402948178","25","true","1626","3.494080828373289","35","true","1626","5.772934474291483","45","true","1626","5.409310880438949","65","true","1626","2.7403159558424757","75","true","1626","2.568021811145986","95","true","1626","5.271941685138952","105","true","1626","5.3500688254411335","115","true","1626","3.0473938739384034","125","true","1626","5.788990935263553","135","true"
"1627","5.402293787230766","0","true","1627","2.750036816359601","85","true","1627","3.3535467459076025","55","true","1627","3.2880617810622983","15","true","1627","3.4426006035049745","5","true","1627","4.377276005894771","25","true","1627","3.4919345870782195","35","true","1627","5.76938844574462","45","true","1627","5.406157025930838","65","true","1627","2.7386327150833587","75","true","1627","2.56644440217108","95","true","1627","5.268703391720562","105","true","1627","5.346782542378824","115","true","1627","3.0455220103794733","125","true","1627","5.785435044025675","135","true"
"1628","5.398977462008403","0","true","1628","2.7483486415183735","85","true","1628","3.351488092288261","55","true","1628","3.286043326930277","15","true","1628","3.4404872820786365","5","true","1628","4.3745889119685","25","true","1628","3.4897909808246417","35","true","1628","5.765846770823967","45","true","1628","5.402838329168449","65","true","1628","2.7369515409181755","75","true","1628","2.5648689298554443","95","true","1628","5.265469074107474","105","true","1628","5.34350029404096","115","true","1628","3.043652444995569","125","true","1628","5.781883518522897","135","true"
"1629","5.395665205896741","0","true","1629","2.7466625380573193","85","true","1629","3.34943196462428","55","true","1629","3.284027349429093","15","true","1629","3.438376553684723","5","true","1629","4.371905115089992","25","true","1629","3.487650004762786","35","true","1629","5.762309441516713","45","true","1629","5.39969231531082","65","true","1629","2.7352724295433792","75","true","1629","2.563295390634674","95","true","1629","5.262238724982255","105","true","1629","5.340222073001671","115","true","1629","3.0417851735569217","125","true","1629","5.778336350720123","135","true"
"1630","5.392357011411212","0","true","1630","2.7449785021664197","85","true","1630","3.3473783582695136","55","true","1630","3.2820138440033237","15","true","1630","3.4362684135537087","5","true","1630","4.369224609194781","25","true","1630","3.485511654054777","35","true","1630","5.758776449829701","45","true","1630","5.396381651720808","65","true","1630","2.7335953771647503","75","true","1630","2.5617237809531077","95","true","1630","5.259012337045417","105","true","1630","5.336947871853296","115","true","1630","3.039920191844134","125","true","1630","5.774793532601962","135","true"
"1631","5.3890528710855925","0","true","1631","2.743296530044994","85","true","1631","3.3453272685892013","55","true","1631","3.280002806108714","15","true","1631","3.4341628569277565","5","true","1631","4.366547388233264","25","true","1631","3.483375923874596","35","true","1631","5.755247787789364","45","true","1631","5.393243449569773","65","true","1631","2.73192037999737","75","true","1631","2.560154097263798","95","true","1631","5.255789903015365","105","true","1631","5.333677683206327","115","true","1631","3.0380574956481508","125","true","1631","5.771255056172672","135","true"
"1632","5.385752777471946","0","true","1632","2.741616617901672","85","true","1632","3.3432786909599366","55","true","1632","3.277994231212138","15","true","1632","3.432059879060685","5","true","1632","4.363873446170659","25","true","1632","3.481242809408047","35","true","1632","5.751723447441667","45","true","1632","5.389940789772119","65","true","1632","2.7302474342655896","75","true","1632","2.558586336028487","95","true","1632","5.252571415628338","105","true","1632","5.33041149968936","115","true","1632","3.036197080770228","125","true","1632","5.767720913456093","135","true"
"1633","5.382456723140567","0","true","1633","2.7399387619543636","85","true","1633","3.341232620769631","55","true","1633","3.2759881147915677","15","true","1633","3.4299594752179305","5","true","1633","4.361202776986956","25","true","1633","3.479112305852718","35","true","1633","5.748203420852045","45","true","1633","5.386810370525768","65","true","1633","2.7285765362030037","75","true","1633","2.557020493717576","95","true","1633","5.249356867638356","105","true","1633","5.327149313949036","115","true","1633","3.0343389430218988","125","true","1633","5.764191096495594","135","true"
"1634","5.379164700679931","0","true","1634","2.7382629584302327","85","true","1634","3.339189053417478","55","true","1634","3.2739844523360375","15","true","1634","3.4278616406765128","5","true","1634","4.3585353746768725","25","true","1634","3.4769844084179455","35","true","1634","5.744687700105347","45","true","1634","5.3835156852838555","65","true","1634","2.726907682052421","75","true","1634","2.5554565668101032","95","true","1634","5.246146251817171","105","true","1634","5.323891118649985","115","true","1634","3.0324830782249435","125","true","1634","5.760665597354006","135","true"
"1635","5.3758767026966305","0","true","1635","2.7365892035656665","85","true","1635","3.3371479843139222","55","true","1635","3.271983239345612","15","true","1635","3.425766370724999","5","true","1635","4.355871233249808","25","true","1635","3.4748591123247805","35","true","1635","5.7411762773057715","45","true","1635","5.38039302028138","65","true","1635","2.7252408680658364","75","true","1635","2.5538945517937157","95","true","1635","5.242939560954202","105","true","1635","5.32063690647477","115","true","1635","3.030629482211358","125","true","1635","5.75714440811357","135","true"
"1636","5.372592721815325","0","true","1636","2.7349174936062495","85","true","1636","3.335109408880621","55","true","1636","3.269984471331351","15","true","1636","3.423673660663469","5","true","1636","4.353210346729803","25","true","1636","3.4727364128059506","35","true","1636","5.737669144576812","45","true","1636","5.377106280501122","65","true","1636","2.723576090504403","75","true","1636","2.5523344451646417","95","true","1636","5.239736787856491","105","true","1636","5.317386670123839","115","true","1636","3.0287781508233245","125","true","1636","5.75362752087587","135","true"
"1637","5.369312750678685","0","true","1637","2.733247824806734","85","true","1637","3.333073322550413","55","true","1637","3.2679881438152756","15","true","1637","3.421583505803479","5","true","1637","4.350552709155487","25","true","1637","3.4706163051058248","35","true","1637","5.734166294061198","45","true","1637","5.37399134122196","65","true","1637","2.7219133456384053","75","true","1637","2.5507762434276673","95","true","1637","5.2365379253486415","105","true","1637","5.314140402315461","115","true","1637","3.026929079913176","125","true","1637","5.750114927761783","135","true"
"1638","5.366036781947338","0","true","1638","2.731580193431013","85","true","1638","3.331039720767283","55","true","1638","3.2659942523303362","15","true","1638","3.4194959014680286","5","true","1638","4.347898314580041","25","true","1638","3.4684987844803787","35","true","1638","5.730667717920831","45","true","1638","5.370712517950928","65","true","1638","2.720252629747229","75","true","1638","2.5492199430961064","95","true","1638","5.233342966272773","105","true","1638","5.310898095785677","115","true","1638","3.0250822653433693","125","true","1638","5.746606620911409","135","true"
"1639","5.36276480829981","0","true","1639","2.7299145957520916","85","true","1639","3.329008598986327","55","true","1639","3.2640027924203787","15","true","1639","3.4174108429915235","5","true","1639","4.34524715707115","25","true","1639","3.466383846197159","35","true","1639","5.727173408336733","45","true","1639","5.367605276013905","65","true","1639","2.718593939119334","75","true","1639","2.5476655406917796","95","true","1639","5.23015190348846","105","true","1639","5.307659743288247","115","true","1639","3.0232377029864526","125","true","1639","5.743102592484024","135","true"
"1640","5.359496822432472","0","true","1640","2.72825102805206","85","true","1640","3.3269799526737214","55","true","1640","3.2620137596401104","15","true","1640","3.4153283257197433","5","true","1640","4.342599230710961","25","true","1640","3.464271485535247","35","true","1640","5.723683357508984","45","true","1640","5.3643343404404655","65","true","1640","2.716937270052229","75","true","1640","2.546113032744984","95","true","1640","5.226964729872685","105","true","1640","5.304425337594592","115","true","1640","3.021395388725035","125","true","1640","5.7396028346580135","135","true"
"1641","5.356232817059492","0","true","1641","2.7265894866220646","85","true","1641","3.324953777306685","55","true","1641","3.260027149555068","15","true","1641","3.413248345009804","5","true","1641","4.339954529596033","25","true","1641","3.462161697785226","35","true","1641","5.720197557656664","45","true","1641","5.361234767602946","65","true","1641","2.715282618852441","75","true","1641","2.5445624157944695","95","true","1641","5.223781438319778","105","true","1641","5.301194871493742","115","true","1641","3.019555318451755","125","true","1641","5.736107339630816","135","true"
"1642","5.352972784912773","0","true","1642","2.7249299677622827","85","true","1642","3.322930068373449","55","true","1642","3.2580429577415835","15","true","1642","3.411170896230127","5","true","1642","4.337313047837302","25","true","1642","3.4600544782491425","35","true","1642","5.716716001017798","45","true","1642","5.357971691055409","65","true","1642","2.713629981835489","75","true","1642","2.5430136863874124","95","true","1642","5.220602021741373","105","true","1642","5.297968337792286","115","true","1642","3.0177174880692528","125","true","1642","5.732616099618868","135","true"
"1643","5.349716718741902","0","true","1643","2.723272467781892","85","true","1643","3.320908821373222","55","true","1643","3.2560611797867525","15","true","1643","3.4090959747604006","5","true","1643","4.334674779560029","25","true","1643","3.457949822240475","35","true","1643","5.713238679849296","45","true","1643","5.354879759212452","65","true","1643","2.7119793553258567","75","true","1643","2.541466841079391","95","true","1643","5.2174264730663475","105","true","1643","5.294745729314309","115","true","1643","3.015881893490135","125","true","1643","5.729129106857543","135","true"
"1644","5.3464646113140954","0","true","1644","2.7216169829990458","85","true","1644","3.318890031816156","55","true","1644","3.254081811288402","15","true","1644","3.4070235759915493","5","true","1644","4.332039718903761","25","true","1644","3.455847725084098","35","true","1644","5.709765586426895","45","true","1644","5.351624513158219","65","true","1644","2.7103307356569655","75","true","1644","2.539921876434358","95","true","1644","5.214254785240775","105","true","1644","5.291527038901353","115","true","1644","3.0140485306369498","125","true","1644","5.725646353601094","135","true"
"1645","5.343216455414148","0","true","1645","2.7199635097408446","85","true","1645","3.316873695223315","55","true","1645","3.2521048478550556","15","true","1645","3.404953695325698","5","true","1645","4.329407860022289","25","true","1645","3.453748182116246","35","true","1645","5.706296713045105","45","true","1645","5.34854019434174","65","true","1645","2.708684119171147","75","true","1645","2.5383787890246166","95","true","1645","5.211086951227871","105","true","1645","5.288312259412348","115","true","1645","3.012217395442152","125","true","1645","5.7221678321226","135","true"
"1646","5.339972243844376","0","true","1646","2.718312044343309","85","true","1646","3.3148598071266404","55","true","1646","3.2501302851059024","15","true","1646","3.4028863281761375","5","true","1646","4.3267791970835985","25","true","1646","3.4516511886844814","35","true","1646","5.702832052017148","45","true","1646","5.345292750386463","65","true","1646","2.7070395022196165","75","true","1646","2.536837575430795","95","true","1646","5.207922964007938","105","true","1646","5.285101383723573","115","true","1646","3.0103884838480766","125","true","1646","5.718693534713904","135","true"
"1647","5.336731969424568","0","true","1647","2.7166625831513533","85","true","1647","3.312848363068918","55","true","1647","3.2481581186707653","15","true","1647","3.4008214699672927","5","true","1647","4.324153724269834","25","true","1647","3.4495567401476586","35","true","1647","5.699371595674904","45","true","1647","5.342216016764404","65","true","1647","2.7053968811624443","75","true","1647","2.5352982322418196","95","true","1647","5.204762816578322","105","true","1647","5.281894404728595","115","true","1647","3.008561791806907","125","true","1647","5.715223453685558","135","true"
"1648","5.333495624991927","0","true","1648","2.715015122518757","85","true","1648","3.310839358603746","55","true","1648","3.2461883441900676","15","true","1648","3.398759116134687","5","true","1648","4.321531435777251","25","true","1648","3.447464831875889","35","true","1648","5.695915336368855","45","true","1648","5.338976346651145","65","true","1648","2.7037562523685312","75","true","1648","2.533760756054893","95","true","1648","5.201606501953351","105","true","1648","5.27869131533822","115","true","1648","3.006737315280644","125","true","1648","5.711757581366768","135","true"
"1649","5.330263203401023","0","true","1649","2.7133696588081397","85","true","1649","3.308832789295501","55","true","1649","3.2442209573148006","15","true","1649","3.3966992621249084","5","true","1649","4.318912325816174","25","true","1649","3.4453754592505095","35","true","1649","5.6924632664680255","45","true","1649","5.335907170526649","65","true","1649","2.7021176122155808","75","true","1649","2.532225143475466","95","true","1649","5.198454013164288","105","true","1649","5.27549210848044","115","true","1649","3.00491505024108","125","true","1649","5.708295910105333","135","true"
"1650","5.327034697523735","0","true","1650","2.711726188390933","85","true","1650","3.3068286507193076","55","true","1650","3.242255953706494","15","true","1650","3.3946419033955775","5","true","1650","4.316296388610955","25","true","1650","3.4432886176640465","35","true","1650","5.689015378359929","45","true","1650","5.332675246135052","65","true","1650","2.7004809570900714","75","true","1650","2.530691391117213","95","true","1650","5.195305343259283","105","true","1650","5.272296777100379","115","true","1650","3.003094992669765","125","true","1650","5.704838432267596","135","true"
"1651","5.323810100249205","0","true","1651","2.710084707647355","85","true","1651","3.304826938461003","55","true","1651","3.24029332903718","15","true","1651","3.392587035415314","5","true","1651","4.313683618399931","25","true","1651","3.441204302520182","35","true","1651","5.685571664450509","45","true","1651","5.329613599945644","65","true","1651","2.6988462833872324","75","true","1651","2.529159495602009","95","true","1651","5.192160485303314","105","true","1651","5.269105314160245","115","true","1651","3.0012771385579797","125","true","1651","5.7013851402383775","135","true"
"1652","5.320589404483779","0","true","1652","2.7084452129663825","85","true","1652","3.3028276481171064","55","true","1652","3.2383330789893656","15","true","1652","3.3905346536637015","5","true","1652","4.311074009435382","25","true","1652","3.439122509233721","35","true","1652","5.682132117164091","45","true","1652","5.32638939329111","65","true","1652","2.697213587511015","75","true","1652","2.5276294535599027","95","true","1652","5.189019432378146","105","true","1652","5.265917712639277","115","true","1652","2.999461483906704","125","true","1652","5.6979360264209316","135","true"
"1653","5.317372603150959","0","true","1653","2.706807700745726","85","true","1653","3.3008307752947865","55","true","1653","3.236375199255998","15","true","1653","3.3884847536312566","5","true","1653","4.308467555983486","25","true","1653","3.4370432332305567","35","true","1653","5.678696728943314","45","true","1653","5.323335249607883","65","true","1653","2.695582865874068","75","true","1653","2.5261012616290923","95","true","1653","5.18588217758227","105","true","1653","5.262733965533691","115","true","1653","2.9976480247265913","125","true","1653","5.69449108323688","135","true"
"1654","5.314159689191352","0","true","1654","2.705172167391801","85","true","1654","3.2988363156118288","55","true","1654","3.234419685540436","15","true","1654","3.386437330819395","5","true","1654","4.305864252324282","25","true","1654","3.434966469947638","35","true","1654","5.675265492249089","45","true","1654","5.320118732840748","65","true","1654","2.693954114897709","75","true","1654","2.5245749164559026","95","true","1654","5.182748714030861","105","true","1654","5.259554065856631","115","true","1654","2.9958367570379347","125","true","1654","5.691050303126163","135","true"
"1655","5.310950655562613","0","true","1655","2.7035386093197045","85","true","1655","3.2968442646966043","55","true","1655","3.232466533556414","15","true","1655","3.3843923807403975","5","true","1655","4.303264092751623","25","true","1655","3.4328922148329353","35","true","1655","5.671838399560532","45","true","1655","5.317072064367555","65","true","1655","2.692327331011901","75","true","1655","2.5230504146947577","95","true","1655","5.179619034855722","105","true","1655","5.256378006638119","115","true","1655","2.9940276768706413","125","true","1655","5.68761367854698","135","true"
"1656","5.307745495239401","0","true","1656","2.7019070229531867","85","true","1656","3.2948546181880367","55","true","1656","3.2305157390280153","15","true","1656","3.38234989891738","5","true","1656","4.3006670715731365","25","true","1656","3.430820463345408","35","true","1656","5.668415443374919","45","true","1656","5.313863209772282","65","true","1656","2.690702510655225","75","true","1656","2.521527753008159","95","true","1656","5.176493133205235","105","true","1656","5.253205780925","115","true","1656","2.992220780264202","125","true","1656","5.684181201975739","135","true"
"1657","5.3045442012133215","0","true","1657","2.700277404724626","85","true","1657","3.292867371735571","55","true","1657","3.2285672976896387","15","true","1657","3.380309880884257","5","true","1657","4.298073183110185","25","true","1657","3.4287512109549705","35","true","1657","5.664996616207625","45","true","1657","5.310823989344937","65","true","1657","2.689079650274854","75","true","1657","2.5200069280666577","95","true","1657","5.173371002244315","105","true","1657","5.250037381780896","115","true","1657","2.990416063267661","125","true","1657","5.680752865906996","135","true"
"1658","5.3013467664928795","0","true","1658","2.698649751075003","85","true","1658","3.290882520999142","55","true","1658","3.2266212052859684","15","true","1658","3.3782723221857136","5","true","1658","4.295482421697822","25","true","1658","3.42668445314246","35","true","1658","5.661581910592068","45","true","1658","5.307622769339304","65","true","1658","2.6874587463265267","75","true","1658","2.5184879365488357","95","true","1658","5.170252635154355","105","true","1658","5.246872802286151","115","true","1658","2.9886135219395915","125","true","1658","5.677328662853405","135","true"
"1659","5.298153184103426","0","true","1659","2.6970240584538736","85","true","1659","3.2889000616491426","55","true","1659","3.2246774575719406","15","true","1659","3.3762372183771676","5","true","1659","4.292894781684751","25","true","1659","3.424620185399603","35","true","1659","5.658171319079663","45","true","1659","5.304590969924782","65","true","1659","2.6858397952745228","75","true","1659","2.516970775141276","95","true","1659","5.167138025133178","105","true","1659","5.2437120355377855","115","true","1659","2.9868131523480614","125","true","1659","5.673908585345663","135","true"
"1660","5.294963447087109","0","true","1660","2.695400323319344","85","true","1660","3.2869199893663916","55","true","1660","3.222736050312716","15","true","1660","3.374204565024743","5","true","1660","4.290310257433285","25","true","1660","3.422558403228983","35","true","1660","5.65476483423976","45","true","1660","5.301397357059084","65","true","1660","2.6842227935916365","75","true","1660","2.5154554405385423","95","true","1660","5.164027165394988","105","true","1660","5.240555074649443","115","true","1660","2.9850149505706094","125","true","1660","5.67049262593245","135","true"
"1661","5.29177754850282","0","true","1661","2.6937785421380447","85","true","1661","3.284942299842104","55","true","1661","3.220796979283647","15","true","1661","3.3721743577052337","5","true","1661","4.287728843319306","25","true","1661","3.420499102144008","35","true","1661","5.651362448659592","45","true","1661","5.298372951754736","65","true","1661","2.6826077377591506","75","true","1661","2.513941929443152","95","true","1661","5.160920049170322","105","true","1661","5.237401912751339","115","true","1661","2.983218912694213","125","true","1661","5.667080777180385","135","true"
"1662","5.2885954814261495","0","true","1662","2.6921587113851055","85","true","1662","3.2829669887778574","55","true","1662","3.2188602402702475","15","true","1662","3.3701465920060727","5","true","1662","4.285150533732223","25","true","1662","3.418442277668876","35","true","1662","5.647964154944223","45","true","1662","5.2951869187109875","65","true","1662","2.6809946242668117","75","true","1662","2.5124302385655555","95","true","1662","5.157816669705999","105","true","1662","5.234252542990213","115","true","1662","2.981425034815263","125","true","1662","5.663673031673962","135","true"
"1663","5.285417238949331","0","true","1663","2.6905408275441287","85","true","1663","3.280994051885563","55","true","1663","3.216925829068162","15","true","1663","3.3681212635252997","5","true","1663","4.282575323074932","25","true","1663","3.416387925338546","35","true","1663","5.6445699457164915","45","true","1663","5.292169880743753","65","true","1663","2.6793834496128053","75","true","1663","2.51092036462411","95","true","1663","5.154717020265069","105","true","1663","5.231106958529281","115","true","1663","2.9796333130395327","125","true","1663","5.660269382015505","135","true"
"1664","5.282242814181194","0","true","1664","2.688924887107165","85","true","1664","3.2790234848874333","55","true","1664","3.214993741483136","15","true","1664","3.3660983678715306","5","true","1664","4.280003205763776","25","true","1664","3.414336040698703","35","true","1664","5.641179813616962","45","true","1664","5.288991400334898","65","true","1664","2.6777742103037285","75","true","1664","2.5094123043450565","95","true","1664","5.151621094126772","105","true","1664","5.227965152548183","115","true","1664","2.9778437434821514","125","true","1664","5.656869820825105","135","true"
"1665","5.2790722002471115","0","true","1665","2.687310886574688","85","true","1665","3.2770552835159523","55","true","1665","3.213063973330985","15","true","1665","3.3640779006639248","5","true","1665","4.277434176228503","25","true","1665","3.412286619305727","35","true","1665","5.6377937513038665","45","true","1665","5.285981703060528","65","true","1665","2.6761669028545665","75","true","1665","2.5079060544624965","95","true","1665","5.148528884586479","105","true","1665","5.224827118242932","115","true","1665","2.9760563222675764","125","true","1665","5.653474340740576","135","true"
"1666","5.275905390288955","0","true","1666","2.685698822455567","85","true","1666","3.2750894435138433","55","true","1666","3.2111365204375653","15","true","1666","3.3620598575321528","5","true","1666","4.274868228912229","25","true","1666","3.410239656726659","35","true","1666","5.6344117514530545","45","true","1666","5.282810748229657","65","true","1666","2.6745615237886673","75","true","1666","2.5064016117183674","95","true","1666","5.145440384955654","105","true","1666","5.22169284882587","115","true","1666","2.9742710455295636","125","true","1666","5.650082934417396","135","true"
"1667","5.272742377465041","0","true","1667","2.6840886912670445","85","true","1667","3.273125960634039","55","true","1667","3.209211378638742","15","true","1667","3.360044234116366","5","true","1667","4.272305358271395","25","true","1667","3.408195148539173","35","true","1667","5.631033806757939","45","true","1667","5.279808365131937","65","true","1667","2.6729580696377147","75","true","1667","2.504898972862421","95","true","1667","5.142355588561796","105","true","1667","5.218562337525614","115","true","1667","2.9724879094111403","125","true","1667","5.646695594528657","135","true"
"1668","5.269583154950082","0","true","1668","2.6824804895347096","85","true","1668","3.2711648306396506","55","true","1668","3.2072885437803604","15","true","1668","3.3580310260671653","5","true","1668","4.2697455587757265","25","true","1668","3.4061530903315402","35","true","1668","5.627659909929444","45","true","1668","5.276644908951511","65","true","1668","2.6713565369417065","75","true","1668","2.503398134652198","95","true","1668","5.139274488748398","105","true","1668","5.215435577587013","115","true","1668","2.970706910064579","125","true","1668","5.6433123137650085","135","true"
"1669","5.266427715935142","0","true","1669","2.6808742137924733","85","true","1669","3.2692060493039383","55","true","1669","3.205368011718216","15","true","1669","3.356020229045568","5","true","1669","4.267188824908196","25","true","1669","3.4041134777025994","35","true","1669","5.624290053695953","45","true","1669","5.2736498136415","65","true","1669","2.669756922248927","75","true","1669","2.5018990938530052","95","true","1669","5.136197078874895","105","true","1669","5.212312562271093","115","true","1669","2.9689280436513665","125","true","1669","5.6399330848346105","135","true"
"1670","5.263276053627581","0","true","1670","2.6792698605825436","85","true","1670","3.2672496124102794","55","true","1670","3.203449778318026","15","true","1670","3.3540118387229794","5","true","1670","4.264635151164983","25","true","1670","3.402076306261724","35","true","1670","5.620924230803257","45","true","1670","5.270493829312571","65","true","1670","2.6681592221159236","75","true","1670","2.500401847237893","95","true","1670","5.1331233523166215","105","true","1670","5.2091932848550115","115","true","1670","2.96715130634218","125","true","1670","5.636557900463076","135","true"
"1671","5.260128161251009","0","true","1671","2.677667426455401","85","true","1671","3.2652955157521393","55","true","1671","3.2015338394553954","15","true","1671","3.3520058507811594","5","true","1671","4.262084532055435","25","true","1671","3.4000415716287926","35","true","1671","5.6175624340144985","45","true","1671","5.267505995527834","65","true","1671","2.666563433107481","75","true","1671","2.498906391587631","95","true","1671","5.130053302464757","105","true","1671","5.206077738632012","115","true","1671","2.9653766943168556","125","true","1671","5.633186753393421","135","true"
"1672","5.25698403204524","0","true","1672","2.676066907969773","85","true","1672","3.2633437551330404","55","true","1672","3.199620191015793","15","true","1672","3.3500022609121927","5","true","1672","4.2595369621020245","25","true","1672","3.3980092694341546","35","true","1672","5.614204656110126","45","true","1672","5.264357456379281","65","true","1672","2.664969551796598","75","true","1672","2.4974127236906867","95","true","1672","5.126986922726285","105","true","1672","5.202965916911372","115","true","1672","2.9636042037643646","125","true","1672","5.629819636386013","135","true"
"1673","5.2538436592662405","0","true","1673","2.6744683016926105","85","true","1673","3.2613943263665335","55","true","1673","3.197708828894517","15","true","1673","3.3480010648184577","5","true","1673","4.256992435840314","25","true","1673","3.395979395318603","35","true","1673","5.610850889887838","45","true","1673","5.261376857983137","65","true","1673","2.663377574764461","75","true","1673","2.495920840343201","95","true","1673","5.12392420652394","105","true","1673","5.199857813018354","115","true","1673","2.961833830882785","125","true","1673","5.626456542218518","135","true"
"1674","5.250707036186082","0","true","1674","2.672871604199063","85","true","1674","3.259447225276165","55","true","1674","3.1957997489966696","15","true","1674","3.346002258212596","5","true","1674","4.254450947818918","25","true","1674","3.3939519449333377","35","true","1674","5.607501128162532","45","true","1674","5.258235737470908","65","true","1674","2.6617874986004226","75","true","1674","2.4944307383489663","95","true","1674","5.120865147296164","105","true","1674","5.196753420294164","115","true","1674","2.960065571879273","125","true","1674","5.623097463685851","135","true"
"1675","5.247574156092892","0","true","1675","2.6712768120724526","85","true","1675","3.2575024476954515","55","true","1675","3.1938929472371247","15","true","1675","3.344005836817481","5","true","1675","4.251912492599455","25","true","1675","3.391926913939941","35","true","1675","5.604155363766254","45","true","1675","5.255262348451674","65","true","1675","2.660199319901974","75","true","1675","2.4929424145194026","95","true","1675","5.117809738497061","105","true","1675","5.193652732095898","115","true","1675","2.958299422970037","125","true","1675","5.619742393600119","135","true"
"1676","5.244445012290809","0","true","1676","2.6696839219042516","85","true","1676","3.2555599894678453","55","true","1676","3.1919884195405017","15","true","1676","3.342011796366189","5","true","1676","4.249377064756522","25","true","1676","3.3899042980103404","35","true","1676","5.600813589548147","45","true","1676","5.2521286201580235","65","true","1676","2.6586130352747217","75","true","1676","2.4914558656735353","95","true","1676","5.1147579735963475","105","true","1676","5.190555741796497","115","true","1676","2.9565353803803114","125","true","1676","5.616391324790579","135","true"
"1677","5.241319598099933","0","true","1677","2.6680929302940584","85","true","1677","3.2536198464467083","55","true","1677","3.190086161841133","15","true","1677","3.340020132601966","5","true","1677","4.246844658877644","25","true","1677","3.3878840928267824","35","true","1677","5.597475798374399","45","true","1677","5.249162414628271","65","true","1677","2.657028641332365","75","true","1677","2.489971088637973","95","true","1677","5.111709846079306","105","true","1677","5.187462442784699","115","true","1677","2.954773440344328","125","true","1677","5.6130442501035755","135","true"
"1678","5.238197906856276","0","true","1678","2.6665038338495712","85","true","1678","3.251682014495281","55","true","1678","3.1881861700830383","15","true","1678","3.3380308412782003","5","true","1678","4.244315269563244","25","true","1678","3.3858662940817994","35","true","1678","5.594141983128196","45","true","1678","5.246036052261012","65","true","1678","2.6554461346966693","75","true","1678","2.4884880802468845","95","true","1678","5.108665349446739","105","true","1678","5.184372828464994","115","true","1678","2.95301359910529","125","true","1678","5.6097011624025015","135","true"
"1679","5.235079931911718","0","true","1679","2.664916629186566","85","true","1679","3.249746489486653","55","true","1679","3.1862884402198937","15","true","1679","3.336043918158392","5","true","1679","4.2417888914266","25","true","1679","3.383850897478179","35","true","1679","5.590812136709668","45","true","1679","5.243077004456828","65","true","1679","2.6538655119974455","75","true","1679","2.4870068373419754","95","true","1679","5.105624477214926","105","true","1679","5.1812868922575746","115","true","1679","2.9512558529153465","125","true","1679","5.606362054567738","135","true"
"1680","5.23196566663396","0","true","1680","2.66333131292887","85","true","1680","3.247813267303734","55","true","1680","3.1843929682150036","15","true","1680","3.3340593590161207","5","true","1680","4.239265519093806","25","true","1680","3.3818378987289357","35","true","1680","5.587486252035837","45","true","1680","5.239957981848585","65","true","1680","2.652286769872521","75","true","1680","2.485527356772468","95","true","1680","5.102587222915571","105","true","1680","5.17820462759829","115","true","1680","2.9495001980355635","125","true","1680","5.603026919496609","135","true"
"1681","5.228855104406473","0","true","1681","2.6617478817083415","85","true","1681","3.245882343839225","55","true","1681","3.182499750041273","15","true","1681","3.332077159635017","5","true","1681","4.236745147203738","25","true","1681","3.3798272935572777","35","true","1681","5.5841643220405714","45","true","1681","5.237006066128838","65","true","1681","2.6507099049677216","75","true","1681","2.4840496353950767","95","true","1681","5.099553580095764","105","true","1681","5.1751260279385995","115","true","1681","2.947746630735899","125","true","1681","5.599695750103329","135","true"
"1682","5.225748238628453","0","true","1682","2.6601663321648426","85","true","1682","3.2439537149955893","55","true","1682","3.1806087816811774","15","true","1682","3.3300973158087337","5","true","1682","4.234227770408014","25","true","1682","3.377819077696578","35","true","1682","5.580846339674535","45","true","1682","5.2338943572363075","65","true","1682","2.6491349139368436","75","true","1682","2.482573670073986","95","true","1682","5.09652354231793","105","true","1682","5.172051086745529","115","true","1682","2.945995147295177","125","true","1682","5.596368539318954","135","true"
"1683","5.222645062714778","0","true","1683","2.6585866609462174","85","true","1683","3.242027376685022","55","true","1683","3.178720059126735","15","true","1683","3.3281198233409137","5","true","1683","4.231713383370955","25","true","1683","3.375813246890345","35","true","1683","5.577532297905131","45","true","1683","5.230949548081911","65","true","1683","2.647561793441632","75","true","1683","2.4810994576808305","95","true","1683","5.093497103159783","105","true","1683","5.168979797501618","115","true","1683","2.9442457440010585","125","true","1683","5.59304528009133","135","true"
"1684","5.219545570095957","0","true","1684","2.657008864708267","85","true","1684","3.2401033248294224","55","true","1684","3.1768335783794783","15","true","1684","3.3261446780451625","5","true","1684","4.229201980769547","25","true","1684","3.3738097968921905","35","true","1684","5.574222189716464","45","true","1684","5.227845126985127","65","true","1684","2.6459905401517556","75","true","1684","2.47962699509467","95","true","1684","5.0904742562142875","105","true","1684","5.165912153704881","115","true","1684","2.942498417150019","125","true","1684","5.589725965385044","135","true"
"1685","5.2164497542180825","0","true","1685","2.655432940114727","85","true","1685","3.2381815553603657","55","true","1685","3.1749493354504277","15","true","1685","3.324171875745017","5","true","1685","4.226693557293409","25","true","1685","3.371808723465801","35","true","1685","5.570916008109277","45","true","1685","5.224907398998323","65","true","1685","2.6444211507447855","75","true","1685","2.4781562792019685","95","true","1685","5.0874549950896055","105","true","1685","5.162848148868758","115","true","1685","2.9407531630473205","125","true","1685","5.586410588181376","135","true"
"1686","5.213357608542791","0","true","1686","2.653858883837244","85","true","1686","3.2362620642190736","55","true","1686","3.17306732636006","15","true","1686","3.3222014122739174","5","true","1686","4.224188107644746","25","true","1686","3.369810022384909","35","true","1686","5.567613746100914","45","true","1686","5.221810239899924","65","true","1686","2.64285362190617","75","true","1686","2.476687306896573","95","true","1686","5.084439313409055","105","true","1686","5.159787776522066","115","true","1686","2.9390099780069843","125","true","1686","5.583099141478245","135","true"
"1687","5.210269126547208","0","true","1687","2.6522866925553497","85","true","1687","3.2343448473563843","55","true","1687","3.171187547138283","15","true","1687","3.3202332834751767","5","true","1687","4.221685626538322","25","true","1687","3.367813689433259","35","true","1687","5.564315396725262","45","true","1687","5.218879567803558","65","true","1687","2.641287950329211","75","true","1687","2.475220075079691","95","true","1687","5.081427204811064","105","true","1687","5.15673103020896","115","true","1687","2.937268858351767","125","true","1687","5.579791618290166","135","true"
"1688","5.2071843017239114","0","true","1688","2.650716362956442","85","true","1688","3.2324299007327277","55","true","1688","3.1693099938244056","15","true","1688","3.318267485201953","5","true","1688","4.219186108701413","25","true","1688","3.365819720404583","35","true","1688","5.561020953032707","45","true","1688","5.215789645028067","65","true","1688","2.639724132715043","75","true","1688","2.473754580659869","95","true","1688","5.078418662949127","105","true","1688","5.153677903488884","115","true","1688","2.9355298004131334","125","true","1688","5.576488011648194","135","true"
"1689","5.20410312758088","0","true","1689","2.6491478917357574","85","true","1689","3.230517220318093","55","true","1689","3.1674346624671132","15","true","1689","3.316304013317218","5","true","1689","4.216689548873779","25","true","1689","3.3638281111025687","35","true","1689","5.557730408090084","45","true","1689","5.2128660036648755","65","true","1689","2.6381621657726084","75","true","1689","2.4722908205529697","95","true","1689","5.07541368149176","105","true","1689","5.150628389936523","115","true","1689","2.933792800531232","125","true","1689","5.573188314599881","135","true"
"1690","5.201025597641447","0","true","1690","2.6475812755963513","85","true","1690","3.2286068020920027","55","true","1690","3.165561549124436","15","true","1690","3.3143428636937307","5","true","1690","4.2141959418076205","25","true","1690","3.3618388573408287","35","true","1690","5.554443754980628","45","true","1690","5.209783291657977","65","true","1690","2.636602046218633","75","true","1690","2.470828791682152","95","true","1690","5.072412254122457","105","true","1690","5.147582483141765","115","true","1690","2.932057855054868","125","true","1690","5.569892520209225","135","true"
"1691","5.197951705444259","0","true","1691","2.6460165112490723","85","true","1691","3.226698642043485","55","true","1691","3.163690649863724","15","true","1691","3.3123840322140063","5","true","1691","4.211705282267546","25","true","1691","3.3598519549428727","35","true","1691","5.551160986803925","45","true","1691","5.206866655989877","65","true","1691","2.6350437707776053","75","true","1691","2.469368490977848","95","true","1691","5.069414374539642","105","true","1691","5.144540176709648","115","true","1691","2.930324960341479","125","true","1691","5.56660062155662","135","true"
"1692","5.194881444543229","0","true","1692","2.64445359541254","85","true","1692","3.2247927361710436","55","true","1692","3.1618219607616194","15","true","1692","3.3104275147702884","5","true","1692","4.20921756503053","25","true","1692","3.3578673997420796","35","true","1692","5.547882096675867","45","true","1692","5.203791129317704","65","true","1692","2.6334873361817532","75","true","1692","2.467909915377743","95","true","1692","5.0664200364566305","105","true","1692","5.141501464260322","115","true","1692","2.928594112757107","125","true","1692","5.563312611738807","135","true"
"1693","5.191814808507489","0","true","1693","2.642892524813123","85","true","1693","3.222889080482631","55","true","1693","3.1599554779040266","15","true","1693","3.308473307264521","5","true","1693","4.206732784885884","25","true","1693","3.355885187581665","35","true","1693","5.544607077728596","45","true","1693","5.200881474425092","65","true","1693","2.6319327391710203","75","true","1693","2.4664530618267526","95","true","1693","5.063429233601579","105","true","1693","5.138466339428999","115","true","1693","2.9268653086763767","125","true","1693","5.560028483868831","135","true"
"1694","5.18875179092135","0","true","1694","2.6413332961849147","85","true","1694","3.2209876709956204","55","true","1694","3.1580911973860895","15","true","1694","3.3065214056083176","5","true","1694","4.204250936635214","25","true","1694","3.3539053143146553","35","true","1694","5.541335923110467","45","true","1694","5.197813107773514","65","true","1694","2.6303799764930433","75","true","1694","2.464997927277002","95","true","1694","5.060441959717449","105","true","1694","5.135434795865915","115","true","1694","2.9251385444824676","125","true","1694","5.556748231075988","135","true"
"1695","5.185692385384249","0","true","1695","2.639775906269711","85","true","1695","3.2190885037367787","55","true","1695","3.1562291153121587","15","true","1695","3.3045718057229356","5","true","1695","4.201772015092386","25","true","1695","3.3519277758038566","35","true","1695","5.538068625985992","45","true","1695","5.194910408854563","65","true","1695","2.6288290449031297","75","true","1695","2.463544508687806","95","true","1695","5.057458208561955","105","true","1695","5.132406827236276","115","true","1695","2.9234138165670887","125","true","1695","5.553471846505778","135","true"
"1696","5.182636585510717","0","true","1696","2.638220351816989","85","true","1696","3.2171915747422375","55","true","1696","3.15436922779577","15","true","1696","3.3026245035392447","5","true","1696","4.199296015083492","25","true","1696","3.3499525679218274","35","true","1696","5.534805179535794","45","true","1696","5.191849177028485","65","true","1696","2.6272799411642356","75","true","1696","2.4620928030256444","95","true","1696","5.054477973907528","105","true","1696","5.129382427220227","115","true","1696","2.921691121330455","125","true","1696","5.550199323319858","135","true"
"1697","5.1795843849303225","0","true","1697","2.6366666295838814","85","true","1697","3.2152968800574655","55","true","1697","3.152511530959612","15","true","1697","3.3006794949977025","5","true","1697","4.196822931446812","25","true","1697","3.3479796865508487","35","true","1697","5.531545576956562","45","true","1697","5.188953409398453","65","true","1697","2.6257326620469423","75","true","1697","2.4606428072641453","95","true","1697","5.0515012495412694","105","true","1697","5.126361589512794","115","true","1697","2.9199704551812617","125","true","1697","5.546930654695995","135","true"
"1698","5.176535777287632","0","true","1698","2.635114736335156","85","true","1698","3.2134044157372434","55","true","1698","3.150656020935504","15","true","1698","3.2987367760483215","5","true","1698","4.1943527590327765","25","true","1698","3.3460091275828963","35","true","1698","5.5282898114610015","45","true","1698","5.185899287321114","65","true","1698","2.624187204329434","75","true","1698","2.4591945183840607","95","true","1698","5.048528029264906","105","true","1698","5.123344307823852","115","true","1698","2.9182518145366583","125","true","1698","5.543665833828016","135","true"
"1699","5.173490756242169","0","true","1699","2.6335646688431944","85","true","1699","3.2115141778456335","55","true","1699","3.1488026938643654","15","true","1699","3.296796342650646","5","true","1699","4.191885492703934","25","true","1699","3.3440408869196125","35","true","1699","5.525037876277789","45","true","1699","5.18301042641165","65","true","1699","2.6226435647974755","75","true","1699","2.457747933373246","95","true","1699","5.04555830689475","105","true","1699","5.120330575878073","115","true","1699","2.9165351958222248","125","true","1699","5.540404853925764","135","true"
"1700","5.170449315468364","0","true","1700","2.632016423887966","85","true","1700","3.2096261624559532","55","true","1700","3.1469515458961914","15","true","1700","3.2948581907737204","5","true","1700","4.189421127334913","25","true","1700","3.3420749604722757","35","true","1700","5.5217897646515235","45","true","1700","5.17996338912393","65","true","1700","2.6211017402443906","75","true","1700","2.4563030492266424","95","true","1700","5.042592076261655","105","true","1700","5.117320387414888","115","true","1700","2.9148205954719475","125","true","1700","5.53714770821505","135","true"
"1701","5.167411448655515","0","true","1701","2.6304699982570097","85","true","1701","3.2077403656507504","55","true","1701","3.1451025731900244","15","true","1701","3.2929223163960626","5","true","1701","4.186959657812389","25","true","1701","3.340111344161775","35","true","1701","5.51854546984268","45","true","1701","5.177081410482397","65","true","1701","2.619561727471039","75","true","1701","2.454859862946251","95","true","1701","5.039629331210972","105","true","1701","5.11431373618844","115","true","1701","2.913108009928192","125","true","1701","5.533894389937603","135","true"
"1702","5.164377149507743","0","true","1702","2.6289253887454085","85","true","1702","3.2058567835217713","55","true","1702","3.143255771913929","15","true","1702","3.290988715505636","5","true","1702","4.184501079035048","25","true","1702","3.3381500339185797","35","true","1702","5.515304985127564","45","true","1702","5.174041433142126","65","true","1702","2.6180235232857947","75","true","1702","2.453418371541115","95","true","1702","5.03667006560251","105","true","1702","5.111310615967542","115","true","1702","2.911397435641681","125","true","1702","5.530644892351027","135","true"
"1703","5.161346411743948","0","true","1703","2.6273825921557687","85","true","1703","3.2039754121699393","55","true","1703","3.1414111382449654","15","true","1703","3.289057384099823","5","true","1703","4.182045385913549","25","true","1703","3.336191025682712","35","true","1703","5.512068303798264","45","true","1703","5.171166312430911","65","true","1703","2.6164871245045234","75","true","1703","2.4519785720272997","95","true","1703","5.03371427331049","105","true","1703","5.108311020535637","115","true","1703","2.9096888690714686","125","true","1703","5.527399208728756","135","true"
"1704","5.1583192290977635","0","true","1704","2.6258416052981994","85","true","1704","3.2020962477053234","55","true","1704","3.139568668369162","15","true","1704","3.287128318185395","5","true","1704","4.179592573370491","25","true","1704","3.334234315403719","35","true","1704","5.508835419162605","45","true","1704","5.168133370312184","65","true","1704","2.614952527950562","75","true","1704","2.4505404614278703","95","true","1704","5.030761948223504","105","true","1704","5.105314943690748","115","true","1704","2.907982306684916","125","true","1704","5.52415733236","135","true"
"1705","5.155295595317519","0","true","1705","2.6243024249902875","85","true","1705","3.200219286247114","55","true","1705","3.1377283584814895","15","true","1705","3.2852015137784867","5","true","1705","4.177142636340379","25","true","1705","3.3322798990406453","35","true","1705","5.505606324544104","45","true","1705","5.165265083308034","65","true","1705","2.613419730454694","75","true","1705","2.4491040367728716","95","true","1705","5.0278130842444755","105","true","1705","5.102322379245442","115","true","1705","2.906277744957668","125","true","1705","5.520919256549707","135","true"
"1706","5.15227550416619","0","true","1706","2.6227650480570768","85","true","1706","3.1983445239235953","55","true","1706","3.1358902047858357","15","true","1706","3.2832769669045687","5","true","1706","4.174695569769588","25","true","1706","3.330327772562004","35","true","1706","5.502381013281923","45","true","1706","5.162239151800531","65","true","1706","2.611888728855131","75","true","1706","2.447669295099308","95","true","1706","5.024867675290612","105","true","1706","5.099333321026786","115","true","1706","2.9045751803736275","125","true","1706","5.517684974618512","135","true"
"1707","5.1492589494213625","0","true","1707","2.621229471331048","85","true","1707","3.1964719568721174","55","true","1707","3.134054203494977","15","true","1707","3.2813546735984183","5","true","1707","4.172251368616327","25","true","1707","3.32837793194575","35","true","1707","5.499159478730821","45","true","1707","5.159377674393876","65","true","1707","2.610359519997487","75","true","1707","2.4462362334511236","95","true","1707","5.02192571529337","105","true","1707","5.096347762876302","115","true","1707","2.902874609424931","125","true","1707","5.514454479902693","135","true"
"1708","5.146245924875183","0","true","1708","2.619695691652095","85","true","1708","3.194601581239074","55","true","1708","3.132220350830557","15","true","1708","3.2794346299040953","5","true","1708","4.169810027850606","25","true","1708","3.3264303731792517","35","true","1708","5.495941714261113","45","true","1708","5.156358729002188","65","true","1708","2.608832100734762","75","true","1708","2.4448048488791803","95","true","1708","5.018987198198405","105","true","1708","5.093365698649927","115","true","1708","2.9011760286119266","125","true","1708","5.511227765754125","135","true"
"1709","5.14323642433432","0","true","1709","2.618163705867503","85","true","1709","3.1927333931798696","55","true","1709","3.1303886430230534","15","true","1709","3.2775168318749115","5","true","1709","4.167371542454203","25","true","1709","3.324485092259264","35","true","1709","5.4927277132586205","45","true","1709","5.153504037196475","65","true","1709","2.6073064679273146","75","true","1709","2.443375138441239","95","true","1709","5.016052117965541","105","true","1709","5.090387122217968","115","true","1709","2.8994794344431476","125","true","1709","5.508004825540234","135","true"
"1710","5.140230441619923","0","true","1710","2.616633510831929","85","true","1710","3.190867388858899","55","true","1710","3.12855907631176","15","true","1710","3.2756012755734067","5","true","1710","4.164935907420624","25","true","1710","3.3225420851919","35","true","1710","5.48951746912463","45","true","1710","5.150492053539435","65","true","1710","2.605782618442845","75","true","1710","2.44194709920194","95","true","1710","5.013120468568717","105","true","1710","5.0874120274650645","115","true","1710","2.8977848234352908","125","true","1710","5.5047856526439505","135","true"
"1711","5.137227970567574","0","true","1711","2.6151051034073776","85","true","1711","3.189003564449519","55","true","1711","3.1267316469447555","15","true","1711","3.2736879570713193","5","true","1711","4.162503117755074","25","true","1711","3.3206013479926058","35","true","1711","5.486310975275842","45","true","1711","5.147644123450471","65","true","1711","2.6042605491563715","75","true","1711","2.4405207282327797","95","true","1711","5.010192243995955","105","true","1711","5.084440408290143","115","true","1711","2.8960921921131906","125","true","1711","5.501570240463669","135","true"
"1712","5.1342290050272545","0","true","1712","2.6135784804631816","85","true","1712","3.18714191613402","55","true","1712","3.12490635117888","15","true","1712","3.2717768724495615","5","true","1712","4.160073168474423","25","true","1712","3.31866287668613","35","true","1712","5.483108225144333","45","true","1712","5.144639077260482","65","true","1712","2.602740256950209","75","true","1712","2.439096022612095","95","true","1712","5.007267438249314","105","true","1712","5.081472258606378","115","true","1712","2.894401537009797","125","true","1712","5.498358582413193","135","true"
"1713","5.131233538863294","0","true","1713","2.6120536388759805","85","true","1713","3.1852824401036037","55","true","1713","3.123083185279709","15","true","1713","3.2698680177981907","5","true","1713","4.157646054607168","25","true","1713","3.3167266673065","35","true","1713","5.479909212177504","45","true","1713","5.141797885115776","65","true","1713","2.601221738713949","75","true","1713","2.4376729794250402","95","true","1713","5.004346045344851","105","true","1713","5.078507572341146","115","true","1713","2.8927128546661507","125","true","1713","5.495150671921704","135","true"
"1714","5.128241565954337","0","true","1714","2.610530575529697","85","true","1714","3.183425132558354","55","true","1714","3.1212621455215284","15","true","1714","3.267961389216384","5","true","1714","4.155221771193403","25","true","1714","3.3147927158969916","35","true","1714","5.476713929838042","45","true","1714","5.138799752238158","65","true","1714","2.5997049913444363","75","true","1714","2.4362515957635678","95","true","1714","5.00142805931258","105","true","1714","5.075546343435991","115","true","1714","2.89102614163136","125","true","1714","5.491946502433702","135","true"
"1715","5.125253080193291","0","true","1715","2.609009287315519","85","true","1715","3.1815699897072127","55","true","1715","3.1194432281873086","15","true","1715","3.2660569828124117","5","true","1715","4.152800313284782","25","true","1715","3.3128610185101053","35","true","1715","5.47352237160387","45","true","1715","5.135965274376266","65","true","1715","2.598190011745751","75","true","1715","2.4348318687264094","95","true","1715","4.9985134741964306","105","true","1715","5.072588565846576","115","true","1715","2.889341394462577","125","true","1715","5.488746067408974","135","true"
"1716","5.122268075487296","0","true","1716","2.6074897711318754","85","true","1716","3.179717007767954","55","true","1716","3.117626429568679","15","true","1716","3.26415479470361","5","true","1716","4.150381675944488","25","true","1716","3.310931571207537","35","true","1716","5.470334530968108","45","true","1716","5.132974030768592","65","true","1716","2.5966767968291835","75","true","1716","2.433413795419056","95","true","1716","4.995602284054208","105","true","1716","5.069634233542647","115","true","1716","2.887658609724975","125","true","1716","5.48554936032254","135","true"
"1717","5.119286545757676","0","true","1717","2.605972023884418","85","true","1717","3.1778661829671577","55","true","1717","3.115811745965903","15","true","1717","3.2622548210163553","5","true","1717","4.147965854247198","25","true","1717","3.3090043700601517","35","true","1717","5.4671504014390235","45","true","1717","5.130146243638479","65","true","1717","2.5951653435132176","75","true","1717","2.4319973729537363","95","true","1717","4.992694482957552","105","true","1717","5.066683340507989","115","true","1717","2.8859777839917244","125","true","1717","5.48235637466461","135","true"
"1718","5.1163084849399","0","true","1718","2.6044560424859977","85","true","1718","3.1760175115401843","55","true","1718","3.113999173687854","15","true","1718","3.2603570578860377","5","true","1718","4.14555284327905","25","true","1718","3.3070794111479587","35","true","1718","5.46396997653999","45","true","1718","5.127161865369928","65","true","1718","2.593655648723507","75","true","1718","2.4305825984494","95","true","1718","4.989790064991899","105","true","1718","5.063735880740387","115","true","1718","2.8842989138439687","125","true","1718","5.479167103940547","135","true"
"1719","5.113333886983539","0","true","1719","2.6029418238566455","85","true","1719","3.174170989731149","55","true","1719","3.1121887090519893","15","true","1719","3.258461501457034","5","true","1719","4.143142638137609","25","true","1719","3.3051566905600818","35","true","1719","5.460793249809443","45","true","1719","5.124340745530314","65","true","1719","2.5921477093928535","75","true","1719","2.429169469031697","95","true","1719","4.986889024256439","105","true","1719","5.060791848251585","115","true","1719","2.8826219958708035","125","true","1719","5.475981541670814","135","true"
"1720","5.11036274585223","0","true","1720","2.6014293649235505","85","true","1720","3.172326613792898","55","true","1720","3.1103803483843238","15","true","1720","3.2565681478826836","5","true","1720","4.140735233931834","25","true","1720","3.3032362043947363","35","true","1720","5.457620214800838","45","true","1720","5.121363208781022","65","true","1720","2.59064152246119","75","true","1720","2.427757981832957","95","true","1720","4.983991354864076","105","true","1720","5.057851237067243","115","true","1720","2.8809470266692516","125","true","1720","5.472799681390936","135","true"
"1721","5.107395055523628","0","true","1721","2.5999186626210395","85","true","1721","3.1704843799869784","55","true","1721","3.1085740880194086","15","true","1721","3.2546769933252606","5","true","1721","4.138330625782048","25","true","1721","3.3013179487591993","35","true","1721","5.4544508650826025","45","true","1721","5.118548732899752","65","true","1721","2.5891370848755564","75","true","1721","2.426348133992171","95","true","1721","4.981097050941391","105","true","1721","5.054914041226902","115","true","1721","2.8792740028442405","125","true","1721","5.4696215166514515","135","true"
"1722","5.104430809989371","0","true","1722","2.5984097138905575","85","true","1722","3.16864428458362","55","true","1722","3.1067699243003024","15","true","1722","3.252788033955948","5","true","1722","4.1359288088199","25","true","1722","3.2994019197697857","35","true","1722","5.451285194238097","45","true","1722","5.11557801396017","65","true","1722","2.58763439359008","75","true","1722","2.424939922654973","95","true","1722","4.9782061066285985","105","true","1722","5.051980254783937","115","true","1722","2.8776029210085796","125","true","1722","5.466447041017876","135","true"
"1723","5.101470003255039","0","true","1723","2.596902515680644","85","true","1723","3.1668063238617035","55","true","1723","3.1049678535785508","15","true","1723","3.2509012659548135","5","true","1723","4.133529778188334","25","true","1723","3.2974881135518217","35","true","1723","5.44812319586557","45","true","1723","5.112770158813577","65","true","1723","2.586133445565956","75","true","1723","2.423533344973619","95","true","1723","4.9753185160795095","105","true","1723","5.049049871805525","115","true","1723","2.8759337777829366","125","true","1723","5.46327624807065","135","true"
"1724","5.098512629340108","0","true","1724","2.595397064946916","85","true","1724","3.16497049410874","55","true","1724","3.1031678722141574","15","true","1724","3.2490166855107816","5","true","1724","4.131133529041557","25","true","1724","3.295576526239618","35","true","1724","5.444964863578111","45","true","1724","5.1098062340838295","65","true","1724","2.584634237771425","75","true","1724","2.4221283981069672","95","true","1724","4.972434273461492","105","true","1724","5.046122886372594","115","true","1724","2.874266569795816","125","true","1724","5.460109131405101","135","true"
"1725","5.095558682277918","0","true","1725","2.5938933586520454","85","true","1725","3.163136791620844","55","true","1725","3.1013699765755627","15","true","1725","3.2471342888216097","5","true","1725","4.12874005654501","25","true","1725","3.2936671539764433","35","true","1725","5.441810191003617","45","true","1725","5.107004976556107","65","true","1725","2.5831367671817542","75","true","1725","2.4207250792204626","95","true","1725","4.969553372955431","105","true","1725","5.043199292579794","115","true","1725","2.8726012936835357","125","true","1725","5.456945684631402","135","true"
"1726","5.0926081561156264","0","true","1726","2.5923913937657383","85","true","1726","3.161305212702708","55","true","1726","3.0995741630396187","15","true","1726","3.245254072093861","5","true","1726","4.126349355875325","25","true","1726","3.2917599929145","35","true","1726","5.438659171784738","45","true","1726","5.104047822545362","65","true","1726","2.5816410307792172","75","true","1726","2.419323385486114","95","true","1726","4.9666758087556895","105","true","1726","5.0402790845354515","115","true","1726","2.870937946090204","125","true","1726","5.4537859013745225","135","true"
"1727","5.089661044914171","0","true","1727","2.590891167264717","85","true","1727","3.159475753667579","55","true","1727","3.0977804279915633","15","true","1727","3.2433760315428812","5","true","1727","4.1239614222203045","25","true","1727","3.2898550392148964","35","true","1727","5.435511799578844","45","true","1727","5.101253139627936","65","true","1727","2.580147025553072","75","true","1727","2.417923314082476","95","true","1727","4.963801575070066","105","true","1727","5.03736225636153","115","true","1727","2.8692765236676983","125","true","1727","5.45062977527419","135","true"
"1728","5.086717342748228","0","true","1728","2.5893926761326953","85","true","1728","3.1576484108372336","55","true","1728","3.095988767824998","15","true","1728","3.2415001633927694","5","true","1728","4.121576250778882","25","true","1728","3.2879522890476234","35","true","1728","5.4323680680579765","45","true","1728","5.098302732953773","65","true","1728","2.578654748499542","75","true","1728","2.416524862194632","95","true","1728","4.960930666119766","105","true","1728","5.0344488021935945","115","true","1728","2.8676170230756406","125","true","1728","5.447477299984847","135","true"
"1729","5.083777043706178","0","true","1729","2.587895917360364","85","true","1729","3.155823180541952","55","true","1729","3.094199178941862","15","true","1729","3.2396264638763577","5","true","1729","4.119193836761091","25","true","1729","3.2860517385915267","35","true","1729","5.42922797090881","45","true","1729","5.095514601744686","65","true","1729","2.5771641966217964","75","true","1729","2.415128027014173","95","true","1729","4.95806307613935","105","true","1729","5.031538716180766","115","true","1729","2.865959440981377","125","true","1729","5.444328469175607","135","true"
"1730","5.080840141890056","0","true","1730","2.586400887945367","85","true","1730","3.154000059120495","55","true","1730","3.0924116577524097","15","true","1730","3.237754929235181","5","true","1730","4.116814175388034","25","true","1730","3.284153384034281","35","true","1730","5.426091501832606","45","true","1730","5.092570919132471","65","true","1730","2.5756753669299295","75","true","1730","2.413732805739179","95","true","1730","4.955198799376705","105","true","1730","5.028631992485687","115","true","1730","2.8643037740599553","125","true","1730","5.4411832765302135","135","true"
"1731","5.077906631415524","0","true","1731","2.5849075848922807","85","true","1731","3.152179042920079","55","true","1731","3.0906262006751857","15","true","1731","3.2358855557194564","5","true","1731","4.114437261891852","25","true","1731","3.282257221572368","35","true","1731","5.422958654545174","45","true","1731","5.089789316835763","65","true","1731","2.57418825644094","75","true","1731","2.4123391955742024","95","true","1731","4.952337830093","105","true","1731","5.025728625284483","115","true","1731","2.8626500189941004","125","true","1731","5.438041715746998","135","true"
"1732","5.074976506411822","0","true","1732","2.5834160052125967","85","true","1732","3.1503601282963514","55","true","1732","3.088842804137","15","true","1732","3.2340183395880544","5","true","1732","4.1120630915156875","25","true","1732","3.280363247411045","35","true","1732","5.419829422776828","45","true","1732","5.086852335118027","65","true","1732","2.572702862178712","75","true","1732","2.4109471937302476","95","true","1732","4.949480162562652","105","true","1732","5.022828608766719","115","true","1732","2.860998172474196","125","true","1732","5.434903780538835","135","true"
"1733","5.072049761021734","0","true","1733","2.5819261459247005","85","true","1733","3.148543311613366","55","true","1733","3.0870614645729075","15","true","1733","3.232153277108477","5","true","1733","4.10969165951366","25","true","1733","3.2784714577643257","35","true","1733","5.416703800272343","45","true","1733","5.084077239043122","65","true","1733","2.5712191811739955","75","true","1733","2.4095567974247514","95","true","1733","4.946625791073284","105","true","1733","5.019931937135366","115","true","1733","2.85934823119826","125","true","1733","5.431769464633103","135","true"
"1734","5.069126389401549","0","true","1734","2.58043800405385","85","true","1734","3.14672858924356","55","true","1734","3.0852821784261795","15","true","1734","3.2302903645568293","5","true","1734","4.107322961150828","25","true","1734","3.2765818488549514","35","true","1734","5.413581780790918","45","true","1734","5.081146935158947","65","true","1734","2.569737210464385","75","true","1734","2.408168003881567","95","true","1734","4.943774709925692","105","true","1734","5.017038604606758","115","true","1734","2.8577001918719205","125","true","1734","5.4286387617716425","135","true"
"1735","5.066206385721018","0","true","1735","2.5789515766321602","85","true","1735","3.1449159575677283","55","true","1735","3.0835049421482843","15","true","1735","3.2284295982177986","5","true","1735","4.104956991703161","25","true","1735","3.274694416914367","35","true","1735","5.41046335810613","45","true","1735","5.0783783227200505","65","true","1735","2.568256947094302","75","true","1735","2.406780810330944","95","true","1735","4.940926913433799","105","true","1735","5.014148605410556","115","true","1735","2.8560540512084","125","true","1735","5.425511665710714","135","true"
"1736","5.0632897441633204","0","true","1736","2.577466860698578","85","true","1736","3.143105412975001","55","true","1736","3.0817297521988607","15","true","1736","3.226570974384628","5","true","1736","4.102593746457505","25","true","1736","3.272809158182695","35","true","1736","5.407348526005896","45","true","1736","5.075454673714455","65","true","1736","2.566778388114973","75","true","1736","2.40539521400951","95","true","1736","4.938082395924626","105","true","1736","5.011261933789709","115","true","1736","2.854409805928487","125","true","1736","5.422388170220955","135","true"
"1737","5.060376458925021","0","true","1737","2.5759838532988666","85","true","1737","3.1412969518628175","55","true","1737","3.079956605045697","15","true","1737","3.22471448935909","5","true","1737","4.100233220711558","25","true","1737","3.270926068908712","35","true","1737","5.404237278292429","45","true","1737","5.072692522429943","65","true","1737","2.5653015305844122","75","true","1737","2.4040112121602526","95","true","1737","4.935241151738248","105","true","1737","5.008378584000417","115","true","1737","2.8527674527605194","125","true","1737","5.4192682690873415","135","true"
"1738","5.057466524216037","0","true","1738","2.5745025514855837","85","true","1738","3.1394905706369043","55","true","1738","3.0781854971647045","15","true","1738","3.2228601394514653","5","true","1738","4.097875409773828","25","true","1738","3.269045145349822","35","true","1738","5.401129608782198","45","true","1738","5.069775505453272","65","true","1738","2.5638263715673997","75","true","1738","2.402628802032501","95","true","1738","4.93240317522776","105","true","1738","5.00549855031209","115","true","1738","2.851126988440358","125","true","1738","5.416151956109143","135","true"
"1739","5.05455993425959","0","true","1739","2.5730229523180634","85","true","1739","3.137686265711251","55","true","1739","3.076416425039897","15","true","1739","3.2210079209805165","5","true","1739","4.095520308963613","25","true","1739","3.267166383772035","35","true","1739","5.398025511305886","45","true","1739","5.0670197929451","65","true","1739","2.5623529081354643","75","true","1739","2.4012479808819074","95","true","1739","4.9295684607592385","105","true","1739","5.002621827007313","115","true","1739","2.8494884097113693","125","true","1739","5.413039225099885","135","true"
"1740","5.051656683292181","0","true","1740","2.5715450528623953","85","true","1740","3.1358840335080855","55","true","1740","3.0746493851633665","15","true","1740","3.219157830273463","5","true","1740","4.093167913610963","25","true","1740","3.2652897804499372","35","true","1740","5.394924979708352","45","true","1740","5.064109385252426","65","true","1740","2.560881137366863","75","true","1740","2.39986874597043","95","true","1740","4.926737002711703","105","true","1740","4.999748408381806","115","true","1740","2.8478517133244012","125","true","1740","5.409930069887306","135","true"
"1741","5.048756765563541","0","true","1741","2.5700688501914066","85","true","1741","3.134083870457851","55","true","1741","3.072884374035259","15","true","1741","3.217309863665958","5","true","1741","4.0908182190566516","25","true","1741","3.263415331666671","35","true","1741","5.391828007848589","45","true","1741","5.061360089245526","65","true","1741","2.55941105634656","75","true","1741","2.398491094566314","95","true","1741","4.923908795477081","105","true","1741","4.996878288744388","115","true","1741","2.8462168960377627","125","true","1741","5.406824484313318","135","true"
"1742","5.045860175336596","0","true","1742","2.5685943413846415","85","true","1742","3.1322857729991833","55","true","1742","3.071121388163753","15","true","1742","3.2154640175020646","5","true","1742","4.088471220652144","25","true","1742","3.2615430337139077","35","true","1742","5.38873458959968","45","true","1742","5.058456268196045","65","true","1742","2.5579426621662122","75","true","1742","2.397115023944073","95","true","1742","4.92108383346017","105","true","1742","4.994011462416939","115","true","1742","2.8445839546172014","125","true","1742","5.403722462233964","135","true"
"1743","5.042966906887435","0","true","1743","2.567121523528343","85","true","1743","3.130489737578886","55","true","1743","3.069360424065035","15","true","1743","3.213620288134231","5","true","1743","4.086126913759568","25","true","1743","3.2596728828918238","35","true","1743","5.385644718848763","45","true","1743","5.055713366517741","65","true","1743","2.5564759519241447","75","true","1743","2.395740531384472","95","true","1743","4.918262111078598","105","true","1743","4.991147923734361","115","true","1743","2.8429528858358846","125","true","1743","5.40062399751938","135","true"
"1744","5.040076954505265","0","true","1744","2.565650393715433","85","true","1744","3.1286957606519064","55","true","1744","3.0676014782632786","15","true","1744","3.2117786719232657","5","true","1744","4.083785293751683","25","true","1744","3.257804875509078","35","true","1744","5.382558389496987","45","true","1744","5.052816109574178","65","true","1744","2.555010922725334","75","true","1744","2.3943676141745094","95","true","1744","4.915443622762794","105","true","1744","4.988287667044541","115","true","1744","2.841323686474374","125","true","1744","5.397529084053754","135","true"
"1745","5.037190312492375","0","true","1745","2.5641809490454928","85","true","1745","3.1269038386813155","55","true","1745","3.0658445472906193","15","true","1745","3.2099391652383154","5","true","1745","4.081446356011848","25","true","1745","3.255939007882784","35","true","1745","5.379475595459474","45","true","1745","5.050079580153593","65","true","1745","2.5535475716813907","75","true","1745","2.392996269607399","95","true","1745","4.912628362955942","105","true","1745","4.985430686708319","115","true","1745","2.8396963533206083","125","true","1745","5.394437715735281","135","true"
"1746","5.034306975164102","0","true","1746","2.5627131866247455","85","true","1746","3.125113968138281","55","true","1746","3.064089627687133","15","true","1746","3.2081017644568393","5","true","1746","4.079110095933993","25","true","1746","3.2540752763384893","35","true","1746","5.376396330665279","45","true","1746","5.047188864881611","65","true","1746","2.552085895910537","75","true","1746","2.3916264949825523","95","true","1746","4.909816326113953","105","true","1746","4.982576977099442","115","true","1746","2.8380708831698813","125","true","1746","5.391349886476131","135","true"
"1747","5.031426936848791","0","true","1747","2.5612471035660356","85","true","1747","3.123326145502046","55","true","1747","3.062336716000813","15","true","1747","3.206266465964587","5","true","1747","4.07677650892259","25","true","1747","3.252213677210149","35","true","1747","5.3733205890573466","45","true","1747","5.044458685749089","65","true","1747","2.5506258925375906","75","true","1747","2.39025828760556","95","true","1747","4.907007506705421","105","true","1747","4.979726532604533","115","true","1747","2.8364472728248185","125","true","1747","5.388265590202403","135","true"
"1748","5.028550191887757","0","true","1748","2.559782696988811","85","true","1748","3.1215403672599065","55","true","1748","3.0605858087875477","15","true","1748","3.204433266155574","5","true","1748","4.0744455903926164","25","true","1748","3.2503542068401035","35","true","1748","5.370248364592476","45","true","1748","5.0415744898167","65","true","1748","2.549167558693944","75","true","1748","2.3888916447881754","95","true","1748","4.904201899211593","105","true","1748","4.976879347623056","115","true","1748","2.8348255190953586","125","true","1748","5.3851848208540884","135","true"
"1749","5.02567673463525","0","true","1749","2.558319964019103","85","true","1749","3.1197566299071866","55","true","1749","3.0588369026110978","15","true","1749","3.2026021614320563","5","true","1749","4.072117335769535","25","true","1749","3.248496861579052","35","true","1749","5.3671796512412815","45","true","1749","5.038850639103223","65","true","1749","2.5477108915175477","75","true","1749","2.3875265638482963","95","true","1749","4.901399498126328","105","true","1749","4.974035416567271","115","true","1749","2.8332056187987327","125","true","1749","5.382107572385029","135","true"
"1750","5.022806559458417","0","true","1750","2.556858901789509","85","true","1750","3.117974929947217","55","true","1750","3.057089994043073","15","true","1750","3.2007731482045108","5","true","1750","4.069791740489256","25","true","1750","3.2466416377860314","35","true","1750","5.364114442988145","45","true","1750","5.035972940280206","65","true","1750","2.5462558881528885","75","true","1750","2.386163042109948","95","true","1750","4.898600297956068","105","true","1750","4.971194733862207","115","true","1750","2.8315875687594416","125","true","1750","5.379033838762878","135","true"
"1751","5.019939660737264","0","true","1751","2.5553995074391724","85","true","1751","3.116195263891311","55","true","1751","3.055345079662912","15","true","1751","3.1989462228916086","5","true","1751","4.0674687999981085","25","true","1751","3.244788531828391","35","true","1751","5.361052733831189","45","true","1751","5.033255396216823","65","true","1751","2.544802545750975","75","true","1751","2.384801076903264","95","true","1751","4.895804293219792","105","true","1751","4.968357293945619","115","true","1751","2.8299713658092367","125","true","1751","5.375963613969064","135","true"
"1752","5.017076032864625","0","true","1752","2.553941778113765","85","true","1752","3.1144176282587432","55","true","1752","3.0536021560578557","15","true","1752","3.1971213819201934","5","true","1752","4.065148509752817","25","true","1752","3.242937540081769","35","true","1752","5.357994517782226","45","true","1752","5.030384172374144","65","true","1752","2.5433508614693143","75","true","1752","2.3834406655644718","95","true","1752","4.8930114784489875","105","true","1752","4.965523091267955","115","true","1752","2.8283570067870976","125","true","1752","5.372896891998745","135","true"
"1753","5.014215670246116","0","true","1753","2.5524857109654677","85","true","1753","3.1126420195767257","55","true","1753","3.051861219822931","15","true","1753","3.195298621725256","5","true","1753","4.06283086522046","25","true","1753","3.241088658930069","35","true","1753","5.354939788866728","45","true","1753","5.027672913291395","65","true","1753","2.5419008324718972","75","true","1753","2.3820818054358717","95","true","1753","4.890221848187614","105","true","1753","4.962692120292317","115","true","1753","2.8267444885392146","125","true","1753","5.369833666860775","135","true"
"1754","5.011358567300107","0","true","1754","2.5510313031529517","85","true","1754","3.110868434380386","55","true","1754","3.0501222675609236","15","true","1754","3.193477938749914","5","true","1754","4.0605158618784545","25","true","1754","3.2392418847654363","35","true","1754","5.351888541123785","45","true","1754","5.024808142400631","65","true","1754","2.5404524559291786","75","true","1754","2.3807244938658227","95","true","1754","4.887435396992066","105","true","1754","4.95986437549443","115","true","1754","2.8251338079189643","125","true","1754","5.366773932577664","135","true"
"1755","5.00850471845768","0","true","1755","2.5495785518413614","85","true","1755","3.109096869212743","55","true","1755","3.0483852958823583","15","true","1755","3.1916593294453866","5","true","1755","4.0582034952145145","25","true","1755","3.237397213988235","35","true","1755","5.348840768606061","45","true","1755","5.022103146727985","65","true","1755","2.539005729018057","75","true","1755","2.3793687282087235","95","true","1755","4.884652119431136","105","true","1755","4.957039851362599","115","true","1755","2.823524961786892","125","true","1755","5.363717683185535","135","true"
"1756","5.0056541181625995","0","true","1756","2.548127454202294","85","true","1756","3.107327320624688","55","true","1756","3.0466503014054758","15","true","1756","3.1898427902709723","5","true","1756","4.0558937607266285","25","true","1756","3.2355546430070237","35","true","1756","5.345796465379762","45","true","1756","5.019244806860752","65","true","1756","2.53756064892186","75","true","1756","2.3780145058249964","95","true","1756","4.881872010085985","105","true","1756","4.954218542397681","115","true","1756","2.82191794701069","125","true","1756","5.360664912734092","135","true"
"1757","5.002806760871267","0","true","1757","2.546678007413783","85","true","1757","3.1055597851749583","55","true","1757","3.0449172807562124","15","true","1757","3.1880283176940263","5","true","1757","4.05358665392303","25","true","1757","3.233714168238533","35","true","1757","5.342755625524597","45","true","1757","5.016546053126038","65","true","1757","2.536117212830323","75","true","1757","2.3766618240810686","95","true","1757","4.8790950635501","105","true","1757","4.95140044311304","115","true","1757","2.820312760465178","125","true","1757","5.3576156152865755","135","true"
"1758","4.999962641052693","0","true","1758","2.545230208660279","85","true","1758","3.1037942594301176","55","true","1758","3.043186230568176","15","true","1758","3.186215908189937","5","true","1758","4.051282170322164","25","true","1758","3.2318757861076413","35","true","1758","5.339718243133736","45","true","1758","5.013694122453425","65","true","1758","2.5346754179395727","75","true","1758","2.375310680349357","95","true","1758","4.876321274429264","105","true","1758","4.948585548034522","115","true","1758","2.818709399032281","125","true","1758","5.354569784919727","135","true"
"1759","4.997121753188458","0","true","1759","2.543784055132631","85","true","1759","3.1020307399645324","55","true","1759","3.0414571474826255","15","true","1759","3.1844055582421014","5","true","1759","4.048980305452663","25","true","1759","3.230039493047353","35","true","1759","5.336684312313774","45","true","1759","5.0110015892822775","65","true","1759","2.533235261452107","75","true","1759","2.373961072008249","95","true","1759","4.87355063734152","105","true","1759","4.9457738517004115","115","true","1759","2.8171078596010126","125","true","1759","5.35152741572375","135","true"
"1760","4.994284091772679","0","true","1760","2.5423395440280694","85","true","1760","3.10026922336035","55","true","1760","3.0397300281484503","15","true","1760","3.1825972643419074","5","true","1760","4.046681054853314","25","true","1760","3.228205285498774","35","true","1760","5.333653827184691","45","true","1760","5.00815604607428","65","true","1760","2.531796740576779","75","true","1760","2.372612996442089","95","true","1760","4.870783146917135","105","true","1760","4.942965348661399","115","true","1760","2.8155081390674517","125","true","1760","5.348488501802271","135","true"
"1761","4.991449651311968","0","true","1761","2.5408966725501876","85","true","1761","3.0985097062074782","55","true","1761","3.038004869222146","15","true","1761","3.1807910229887053","5","true","1761","4.0443844140730345","25","true","1761","3.2263731599110903","35","true","1761","5.330626781879819","45","true","1761","5.005469712189581","65","true","1761","2.530359852528779","75","true","1761","2.371266451041157","95","true","1761","4.868018797798567","105","true","1761","4.940160033480548","115","true","1761","2.813910234334723","125","true","1761","5.345453037272304","135","true"
"1762","4.988618426325404","0","true","1762","2.5394554379089223","85","true","1762","3.0967521851035604","55","true","1762","3.036281667367794","15","true","1762","3.1789868306897895","5","true","1762","4.042090378670838","25","true","1762","3.2245431127415434","35","true","1762","5.327603170545798","45","true","1762","5.002630534814544","65","true","1762","2.528924594529613","75","true","1762","2.3699214332016556","95","true","1762","4.865257584640428","105","true","1762","4.937357900733253","115","true","1762","2.8123141423129794","125","true","1762","5.3424210162642085","135","true"
"1763","4.985790411344494","0","true","1763","2.538015837320539","85","true","1763","3.0949966566539553","55","true","1763","3.0345604192570415","15","true","1763","3.1771846839603732","5","true","1763","4.039798944215809","25","true","1763","3.2227151404554086","35","true","1763","5.3245829873425405","45","true","1763","4.9999503790358695","65","true","1763","2.527490963807091","75","true","1763","2.368577940325691","95","true","1763","4.862499502109453","105","true","1763","4.934558945007214","115","true","1763","2.8107198599193777","125","true","1763","5.339392432921655","135","true"
"1764","4.982965600913137","0","true","1764","2.536577868007609","85","true","1764","3.0932431174717148","55","true","1764","3.0328411215690774","15","true","1764","3.1753845793235684","5","true","1764","4.037510106287074","25","true","1764","3.220889239525972","35","true","1764","5.321566226443196","45","true","1764","4.997117545959929","65","true","1764","2.526058957595302","75","true","1764","2.367235969821257","95","true","1764","4.859744544884462","105","true","1764","4.931763160902394","115","true","1764","2.8091273840780637","125","true","1764","5.336367281401587","135","true"
"1765","4.980143989587591","0","true","1765","2.535141527198998","85","true","1765","3.0914915641775633","55","true","1765","3.0311237709906123","15","true","1765","3.1735865133103616","5","true","1765","4.035223860473775","25","true","1765","3.219065406434508","35","true","1765","5.318552882034112","45","true","1765","4.994443547203006","65","true","1765","2.5246285731346028","75","true","1765","2.365895519102219","95","true","1765","4.856992707656328","105","true","1765","4.928970543030988","115","true","1765","2.8075367117201484","125","true","1765","5.333345555874179","135","true"
"1766","4.977325571936439","0","true","1766","2.5337068121298416","85","true","1766","3.0897419933998735","55","true","1766","3.029408364215858","15","true","1766","3.1717904824595915","5","true","1766","4.032940202375035","25","true","1766","3.217243637670255","35","true","1766","5.3155429483147945","45","true","1766","4.991617036989535","65","true","1766","2.523199807671595","75","true","1766","2.364556585588296","95","true","1766","4.854243985127943","105","true","1766","4.9261810860173885","115","true","1766","2.8059478397836912","125","true","1766","5.3303272505228065","135","true"
"1767","4.9745103425405475","0","true","1767","2.532273720041533","85","true","1767","3.0879944017746475","55","true","1767","3.027694897946505","15","true","1767","3.169996483317929","5","true","1767","4.030659127599936","25","true","1767","3.2154239297303966","35","true","1767","5.312536419497874","45","true","1767","4.988949174265691","65","true","1767","2.5217726584591107","75","true","1767","2.3632191667050444","95","true","1767","4.851498372014182","105","true","1767","4.923394784498147","115","true","1767","2.8043607652136777","125","true","1767","5.327312359544004","135","true"
"1768","4.97169829599304","0","true","1768","2.5308422481817017","85","true","1768","3.086248785945493","55","true","1768","3.025983368891702","15","true","1768","3.168204512439852","5","true","1768","4.028380631767488","25","true","1768","3.2136062791200346","35","true","1768","5.309533289809068","45","true","1768","4.986128965574755","65","true","1768","2.5203471227561947","75","true","1768","2.3618832598838435","95","true","1768","4.848755863041874","105","true","1768","4.920611633121947","115","true","1768","2.8027754849620026","125","true","1768","5.324300877147428","135","true"
"1769","4.968889426899258","0","true","1769","2.529412393804198","85","true","1769","3.0845051425636028","55","true","1769","3.0242737737680345","15","true","1769","3.166414566387626","5","true","1769","4.026104710506603","25","true","1769","3.21179068235217","35","true","1769","5.306533553487142","45","true","1769","4.983467217990381","65","true","1769","2.5189231978280837","75","true","1769","2.360548862561875","95","true","1769","4.84601645294976","105","true","1769","4.917831626549562","115","true","1769","2.801191995987448","125","true","1769","5.321292797555819","135","true"
"1770","4.966083729876729","0","true","1770","2.527984154169074","85","true","1770","3.082763468287734","55","true","1770","3.022566109299504","15","true","1770","3.164626641731281","5","true","1770","4.023831359456063","25","true","1770","3.2099771359476796","35","true","1770","5.303537204783875","45","true","1770","4.98065328957819","65","true","1770","2.517500880946193","75","true","1770","2.359215972182111","95","true","1770","4.843280136488467","105","true","1770","4.915054759453826","115","true","1770","2.7996102952556647","125","true","1770","5.318288115004969","135","true"
"1771","4.963281199555128","0","true","1771","2.5265575265425677","85","true","1771","3.0810237597841854","55","true","1771","3.0208603722175065","15","true","1771","3.1628407350485883","5","true","1771","4.0215605742644955","25","true","1771","3.208165636435294","35","true","1771","5.3005442379640195","45","true","1771","4.977997636334203","65","true","1771","2.516080169388097","75","true","1771","2.357884586193295","95","true","1771","4.840546908420471","105","true","1771","4.912281026519596","115","true","1771","2.798030379739155","125","true","1771","5.315286823743679","135","true"
"1772","4.9604818305762475","0","true","1772","2.525132508197084","85","true","1772","3.0792860137267777","55","true","1772","3.019156559260813","15","true","1772","3.1610568429250416","5","true","1772","4.019292350590348","25","true","1772","3.206356180351574","35","true","1772","5.297554647305269","45","true","1772","4.975189967052571","65","true","1772","2.5146610604375117","75","true","1772","2.356554702049926","95","true","1772","4.837816763520065","105","true","1772","4.909510422443725","115","true","1772","2.7964522464172488","125","true","1772","5.312288918033728","135","true"
"1773","4.957685617593961","0","true","1773","2.5237090964111784","85","true","1773","3.07755022679683","55","true","1773","3.0174546671755476","15","true","1773","3.1592749619538325","5","true","1773","4.017026684101853","25","true","1773","3.2045487642408914","35","true","1773","5.29456842709822","45","true","1773","4.972540387443879","65","true","1773","2.5132435513842775","75","true","1773","2.3552263172122427","95","true","1773","4.835089696573323","105","true","1773","4.906742941935019","115","true","1773","2.7948758922760892","125","true","1773","5.309294392149831","135","true"
"1774","4.95489255527419","0","true","1774","2.522287288469538","85","true","1774","3.075816395683142","55","true","1774","3.015754692715167","15","true","1774","3.15749508873583","5","true","1774","4.014763570477006","25","true","1774","3.2027433846554034","35","true","1774","5.291585571646333","45","true","1774","4.969738956239685","65","true","1774","2.5118276395243426","75","true","1774","2.3538994291462076","95","true","1774","4.832365702378071","105","true","1774","4.903978579714211","115","true","1774","2.79330131430861","125","true","1774","5.306303240379606","135","true"
"1775","4.9521026382948685","0","true","1775","2.5208670816629675","85","true","1775","3.074084517081969","55","true","1775","3.01405663264044","15","true","1775","3.15571721987956","5","true","1775","4.0125030054035395","25","true","1775","3.2009400381550344","35","true","1775","5.288606075265902","45","true","1775","4.967095429654659","65","true","1775","2.5104133221597453","75","true","1775","2.3525740353234905","95","true","1775","4.829644775743849","105","true","1775","4.901217330513922","115","true","1775","2.7917285095145172","125","true","1775","5.303315457023536","135","true"
"1776","4.949315861345913","0","true","1776","2.519448473288368","85","true","1776","3.072354587697004","55","true","1776","3.012360483719427","15","true","1776","3.1539413520011808","5","true","1776","4.01024498457889","25","true","1776","3.199138721307451","35","true","1776","5.285629932286011","45","true","1776","4.964300215569316","65","true","1776","2.5090005965985975","75","true","1776","2.351250133221451","95","true","1776","4.826926911491882","105","true","1776","4.89845918907863","115","true","1776","2.7901574749002713","125","true","1776","5.300331036394935","135","true"
"1777","4.946532219129183","0","true","1777","2.5180314606487233","85","true","1777","3.070626604239357","55","true","1777","3.0106662427274586","15","true","1777","3.1521674817244647","5","true","1777","4.0079895037101725","25","true","1777","3.1973394306880434","35","true","1777","5.282657137048505","45","true","1777","4.961662721489263","65","true","1777","2.5075894601550663","75","true","1777","2.3499277203231266","95","true","1777","4.8242121044550474","105","true","1777","4.8957041501646374","115","true","1777","2.7885882074790675","125","true","1777","5.29734997281991","135","true"
"1778","4.943751706358452","0","true","1778","2.5166160410530805","85","true","1778","3.0689005634275306","55","true","1778","3.008973906447117","15","true","1778","3.150395605680775","5","true","1778","4.005736558514158","25","true","1778","3.1955421628798995","35","true","1778","5.279687683907949","45","true","1778","4.958873703658183","65","true","1778","2.506179910149358","75","true","1778","2.3486067941172113","95","true","1778","4.821500349477839","105","true","1778","4.892952208540036","115","true","1778","2.7870207042708164","125","true","1778","5.294372260637324","135","true"
"1779","4.940974317759375","0","true","1779","2.515202211816534","85","true","1779","3.067176461987403","55","true","1779","3.0072834716682144","15","true","1779","3.148625720509044","5","true","1779","4.00348614471724","25","true","1779","3.193746914473787","35","true","1779","5.276721567231596","45","true","1779","4.956242221656821","65","true","1779","2.504771943907701","75","true","1779","2.347287352098044","95","true","1779","4.818791641416334","105","true","1779","4.890203358984677","115","true","1779","2.7854549623021247","125","true","1779","5.291397894198764","135","true"
"1780","4.938200048069448","0","true","1780","2.513789970260208","85","true","1780","3.065454296652205","55","true","1780","3.0055949351877715","15","true","1780","3.1468578228557544","5","true","1780","4.001238258055411","25","true","1780","3.1919536820681307","35","true","1780","5.27375878139935","45","true","1780","4.953459379308895","65","true","1780","2.503365558762329","75","true","1780","2.3459693917655917","95","true","1780","4.816085975138167","105","true","1780","4.887457596290131","115","true","1780","2.7838909786062787","125","true","1780","5.288426867868501","135","true"
"1781","4.935428892037984","0","true","1781","2.5123793137112402","85","true","1781","3.063734064162501","55","true","1781","3.003908293810001","15","true","1781","3.1450919093749152","5","true","1781","3.998992894274235","25","true","1781","3.1901624622689906","35","true","1781","5.270799320803727","45","true","1781","4.950833889051838","65","true","1781","2.5019607520514637","75","true","1781","2.3446529106254315","95","true","1781","4.813383345522489","105","true","1781","4.884714915259666","115","true","1781","2.7823287502232223","125","true","1781","5.285459176023457","135","true"
"1782","4.932660844426072","0","true","1782","2.510970239502765","85","true","1782","3.0620157612661676","55","true","1782","3.002223544346282","15","true","1782","3.1433279767280418","5","true","1782","3.9967500491288206","25","true","1782","3.18837325169004","35","true","1782","5.2678431798498275","45","true","1782","4.948057201508903","65","true","1782","2.500557521119298","75","true","1782","2.3433379061887374","95","true","1782","4.810683747459941","105","true","1782","4.881975310708202","115","true","1782","2.7807682741995414","125","true","1782","5.282494813053169","135","true"
"1783","4.929895900006551","0","true","1783","2.5095627449738958","85","true","1783","3.060299384718373","55","true","1783","3.0005406836151463","15","true","1783","3.141566021584136","5","true","1783","3.994509718383793","25","true","1783","3.1865860469525455","35","true","1783","5.264890352955293","45","true","1783","4.945437682753144","65","true","1783","2.49915586331598","75","true","1783","2.342024375972264","95","true","1783","4.80798717585262","105","true","1783","4.87923877746229","115","true","1783","2.779209547588443","125","true","1783","5.279533773359753","135","true"
"1784","4.927134053563971","0","true","1784","2.508156827469709","85","true","1784","3.0585849312815556","55","true","1784","2.998859708442253","15","true","1784","3.139806040619663","5","true","1784","3.99227189781327","25","true","1784","3.1848008446853453","35","true","1784","5.261940834550275","45","true","1784","4.942667129429473","65","true","1784","2.4977557759975957","75","true","1784","2.3407123174983298","95","true","1784","4.8052936256140475","105","true","1784","4.87650531036007","115","true","1784","2.777652567449738","125","true","1784","5.276576051357871","135","true"
"1785","4.924375299894562","0","true","1785","2.5067524843412263","85","true","1785","3.056872397725407","55","true","1785","2.9971806156603704","15","true","1785","3.138048030518532","5","true","1785","3.9900365832008324","25","true","1785","3.183017641524827","35","true","1785","5.258994619077403","45","true","1785","4.940053562022868","65","true","1785","2.4963572565261525","75","true","1785","2.339401728294803","95","true","1785","4.802603091669135","105","true","1785","4.8737749042512455","115","true","1785","2.7760973308498222","125","true","1785","5.273621641474692","135","true"
"1786","4.921619633806205","0","true","1786","2.5053497129454003","85","true","1786","3.0551617808268476","55","true","1786","2.995503402109357","15","true","1786","3.136291987972075","5","true","1786","3.9878037703395","25","true","1786","3.181236434114908","35","true","1786","5.256051700991741","45","true","1786","4.937289122424645","65","true","1786","2.4949603022695626","75","true","1786","2.338092605895086","95","true","1786","4.799915568954155","105","true","1786","4.871047553997048","115","true","1786","2.7745438348616576","125","true","1786","5.27067053814986","135","true"
"1787","4.9188670501183935","0","true","1787","2.5039485106450954","85","true","1787","3.0534530773700093","55","true","1787","2.9938280646361415","15","true","1787","3.1345379096790262","5","true","1787","3.985573455031704","25","true","1787","3.179457219107014","35","true","1787","5.253112074760762","45","true","1787","4.934681486305411","65","true","1787","2.4935649106016267","75","true","1787","2.3367849478380975","95","true","1787","4.797231052416708","105","true","1787","4.868323254470204","115","true","1787","2.7729920765647553","125","true","1787","5.267722735835458","135","true"
"1788","4.916117543662207","0","true","1788","2.5025488748090723","85","true","1788","3.051746284146214","55","true","1788","2.9921546000947017","15","true","1788","3.1327857923454996","5","true","1788","3.9833456330892605","25","true","1788","3.1776799931600563","35","true","1788","5.250175734864305","45","true","1788","4.931923140030227","65","true","1788","2.492171078902017","75","true","1788","2.335478751668261","95","true","1788","4.794549537015693","105","true","1788","4.8656020005549045","115","true","1788","2.771442053045155","125","true","1788","5.264778228995976","135","true"
"1789","4.9133711092802725","0","true","1789","2.5011508028119724","85","true","1789","3.0500413979539536","55","true","1789","2.9904830053460456","15","true","1789","3.1310356326849713","5","true","1789","3.9811203003333446","25","true","1789","3.175904752940414","35","true","1789","5.247242675794548","45","true","1789","4.929321415226429","65","true","1789","2.4907788045562613","75","true","1789","2.3341740149354853","95","true","1789","4.791871017721271","105","true","1789","4.862883787146774","115","true","1789","2.769893761395409","125","true","1789","5.261837012108268","135","true"
"1790","4.910627741826738","0","true","1790","2.499754292034299","85","true","1790","3.04833841559887","55","true","1790","2.9888132772581915","15","true","1790","3.129287427418257","5","true","1790","3.978897452594465","25","true","1790","3.17413149512191","35","true","1790","5.244312892055969","45","true","1790","4.926569141962763","65","true","1790","2.4893880849557277","75","true","1790","2.332870735195153","95","true","1790","4.789195489514838","105","true","1790","4.860168609152834","115","true","1790","2.768347198714563","125","true","1790","5.25889907966153","135","true"
"1791","4.907887436167236","0","true","1791","2.498359339862405","85","true","1791","3.046637333893737","55","true","1791","2.98714541270615","15","true","1791","3.1275411732734923","5","true","1791","3.9766770857124367","25","true","1791","3.172360216385793","35","true","1791","5.241386378165314","45","true","1791","4.923973308591821","65","true","1791","2.487998917497605","75","true","1791","2.331568910008102","95","true","1791","4.786522947388993","105","true","1791","4.857456461491476","115","true","1791","2.7668023621081375","125","true","1791","5.255964426157254","135","true"
"1792","4.905150187178855","0","true","1792","2.496965943688472","85","true","1792","3.0449381496584365","55","true","1792","2.9854794085719027","15","true","1792","3.125796866986112","5","true","1792","3.9744591955363564","25","true","1792","3.1705909134207144","35","true","1792","5.238463128651557","45","true","1792","4.92122708811854","65","true","1792","2.48661129958489","75","true","1792","2.3302685369406126","95","true","1792","4.783853386347504","105","true","1792","4.8547473390924285","115","true","1792","2.7652592486881105","125","true","1792","5.253033046109202","135","true"
"1793","4.9024159897501045","0","true","1793","2.4955741009104964","85","true","1793","3.0432408597199423","55","true","1793","2.983815261744382","15","true","1793","3.1240545052988287","5","true","1793","3.9722437779245747","25","true","1793","3.1688235829227094","35","true","1793","5.235543138055876","45","true","1793","4.91863712638672","65","true","1793","2.48522522862637","75","true","1793","2.3289696135643916","95","true","1793","4.781186801405282","105","true","1793","4.852041236896725","115","true","1793","2.7637178555729","125","true","1793","5.2501049340433665","135","true"
"1794","4.8996848387808845","0","true","1794","2.494183808932273","85","true","1794","3.041545460912299","55","true","1794","2.9821529691194546","15","true","1794","3.122314084961615","5","true","1794","3.9700308287446724","25","true","1794","3.167058221595176","35","true","1794","5.232626400931611","45","true","1794","4.915896938572577","65","true","1794","2.483840702036606","75","true","1794","2.3276721374565565","95","true","1794","4.778523187588343","105","true","1794","4.849338149856671","115","true","1794","2.7621781798873437","125","true","1794","5.247180084497939","135","true"
"1795","4.896956729182454","0","true","1795","2.4927950651633797","85","true","1795","3.039851950076602","55","true","1795","2.9804925275999006","15","true","1795","3.1205756027316807","5","true","1795","3.967820343873434","25","true","1795","3.1652948261488536","35","true","1795","5.229712911844232","45","true","1795","4.913312828774504","65","true","1795","2.4824577172359175","75","true","1795","2.326376106199621","95","true","1795","4.775862539933783","105","true","1795","4.846638072935815","115","true","1795","2.760640218762685","125","true","1795","5.244258492023274","135","true"
"1796","4.8942316558774","0","true","1796","2.4914078670191597","85","true","1796","3.0381603240609776","55","true","1796","2.978833934095393","15","true","1796","3.118839055373455","5","true","1796","3.9656123191968207","25","true","1796","3.1635333933018037","35","true","1796","5.226802665371308","45","true","1796","4.910578653577634","65","true","1796","2.481076271650366","75","true","1796","2.3250815173814794","95","true","1796","4.773204853489747","105","true","1796","4.8439410011089175","115","true","1796","2.759103969336551","125","true","1796","5.241340151181858","135","true"
"1797","4.891509613799603","0","true","1797","2.4900222119207065","85","true","1797","3.0364705797205653","55","true","1797","2.977177185522481","15","true","1797","3.117104439658564","5","true","1797","3.9634067506099484","25","true","1797","3.161773919779389","35","true","1797","5.223895656102471","45","true","1797","4.908000376095797","65","true","1797","2.47969636271174","75","true","1797","2.323788368595394","95","true","1797","4.770550123315392","105","true","1797","4.841246929361916","115","true","1797","2.7575694287529378","125","true","1797","5.238425056548276","135","true"
"1798","4.888790597894212","0","true","1798","2.488638097294847","85","true","1798","3.034782713917497","55","true","1798","2.97552227880457","15","true","1798","3.1153717523658138","5","true","1798","3.9612036340170578","25","true","1798","3.1600164023142527","35","true","1798","5.220991878639379","45","true","1798","4.905272193563225","65","true","1798","2.4783179878575363","75","true","1798","2.3224966574399772","95","true","1798","4.767898344480864","105","true","1798","4.838555852691898","115","true","1798","2.7560365941621914","125","true","1798","5.235513202709171","135","true"
"1799","4.886074603117604","0","true","1799","2.487255520574128","85","true","1799","3.033096723520876","55","true","1799","2.973869210871901","15","true","1799","3.1136409902811657","5","true","1799","3.959002965331493","25","true","1799","3.1582608376463006","35","true","1799","5.2180913275956895","45","true","1799","4.9026997288674865","65","true","1799","2.476941144530949","75","true","1799","2.3212063815191772","95","true","1799","4.765249512067264","105","true","1799","4.83586776610707","115","true","1799","2.7545054627209904","125","true","1799","5.232604584263222","135","true"
"1800","4.883361624437361","0","true","1800","2.4858744791967964","85","true","1800","3.031412605406761","55","true","1800","2.9722179786615333","15","true","1800","3.1119121501977225","5","true","1800","3.9568047404756728","25","true","1800","3.1565072225226767","35","true","1800","5.215193997597025","45","true","1800","4.899977519134634","65","true","1800","2.4755658301808485","75","true","1800","2.319917538442265","95","true","1800","4.762603621166615","105","true","1800","4.8331826646267215","115","true","1800","2.7529760315923277","125","true","1800","5.229699195821099","135","true"
"1801","4.880651656832235","0","true","1801","2.484494970606787","85","true","1801","3.0297303564581446","55","true","1801","2.9705685791173257","15","true","1801","3.110185228915704","5","true","1801","3.9546089553810693","25","true","1801","3.1547555536977474","35","true","1801","5.2122998832809335","45","true","1801","4.897410847781748","65","true","1801","2.474192042261769","75","true","1801","2.3186301258238173","95","true","1801","4.75996066688184","105","true","1801","4.830500543281201","115","true","1801","2.7514482979454953","125","true","1801","5.226797032005439","135","true"
"1802","4.8779446952921175","0","true","1802","2.4831169922537053","85","true","1802","3.028049973564934","55","true","1802","2.9689210091899176","15","true","1802","3.1084602232424285","5","true","1802","3.952415605988179","25","true","1802","3.153005827933079","35","true","1802","5.209408979296862","45","true","1802","4.89469459107194","65","true","1802","2.4728197782338923","75","true","1802","2.317344141283704","95","true","1802","4.757320644326719","105","true","1802","4.827821397111883","115","true","1802","2.7499222589560635","125","true","1802","5.223898087450804","135","true"
"1803","4.875240734818008","0","true","1803","2.4817405415928104","85","true","1803","3.026371453623934","55","true","1803","2.967275265836708","15","true","1803","3.106737129992294","5","true","1803","3.9502246882465006","25","true","1803","3.1512580419974174","35","true","1803","5.206521280306121","45","true","1803","4.892133693705068","65","true","1803","2.471449035563031","75","true","1803","2.3160595824470724","95","true","1803","4.754683548625873","105","true","1803","4.825145221171133","115","true","1803","2.748397911805866","125","true","1803","5.221002356803658","135","true"
"1804","4.872539770421987","0","true","1804","2.480365616085003","85","true","1804","3.0246947935388238","55","true","1804","2.96563134602184","15","true","1804","3.105015945986758","5","true","1804","3.948036198114508","25","true","1804","3.1495121926666707","35","true","1804","5.203636780981851","45","true","1804","4.8894233703290535","65","true","1804","2.470079811720614","75","true","1804","2.314776446944332","95","true","1804","4.752049374914723","105","true","1804","4.822472010522286","115","true","1804","2.746875253682982","125","true","1804","5.218109834722327","135","true"
"1805","4.86984179712718","0","true","1805","2.4789922131968054","85","true","1805","3.023019990220142","55","true","1805","2.96398924671618","15","true","1805","3.1032966680543184","5","true","1805","3.9458501315596273","25","true","1805","3.1477682767238875","35","true","1805","5.200755476008993","45","true","1805","4.886868227677285","65","true","1805","2.46871210418367","75","true","1805","2.31349473241114","95","true","1805","4.749418118339466","105","true","1805","4.819801760239604","115","true","1805","2.745354281781718","125","true","1805","5.215220515876966","135","true"
"1806","4.867146809967729","0","true","1806","2.477620330400349","85","true","1806","3.0213470405852667","55","true","1806","2.9623489648973003","15","true","1806","3.101579293030492","5","true","1806","3.943666484558211","25","true","1806","3.1460262909592367","35","true","1806","5.197877360084251","45","true","1806","4.884163818032748","65","true","1806","2.4673459104348137","75","true","1806","2.312214436488389","95","true","1806","4.746789774057042","105","true","1806","4.81713446540826","115","true","1806","2.7438349933025914","125","true","1806","5.212334394949529","135","true"
"1807","4.864454803988765","0","true","1807","2.4762499651733574","85","true","1807","3.0196759415583942","55","true","1807","2.9607104975494587","15","true","1807","3.099863817757798","5","true","1807","3.9414852530955127","25","true","1807","3.1442862321699896","35","true","1807","5.195002427916063","45","true","1807","4.8816144109106245","65","true","1807","2.465981227962228","75","true","1807","2.3109355568221894","95","true","1807","4.744164337235108","105","true","1807","4.814470121124295","115","true","1807","2.742317385452313","125","true","1807","5.209451466633739","135","true"
"1808","4.861765774246372","0","true","1808","2.4748811149991323","85","true","1808","3.0180066900705236","55","true","1808","2.959073841663583","15","true","1808","3.0981502390857374","5","true","1808","3.9393064331656644","25","true","1808","3.142548097160498","35","true","1808","5.192130674224567","45","true","1808","4.878915895481708","65","true","1808","2.4646180542596507","75","true","1808","2.309658091063858","95","true","1808","4.741541803052004","105","true","1808","4.811808722494597","115","true","1808","2.7408014554437714","125","true","1808","5.2065717256350466","135","true"
"1809","4.859079715807562","0","true","1809","2.473513777366536","85","true","1809","3.016339283059435","55","true","1809","2.957438994237249","15","true","1809","3.096438553870773","5","true","1809","3.9371300207716504","25","true","1809","3.1408118827421774","35","true","1809","5.18926209374157","45","true","1809","4.876372204788753","65","true","1809","2.463256386826358","75","true","1809","2.3083820368699","95","true","1809","4.738922166696726","105","true","1809","4.809150264636864","115","true","1809","2.7392872004960123","125","true","1809","5.203695166670608","135","true"
"1810","4.856396623750241","0","true","1810","2.472147949769978","85","true","1810","3.0146737174696723","55","true","1810","2.9558059522746665","15","true","1810","3.0947287589763106","5","true","1810","3.9349560119252827","25","true","1810","3.1390775857334847","35","true","1810","5.186396681210515","45","true","1810","4.873679564145578","65","true","1810","2.4618962231671495","75","true","1810","2.307107391901998","95","true","1810","4.736305423368899","105","true","1810","4.8064947426795825","115","true","1810","2.7377746178342255","125","true","1810","5.200821784469244","135","true"
"1811","4.853716493163183","0","true","1811","2.470783629709399","85","true","1811","3.013009990252526","55","true","1811","2.9541747127866564","15","true","1811","3.0930208512726813","5","true","1811","3.932784402647178","25","true","1811","3.137345202959901","35","true","1811","5.183534431386447","45","true","1811","4.871141570865825","65","true","1811","2.4605375607923334","75","true","1811","2.3058341538269973","95","true","1811","4.733691568278739","105","true","1811","4.803842151761989","115","true","1811","2.7362637046897254","125","true","1811","5.197951573771412","135","true"
"1812","4.851039319145994","0","true","1812","2.469420814690254","85","true","1812","3.0113480983660104","55","true","1812","2.952545272790635","15","true","1812","3.09131482763712","5","true","1812","3.930615188966733","25","true","1812","3.135614731253911","35","true","1812","5.180675339035986","45","true","1812","4.868526758842982","65","true","1812","2.4591803972177098","75","true","1812","2.3045623203168883","95","true","1812","4.731080596647035","105","true","1812","4.801192487034045","115","true","1812","2.734754458299935","125","true","1812","5.195084529329178","135","true"
"1813","4.848365096809089","0","true","1813","2.468059502223501","85","true","1813","3.0096880387748493","55","true","1813","2.950917629310596","15","true","1813","3.089610684953748","5","true","1813","3.9284483669220984","25","true","1813","3.133886167454984","35","true","1813","5.177819398937289","45","true","1813","4.86592247086555","65","true","1813","2.457824729964558","75","true","1813","2.3032918890487974","95","true","1813","4.728472503705113","105","true","1813","4.798545743656408","115","true","1813","2.7332468759083697","125","true","1813","5.192220645906175","135","true"
"1814","4.845693821273657","0","true","1814","2.4666996898255813","85","true","1814","3.0080298084504555","55","true","1814","2.9492917793770914","15","true","1814","3.087908420113553","5","true","1814","3.926283932560158","25","true","1814","3.132159508409554","35","true","1814","5.174966605880023","45","true","1814","4.86324152184579","65","true","1814","2.4564705565596188","75","true","1814","2.302022857704969","95","true","1814","4.725867284694807","105","true","1814","4.795901916800399","115","true","1814","2.7317409547646183","125","true","1814","5.189359918277575","135","true"
"1815","4.843025487671634","0","true","1815","2.4653413750184088","85","true","1815","3.0063734043709123","55","true","1815","2.9476677200272143","15","true","1815","3.0862080300143715","5","true","1815","3.9241218819365016","25","true","1815","3.130434750971003","35","true","1815","5.172116954665332","45","true","1815","4.86064301239972","65","true","1815","2.4551178745350817","75","true","1815","2.3007552239727525","95","true","1815","4.723264934868434","105","true","1815","4.793261001647976","115","true","1815","2.7302366921243295","125","true","1815","5.186502341230066","135","true"
"1816","4.840360091145673","0","true","1816","2.463984555329351","85","true","1816","3.004718823520956","55","true","1816","2.9460454483045795","15","true","1816","3.084509511560869","5","true","1816","3.9219622111154027","25","true","1816","3.1287118919996373","35","true","1816","5.169270440105802","45","true","1816","4.857967919932796","65","true","1816","2.453766681428568","75","true","1816","2.2994889855445892","95","true","1816","4.7206654494887585","105","true","1816","4.790622993391703","115","true","1816","2.7287340852491924","125","true","1816","5.183647909561805","135","true"
"1817","4.8376976268491125","0","true","1817","2.462629228291216","85","true","1817","3.0030660628919565","55","true","1817","2.944424961259308","15","true","1817","3.0828128616645207","5","true","1817","3.9198049161697948","25","true","1817","3.126990928362674","35","true","1817","5.166427057025436","45","true","1817","4.855375169904111","65","true","1817","2.4524169747831177","75","true","1817","2.298224140117997","95","true","1817","4.7180688238289745","105","true","1817","4.787987887234722","115","true","1817","2.727233131406921","125","true","1817","5.1807966180823986","135","true"
"1818","4.835038089945952","0","true","1818","2.461275391442238","85","true","1818","3.0014151194819005","55","true","1818","2.942806255948005","15","true","1818","3.0811180772435947","5","true","1818","3.917649993181246","25","true","1818","3.125271856934217","35","true","1818","5.163586800259616","45","true","1818","4.852705914725494","65","true","1818","2.4510687521471732","75","true","1818","2.2969606853955575","95","true","1818","4.715475053172663","105","true","1818","4.785355678390723","115","true","1818","2.725733827871238","125","true","1818","5.177948461612864","135","true"
"1819","4.832381475610817","0","true","1819","2.4599230423260607","85","true","1819","2.999765990295372","55","true","1819","2.941189329433748","15","true","1819","3.079425155223131","5","true","1819","3.915497438239938","25","true","1819","3.1235546745952423","35","true","1819","5.160749664655078","45","true","1819","4.850118905084316","65","true","1819","2.4497220110745648","75","true","1819","2.2956986190849005","95","true","1819","4.712884132813778","105","true","1819","4.782726362083915","115","true","1819","2.7242361719218584","125","true","1819","5.175103434985604","135","true"
"1820","4.829727779028933","0","true","1820","2.4585721784917243","85","true","1820","2.998118672343535","55","true","1820","2.939574178786063","15","true","1820","3.077734092534925","5","true","1820","3.9133472474446385","25","true","1820","3.1218393782335756","35","true","1820","5.157915645069875","45","true","1820","4.847455468013979","65","true","1820","2.4483767491244963","75","true","1820","2.2944379388986924","95","true","1820","4.710296058056604","105","true","1820","4.780099933548998","115","true","1820","2.7227401608444715","125","true","1820","5.172261533044371","135","true"
"1821","4.827076995396096","0","true","1821","2.45722279749365","85","true","1821","2.9964731626441146","55","true","1821","2.9379608010809117","15","true","1821","3.0760448861175074","5","true","1821","3.911199416902682","25","true","1821","3.1201259647438753","35","true","1821","5.155084736373349","45","true","1821","4.844874179814071","65","true","1821","2.4470329638615302","75","true","1821","2.293178642554621","95","true","1821","4.707710824215738","105","true","1821","4.7774763880311335","115","true","1821","2.7212457919307256","125","true","1821","5.169422750644237","135","true"
"1822","4.824429119918643","0","true","1822","2.4558748968916237","85","true","1822","2.9948294582213806","55","true","1822","2.93634919340067","15","true","1822","3.0743575329161263","5","true","1822","3.9090539427299436","25","true","1822","3.1184144310276145","35","true","1822","5.152256933446101","45","true","1822","4.842216541756027","65","true","1822","2.445690652855572","75","true","1822","2.2919207277753806","95","true","1822","4.705128426616059","105","true","1822","4.774855720785916","115","true","1822","2.719753062478213","125","true","1822","5.166587082651564","135","true"
"1823","4.821784147813425","0","true","1823","2.4545284742507842","85","true","1823","2.9931875561061276","55","true","1823","2.9347393528341126","15","true","1823","3.0726720298827295","5","true","1823","3.906910821050815","25","true","1823","3.11670477399306","35","true","1823","5.149432231179957","45","true","1823","4.839640956134331","65","true","1823","2.4443498136818573","75","true","1823","2.2906641922886615","95","true","1823","4.702548860592695","105","true","1823","4.7722379270793445","115","true","1823","2.7182619697904506","125","true","1823","5.163754523943969","135","true"
"1824","4.8191420743077735","0","true","1824","2.4531835271416056","85","true","1824","2.9915474533356585","55","true","1824","2.933131276476395","15","true","1824","3.0709883739759443","5","true","1824","3.9047700479981846","25","true","1824","3.1149969905552553","35","true","1824","5.14661062447794","45","true","1824","4.836989098076175","65","true","1824","2.443010443920936","75","true","1824","2.2894090338271336","95","true","1824","4.699972121491","105","true","1824","4.769623002187794","115","true","1824","2.7167725111768672","125","true","1824","5.160925069410301","135","true"
"1825","4.816502894639478","0","true","1825","2.451840053139885","85","true","1825","2.989909146953766","55","true","1825","2.931524961429037","15","true","1825","3.069306562161062","5","true","1825","3.9026316197134103","25","true","1825","3.1132910776360028","35","true","1825","5.14379210825424","45","true","1825","4.834419196252355","65","true","1825","2.441672541158657","75","true","1825","2.2881552501284332","95","true","1825","4.697398204666525","105","true","1825","4.767010941397987","115","true","1825","2.7152846839527833","125","true","1825","5.1580987139506025","135","true"
"1826","4.813866604056753","0","true","1826","2.4504980498267273","85","true","1826","2.9882726340107153","55","true","1826","2.929920404799902","15","true","1826","3.067626591410016","5","true","1826","3.9004955323462984","25","true","1826","3.111587032163843","35","true","1826","5.140976677434177","45","true","1826","4.831773099264806","65","true","1826","2.4403361029861568","75","true","1826","2.28690283893515","95","true","1826","4.694827105484989","105","true","1826","4.7644017400069645","115","true","1826","2.713798485439399","125","true","1826","5.155275452476081","135","true"
"1827","4.8112331978182095","0","true","1827","2.4491575147885287","85","true","1827","2.9866379115632258","55","true","1827","2.9283176037031846","15","true","1827","3.065948458701367","5","true","1827","3.89836178205508","25","true","1827","3.1098848510740376","35","true","1827","5.138164326954181","45","true","1827","4.8292088625408","65","true","1827","2.43900112699984","75","true","1827","2.2856517979948134","95","true","1827","4.692258819322251","105","true","1827","4.76179539332206","115","true","1827","2.712313912963776","125","true","1827","5.152455279909081","135","true"
"1828","4.808602671192831","0","true","1828","2.447818445616966","85","true","1828","2.985004976674454","55","true","1828","2.9267165552593886","15","true","1828","3.0642721610202837","5","true","1828","3.8962303650063896","25","true","1828","3.1081845313085514","35","true","1828","5.135355051761751","45","true","1828","4.826568507777246","65","true","1828","2.4376676108013715","75","true","1828","2.284402125059879","95","true","1828","4.689693341564284","105","true","1828","4.759191896660867","115","true","1828","2.7108309638588204","125","true","1828","5.149638191183051","135","true"
"1829","4.805975019459939","0","true","1829","2.446480839908978","85","true","1829","2.983373826413976","55","true","1829","2.9251172565953123","15","true","1829","3.062597695358524","5","true","1829","3.894101277375239","25","true","1829","3.1064860698160333","35","true","1829","5.132548846815433","45","true","1829","4.824009917536811","65","true","1829","2.436335551997655","75","true","1829","2.2831538178877153","95","true","1829","4.6871306676071445","105","true","1829","4.756591245351216","115","true","1829","2.709349635463269","125","true","1829","5.146824181242514","135","true"
"1830","4.803350237909168","0","true","1830","2.445144695266756","85","true","1830","2.98174445785777","55","true","1830","2.9235197048440313","15","true","1830","3.0609250587144174","5","true","1830","3.8919745153449954","25","true","1830","3.104789463551797","35","true","1830","5.129745707084785","45","true","1830","4.821375286232859","65","true","1830","2.435004948200824","75","true","1830","2.281906874240589","95","true","1830","4.68457079285695","105","true","1830","4.753993434731144","115","true","1830","2.7078699251216727","125","true","1830","5.144013245043037","135","true"
"1831","4.800728321840441","0","true","1831","2.443810009297724","85","true","1831","2.980116868088197","55","true","1831","2.9219238971448807","15","true","1831","3.0592542480928486","5","true","1831","3.8898500751073617","25","true","1831","3.1030947094778063","35","true","1831","5.12694562755035","45","true","1831","4.818822323941128","65","true","1831","2.433675797028225","75","true","1831","2.280661291885654","95","true","1831","4.6820137127298445","105","true","1831","4.7513984601488675","115","true","1831","2.706391830184379","125","true","1831","5.141205377551201","135","true"
"1832","4.798109266563932","0","true","1832","2.442476779614528","85","true","1832","2.978491054193986","55","true","1832","2.9203298306434378","15","true","1832","3.0575852605052365","5","true","1832","3.88772795286235","25","true","1832","3.101401804562652","35","true","1832","5.124148603203624","45","true","1832","4.816193397414155","65","true","1832","2.432348096102405","75","true","1832","2.2794170685949364","95","true","1832","4.679459422651978","105","true","1832","4.748806316962752","115","true","1832","2.704915348007519","125","true","1832","5.138400573744572","135","true"
"1833","4.795493067400048","0","true","1833","2.4411450038350218","85","true","1833","2.9768670132702164","55","true","1833","2.9187375024915054","15","true","1833","3.0559180929695193","5","true","1833","3.885608144818259","25","true","1833","3.0997107457815383","35","true","1833","5.1213546290470235","45","true","1833","4.813646044617191","65","true","1833","2.431021843051095","75","true","1833","2.278174202145321","95","true","1833","4.676907918059474","105","true","1833","4.746217000541289","115","true","1833","2.703440475952989","125","true","1833","5.135598828611668","135","true"
"1834","4.7928797196793935","0","true","1834","2.4398146795822506","85","true","1834","2.975244742418298","55","true","1834","2.917146909847096","15","true","1834","3.0542527425101356","5","true","1834","3.883490647191655","25","true","1834","3.098021530116262","35","true","1834","5.118563700093865","45","true","1834","4.811022804265901","65","true","1834","2.429697035507198","75","true","1834","2.2769326903185387","95","true","1834","4.674359194398406","105","true","1834","4.743630506263065","115","true","1834","2.701967211388437","125","true","1834","5.132800137151935","135","true"
"1835","4.790269218742749","0","true","1835","2.438485804484439","85","true","1835","2.973624238745957","55","true","1835","2.9155580498744125","15","true","1835","3.0525892061580056","5","true","1835","3.881375456207346","25","true","1835","3.096334154555197","35","true","1835","5.115775811368324","45","true","1835","4.808481042590256","65","true","1835","2.4283736711087736","75","true","1835","2.275692530901154","95","true","1835","4.671813247124769","105","true","1835","4.741046829516734","115","true","1835","2.7004955516872453","125","true","1835","5.130004494375708","135","true"
"1836","4.787661559941038","0","true","1836","2.4371583761749758","85","true","1836","2.9720054993672167","55","true","1836","2.913970919743833","15","true","1836","3.0509274809505165","5","true","1836","3.8792625680983597","25","true","1836","3.0946486160932722","35","true","1836","5.112990957905412","45","true","1836","4.805863469894236","65","true","1836","2.4270517474990245","75","true","1836","2.27445372168455","95","true","1836","4.66927007170445","105","true","1836","4.7384659657009935","115","true","1836","2.6990254942285152","125","true","1836","5.127211895304192","135","true"
"1837","4.785056738635303","0","true","1837","2.4358323922923995","85","true","1837","2.970388521402381","55","true","1837","2.912385516631894","15","true","1837","3.049267563931501","5","true","1837","3.877151979105923","25","true","1837","3.092964911731959","35","true","1837","5.1102091347509475","45","true","1837","4.8033272810465135","65","true","1837","2.4257312623262828","75","true","1837","2.2732162604649178","95","true","1837","4.666729663613207","105","true","1837","4.735887910224551","115","true","1837","2.6975570363970522","125","true","1837","5.124422334969423","135","true"
"1838","4.782454750196676","0","true","1838","2.434507850480386","85","true","1838","2.9687733019780187","55","true","1838","2.910801837721273","15","true","1838","3.0476094521512227","5","true","1838","3.8750436854794383","25","true","1838","3.0912830384792502","35","true","1838","5.1074303369615235","45","true","1838","4.800715357565792","65","true","1838","2.4244122132439956","75","true","1838","2.27198014504324","95","true","1838","4.664192018336637","105","true","1838","4.733312658506104","115","true","1838","2.696090175583351","125","true","1838","5.121635808414247","135","true"
"1839","4.779855590006352","0","true","1839","2.433184748387734","85","true","1839","2.967159838226944","55","true","1839","2.9092198802007725","15","true","1839","3.0459531426663577","5","true","1839","3.87293768347646","25","true","1839","3.089602993349642","35","true","1839","5.104654559604479","45","true","1839","4.798184723332215","65","true","1839","2.423094597910711","75","true","1839","2.270745373225282","95","true","1839","4.661657131370149","105","true","1839","4.730740205974307","115","true","1839","2.6946249091835774","125","true","1839","5.118852310692283","135","true"
"1840","4.7772592534555605","0","true","1840","2.431863083668349","85","true","1840","2.9655481272882005","55","true","1840","2.9076396412653023","15","true","1840","3.0442986325399777","5","true","1840","3.870833969362676","25","true","1840","3.0879247733641177","35","true","1840","5.101881797757872","45","true","1840","4.79557843070683","65","true","1840","2.421778413990064","75","true","1840","2.2695119428215746","95","true","1840","4.659124998218943","105","true","1840","4.728170548067748","115","true","1840","2.6931612345995557","125","true","1840","5.1160718368678975","135","true"
"1841","4.7746657359455416","0","true","1841","2.4305428539812324","85","true","1841","2.9639381663070448","55","true","1841","2.906061118115864","15","true","1841","3.0426459188415302","5","true","1841","3.8687325394118823","25","true","1841","3.086248375550131","35","true","1841","5.099112046510446","45","true","1841","4.793053332952799","65","true","1841","2.4204636591507644","75","true","1841","2.2682798516474043","95","true","1841","4.656595614397978","105","true","1841","4.725603680234921","115","true","1841","2.6916991492387528","125","true","1841","5.113294382016178","135","true"
"1842","4.772075032887513","0","true","1842","2.4292240569904666","85","true","1842","2.9623299524349305","55","true","1842","2.904484307959534","15","true","1842","3.040994998646825","5","true","1842","3.8666333899059615","25","true","1842","3.084573796941585","35","true","1842","5.096345300961607","45","true","1842","4.790452652902363","65","true","1842","2.4191503310665805","75","true","1842","2.2670490975227993","95","true","1842","4.6540689754319455","105","true","1842","4.723039597934196","115","true","1842","2.6902386505142606","125","true","1842","5.110519941222897","135","true"
"1843","4.76948713970265","0","true","1843","2.4279066903652007","85","true","1843","2.9607234828294886","55","true","1843","2.9029092080094476","15","true","1843","3.0393458690380144","5","true","1843","3.8645365171348627","25","true","1843","3.082901034578818","35","true","1843","5.093581556221389","45","true","1843","4.787933073572038","65","true","1843","2.417838427416328","75","true","1843","2.2658196782725155","95","true","1843","4.651545076855247","105","true","1843","4.720478296633798","115","true","1843","2.6887797358447845","125","true","1843","5.10774850958449","135","true"
"1844","4.766902051822052","0","true","1844","2.4265907517796372","85","true","1844","2.9591187546545132","55","true","1844","2.901335815484781","15","true","1844","3.0376985271035766","5","true","1844","3.8624419173965783","25","true","1844","3.0812300855085857","35","true","1844","5.090820807410429","45","true","1844","4.785337987895305","65","true","1844","2.4165279458838524","75","true","1844","2.2645915917260266","95","true","1844","4.6490239142119645","105","true","1844","4.717919771811775","115","true","1844","2.6873224026546247","125","true","1844","5.104980082208022","135","true"
"1845","4.7643197646867215","0","true","1845","2.4252762389130176","85","true","1845","2.957515765079944","55","true","1845","2.8997641276107373","15","true","1845","3.0360529699382983","5","true","1845","3.860349586997122","25","true","1845","3.0795609467840417","35","true","1845","5.088063049659936","45","true","1845","4.78282390901117","65","true","1845","2.4152188841580218","75","true","1845","2.2633648357175074","95","true","1845","4.6465054830558365","105","true","1845","4.715364018955972","115","true","1845","2.685866648373663","125","true","1845","5.102214654211159","135","true"
"1846","4.761740273747529","0","true","1846","2.4239631494496106","85","true","1846","2.95591451128185","55","true","1846","2.898194141618528","15","true","1846","3.0344091946432585","5","true","1846","3.858259522250507","25","true","1846","3.077893615464722","35","true","1846","5.085308278111663","45","true","1846","4.780234399585609","65","true","1846","2.413911239932706","75","true","1846","2.262139408085825","95","true","1846","4.64398977895023","105","true","1846","4.712811033564009","115","true","1846","2.684412470437348","125","true","1846","5.099452220722144","135","true"
"1847","4.759163574465199","0","true","1847","2.422651481078696","85","true","1847","2.9543149904424117","55","true","1847","2.896625854745358","15","true","1847","3.032767198325811","5","true","1847","3.8561717194787266","25","true","1847","3.0762280886165265","35","true","1847","5.08255648791788","45","true","1847","4.777725803248053","65","true","1847","2.4126050109067685","75","true","1847","2.2609153066745233","95","true","1847","4.641476797468115","105","true","1847","4.710260811143249","115","true","1847","2.6829598662866787","125","true","1847","5.096692776879762","135","true"
"1848","4.756589662310269","0","true","1848","2.421341231494554","85","true","1848","2.952717199749906","55","true","1848","2.8950592642344084","15","true","1848","3.0311269780995667","5","true","1848","3.854086175011729","25","true","1848","3.0745643633117044","35","true","1848","5.0798076742413425","45","true","1848","4.775141852029423","65","true","1848","2.41130019478405","75","true","1848","2.259692529331811","95","true","1848","4.638966534192036","105","true","1848","4.707713347210776","115","true","1848","2.6815088333681896","125","true","1848","5.0939363178333155","135","true"
"1849","4.754018532763074","0","true","1849","2.4200323983964487","85","true","1849","2.9511211363986902","55","true","1849","2.893494367334822","15","true","1849","3.0294885310843775","5","true","1849","3.852002885187398","25","true","1849","3.072902436628833","35","true","1849","5.077061832255266","45","true","1849","4.772638720416316","65","true","1849","2.4099967892733556","75","true","1849","2.2584710739105507","95","true","1849","4.6364589847140945","105","true","1849","4.705168637293364","115","true","1849","2.6800593691339363","125","true","1849","5.091182838742594","135","true"
"1850","4.751450181313715","0","true","1850","2.418724979488617","85","true","1850","2.9495267975891823","55","true","1850","2.8919311613016863","15","true","1850","3.02785185440632","5","true","1850","3.8499218463515326","25","true","1850","3.071242305652804","35","true","1850","5.074318957143297","45","true","1850","4.770060309438241","65","true","1850","2.408694792088443","75","true","1850","2.2572509382682435","95","true","1850","4.633954144635913","105","true","1850","4.702626676927458","115","true","1850","2.6786114710414815","125","true","1850","5.08843233477785","135","true"
"1851","4.7488846034620344","0","true","1851","2.4174189724802537","85","true","1851","2.947934180527849","55","true","1851","2.8903696433960158","15","true","1851","3.0262169451976773","5","true","1851","3.8478430548578224","25","true","1851","3.069583967474806","35","true","1851","5.071579044099483","45","true","1851","4.767562624804517","65","true","1851","2.4073942009480067","75","true","1851","2.256032120267019","95","true","1851","4.631452009568615","105","true","1851","4.700087461659138","115","true","1851","2.677165136553878","125","true","1851","5.085684801119762","135","true"
"1852","4.746321794717586","0","true","1852","2.4161143750854994","85","true","1852","2.9463432824271867","55","true","1852","2.888809810884739","15","true","1852","3.0245838005969232","5","true","1852","3.845766507067829","25","true","1852","3.067927419192305","35","true","1852","5.068842088328247","45","true","1852","4.764989736178071","65","true","1852","2.4060950135756656","75","true","1852","2.2548146177736204","95","true","1852","4.628952575132798","105","true","1852","4.697550987044104","115","true","1852","2.6757203631396558","125","true","1852","5.082940232959417","135","true"
"1853","4.7437617505996155","0","true","1853","2.4148111850234253","85","true","1853","2.9447541005057047","55","true","1853","2.8872516610406804","15","true","1853","3.0229524177487046","5","true","1853","3.8436921993509636","25","true","1853","3.0662726579090296","35","true","1853","5.066108085044359","45","true","1853","4.762497480855312","65","true","1853","2.4047972276999503","75","true","1853","2.2535984286593953","95","true","1853","4.626455836958509","105","true","1853","4.69501724864764","115","true","1853","2.674277148272806","125","true","1853","5.080198625498274","135","true"
"1854","4.741204466637028","0","true","1854","2.4135094000180217","85","true","1854","2.943166631987912","55","true","1854","2.885695191142545","15","true","1854","3.0213227938038267","5","true","1854","3.8416201280844673","25","true","1854","3.0646196807349546","35","true","1854","5.063377029472907","45","true","1854","4.759930096768597","65","true","1854","2.40350084105429","75","true","1854","2.2523835508002796","95","true","1854","4.6239617906852155","105","true","1854","4.692486242044596","115","true","1854","2.672835489432767","125","true","1854","5.07745997394814","135","true"
"1855","4.738649938368366","0","true","1855","2.4122090177981845","85","true","1855","2.941580874104298","55","true","1855","2.8841403984749037","15","true","1855","3.019694925919234","5","true","1855","3.8395502896533875","25","true","1855","3.062968484786283","35","true","1855","5.060648916849268","45","true","1855","4.757443253164618","65","true","1855","2.4022058513769977","75","true","1855","2.2511699820767883","95","true","1855","4.621470431961786","105","true","1855","4.689957962819356","115","true","1855","2.6713953841044087","125","true","1855","5.074724273531142","135","true"
"1856","4.736098161341781","0","true","1856","2.4109100360977007","85","true","1856","2.9399968240913177","55","true","1856","2.8825872803281753","15","true","1856","3.018068811257996","5","true","1856","3.837482680450558","25","true","1856","3.0613190671854285","35","true","1856","5.057923742419086","45","true","1856","4.754881355882353","65","true","1856","2.4009122564112593","75","true","1856","2.249957720374","95","true","1856","4.618981756446459","105","true","1856","4.687432406565819","115","true","1856","2.6699568297780196","125","true","1856","5.071991519479698","135","true"
"1857","4.7335491311150095","0","true","1857","2.409612452655237","85","true","1857","2.938414479191376","55","true","1857","2.881035833998612","15","true","1857","3.0164444469892886","5","true","1857","3.8354172968765807","25","true","1857","3.0596714250610018","35","true","1857","5.055201501438235","45","true","1857","4.752399906480792","65","true","1857","2.3996200539051173","75","true","1857","2.2487467635815492","95","true","1857","4.6164957598068215","105","true","1857","4.684909568887365","115","true","1857","2.668519823949291","125","true","1857","5.069261707036491","135","true"
"1858","4.731002843255346","0","true","1858","2.408316265214325","85","true","1858","2.9368338366528115","55","true","1858","2.8794860567882847","15","true","1858","3.0148218302883802","5","true","1858","3.8333541353397993","25","true","1858","3.0580255555477898","35","true","1858","5.052482189172804","45","true","1858","4.749843478343901","65","true","1858","2.3983292416114623","75","true","1858","2.2475371095936088","95","true","1858","4.614012437719782","105","true","1858","4.682389445396839","115","true","1858","2.667084364119302","125","true","1858","5.066534831454438","135","true"
"1859","4.728459293339617","0","true","1859","2.4070214715233496","85","true","1859","2.93525489372988","55","true","1859","2.877937946005065","15","true","1859","3.013200958336612","5","true","1859","3.8312931922562834","25","true","1859","3.0563814557867426","35","true","1859","5.0497658008990545","45","true","1859","4.747367405703814","65","true","1859","2.397039817288015","75","true","1859","2.246328756308881","95","true","1859","4.611531785871546","105","true","1859","4.679872031716519","115","true","1859","2.6656504477945067","125","true","1859","5.063810887996667","135","true"
"1860","4.725918476954157","0","true","1860","2.405728069335535","85","true","1860","2.933677647682739","55","true","1860","2.876391498962612","15","true","1860","3.0115818283213858","5","true","1860","3.829234464049805","25","true","1860","3.0547391229249548","35","true","1860","5.047052331903408","45","true","1860","4.744816429129013","65","true","1860","2.3957517786973175","75","true","1860","2.245121701630585","95","true","1860","4.60905379995759","105","true","1860","4.677357323478089","115","true","1860","2.664218072486718","125","true","1860","5.061089871936486","135","true"
"1861","4.723380389694784","0","true","1861","2.4044360564089313","85","true","1861","2.9321020957774313","55","true","1861","2.874846712980355","15","true","1861","3.009964437436143","5","true","1861","3.827177947151819","25","true","1861","3.0530985541156506","35","true","1861","5.044341777482407","45","true","1861","4.742345715884466","65","true","1861","2.3944651236067176","75","true","1861","2.243915943466444","95","true","1861","4.60657847568264","105","true","1861","4.674845316322624","115","true","1861","2.6627872357130946","125","true","1861","5.058371778557357","135","true"
"1862","4.720845027166767","0","true","1862","2.4031454305064037","85","true","1862","2.9305282352858706","55","true","1862","2.873303585383479","15","true","1862","3.0083487828803537","5","true","1862","3.8251236380014424","25","true","1862","3.051459746518165","35","true","1862","5.041634132942695","45","true","1862","4.739800173363863","65","true","1862","2.3931798497883565","75","true","1862","2.2427114797286736","95","true","1862","4.604105808760641","105","true","1862","4.67233600590055","115","true","1862","2.6613579349961256","125","true","1862","5.055656603152872","135","true"
"1863","4.71831238498481","0","true","1863","2.401856189395617","85","true","1863","2.9289560634858245","55","true","1863","2.8717621135029083","15","true","1863","3.006734861859495","5","true","1863","3.823071533045433","25","true","1863","3.04982269729793","35","true","1863","5.038929393600988","45","true","1863","4.737334802223529","65","true","1863","2.3918959550191565","75","true","1863","2.2415083083339695","95","true","1863","4.60163579491474","105","true","1863","4.6698293878716335","115","true","1863","2.659930167863617","125","true","1863","5.052944341026716","135","true"
"1864","4.715782458773023","0","true","1864","2.4005683308490244","85","true","1864","2.9273855776608992","55","true","1864","2.870222294675293","15","true","1864","3.0051226715850397","5","true","1864","3.82102162873817","25","true","1864","3.0481874036264562","35","true","1864","5.036227554784044","45","true","1864","4.7347946763242135","65","true","1864","2.3906134370808085","75","true","1864","2.240306427203495","95","true","1864","4.599168429877252","105","true","1864","4.667325457904946","115","true","1864","2.658503931848677","125","true","1864","5.050234987492654","135","true"
"1865","4.713255244164891","0","true","1865","2.3992818526438535","85","true","1865","2.9258167751005235","55","true","1865","2.868684126242991","15","true","1865","3.0035122092744366","5","true","1865","3.818973921541633","25","true","1865","3.0465538626813187","35","true","1865","5.03352861182864","45","true","1865","4.732334630070976","65","true","1865","2.389332293759758","75","true","1865","2.239105834262872","95","true","1865","4.596703709389644","105","true","1865","4.6648242116788445","115","true","1865","2.657079224489701","125","true","1865","5.0475285378744905","135","true"
"1866","4.71073073680326","0","true","1866","2.3979967525620944","85","true","1866","2.924249653099934","55","true","1866","2.8671476055540555","15","true","1866","3.0019034721510973","5","true","1866","3.8169284079253814","25","true","1866","3.044922071646139","35","true","1866","5.030832560081544","45","true","1866","4.729799903434622","65","true","1866","2.3880525228471923","75","true","1866","2.2379065274421635","95","true","1866","4.594241629202504","105","true","1866","4.662325644880945","115","true","1866","2.65565604333036","125","true","1866","5.044824987506052","135","true"
"1867","4.708208932340304","0","true","1867","2.3967130283904874","85","true","1867","2.922684208960159","55","true","1867","2.865612729962217","15","true","1867","3.0002964574443785","5","true","1867","3.8148850843665345","25","true","1867","3.043292027710568","35","true","1867","5.028139394899487","45","true","1867","4.727345164925172","65","true","1867","2.38677412213903","75","true","1867","2.2367085046758666","95","true","1867","4.591782185075522","105","true","1867","4.659829753208097","115","true","1867","2.6542343859195836","125","true","1867","5.042124331731157","135","true"
"1868","4.7056898264375","0","true","1868","2.3954306779205083","85","true","1868","2.9211204399880026","55","true","1868","2.8640794968268706","15","true","1868","2.998691162389566","5","true","1868","3.8128439473497524","25","true","1868","3.041663728070273","35","true","1868","5.02544911164914","45","true","1868","4.724815820267642","65","true","1868","2.3854970894359058","75","true","1868","2.2355117639028994","95","true","1868","4.589325372777461","105","true","1868","4.657336532366359","115","true","1868","2.6528142498115477","125","true","1868","5.039426565903585","135","true"
"1869","4.703173414765608","0","true","1869","2.3941496989483584","85","true","1869","2.91955834349603","55","true","1869","2.8625479035130597","15","true","1869","2.9970875842278604","5","true","1869","3.810804993367212","25","true","1869","3.0400371699269204","35","true","1869","5.022761705707081","45","true","1869","4.722366372432088","65","true","1869","2.3842214225431593","75","true","1869","2.2343163030665876","95","true","1869","4.586871188086136","105","true","1869","4.654845978070976","115","true","1869","2.651395632565659","125","true","1869","5.036731685387059","135","true"
"1870","4.700659693004643","0","true","1870","2.3928700892749495","85","true","1870","2.917997916802553","55","true","1870","2.86101794739146","15","true","1870","2.9954857202063594","5","true","1870","3.8087682189185927","25","true","1870","3.0384123504881564","35","true","1870","5.020077172459777","45","true","1870","4.719842392543027","65","true","1870","2.3829471192708223","75","true","1870","2.2331221201146545","95","true","1870","4.584419626788389","105","true","1870","4.652358086046352","115","true","1870","2.649978531746543","125","true","1870","5.034039685555211","135","true"
"1871","4.69814865684385","0","true","1871","2.391591846705892","85","true","1871","2.9164391572316117","55","true","1871","2.859489625838366","15","true","1871","2.9938855675780442","5","true","1871","3.8067336205110505","25","true","1871","3.0367892669675967","35","true","1871","5.017395507303548","45","true","1871","4.717398218384501","65","true","1871","2.3816741774336045","75","true","1871","2.2319292129992085","95","true","1871","4.581970684680061","105","true","1871","4.649872852026028","115","true","1871","2.648562944924029","125","true","1871","5.03135056179156","135","true"
"1872","4.695640301981681","0","true","1872","2.3903149690514844","85","true","1872","2.9148820621129614","55","true","1872","2.857962936235676","15","true","1872","2.992287123601761","5","true","1872","3.8047011946592026","25","true","1872","3.035167916584806","35","true","1872","5.01471670564455","45","true","1872","4.714879586126955","65","true","1872","2.380402594850885","75","true","1872","2.230737579676732","95","true","1872","4.579524357565977","105","true","1872","4.647390271752656","115","true","1872","2.6471488696731353","125","true","1872","5.028664309489482","135","true"
"1873","4.693134624125767","0","true","1873","2.389039454126697","85","true","1873","2.913326628782058","55","true","1873","2.856437875970876","15","true","1873","2.9906903855422082","5","true","1873","3.802670937885105","25","true","1873","3.033548296565283","35","true","1873","5.012040762898741","45","true","1873","4.712440668721221","65","true","1873","2.3791323693466957","75","true","1873","2.2295472181080678","95","true","1873","4.577080641259912","105","true","1873","4.644910340977975","115","true","1873","2.645736303574057","125","true","1873","5.025980924052188","135","true"
"1874","4.690631618992899","0","true","1874","2.387765299751163","85","true","1874","2.911772854580041","55","true","1874","2.8549144424370247","15","true","1874","2.989095350669919","5","true","1874","3.800642846718233","25","true","1874","3.0319304041404487","35","true","1874","5.0093676744918625","45","true","1874","4.709927367031236","65","true","1874","2.377863498749711","75","true","1874","2.22835812625841","95","true","1874","4.574639531584573","105","true","1874","4.642433055462787","115","true","1874","2.6443252442121508","125","true","1874","5.023300400892693","135","true"
"1875","4.688131282309001","0","true","1875","2.3864925037491633","85","true","1875","2.910220736853719","55","true","1875","2.8533926330327404","15","true","1875","2.9875020162612467","5","true","1875","3.7986169176954623","25","true","1875","3.030314236547623","35","true","1875","5.006697435859404","45","true","1875","4.707493689526306","65","true","1875","2.3765959808932346","75","true","1875","2.2271703020972913","95","true","1875","4.572201024371576","105","true","1875","4.6399584109769325","115","true","1875","2.642915689177922","125","true","1875","5.020622735433795","135","true"
"1876","4.685633609809104","0","true","1876","2.3852210639496167","85","true","1876","2.908670272955555","55","true","1876","2.851872445162185","15","true","1876","2.9859103795983475","5","true","1876","3.796593147361048","25","true","1876","3.0286997910300166","35","true","1876","5.004030042446586","45","true","1876","4.7049857014125465","65","true","1876","2.375329813615188","75","true","1876","2.2259837435985714","95","true","1876","4.569765115461414","105","true","1876","4.637486403299267","115","true","1876","2.641507636067012","125","true","1876","5.017947923108045","135","true"
"1877","4.6831385972373205","0","true","1877","2.383950978186065","85","true","1877","2.9071214602436513","55","true","1877","2.8503538762350487","15","true","1877","2.9843204379691683","5","true","1877","3.7945715322666063","25","true","1877","3.0270870648367096","35","true","1877","5.001365489708329","45","true","1877","4.702557247028292","65","true","1877","2.374064994758098","75","true","1877","2.2247984487404255","95","true","1877","4.567331800703448","105","true","1877","4.635017028217638","115","true","1877","2.6401010824801823","125","true","1877","5.015275959357721","135","true"
"1878","4.680646240346826","0","true","1878","2.3826822442966633","85","true","1878","2.9055742960817335","55","true","1878","2.848836923666536","15","true","1878","2.9827321886674287","5","true","1878","3.7925520689710948","25","true","1878","3.02547605522264","35","true","1878","4.998703773109229","45","true","1878","4.700054555571651","65","true","1878","2.3728015221690835","75","true","1878","2.223614415505332","95","true","1878","4.564901075955867","105","true","1878","4.632550281528858","115","true","1878","2.638696026023301","125","true","1878","5.012606839634806","135","true"
"1879","4.678156534899833","0","true","1879","2.381414860124165","85","true","1879","2.9040287778391365","55","true","1879","2.847321584877352","15","true","1879","2.9811456289926057","5","true","1879","3.7905347540407908","25","true","1879","3.0238667594485857","35","true","1879","4.996044888123533","45","true","1879","4.697631307599422","65","true","1879","2.3715393936998446","75","true","1879","2.222431641880063","95","true","1879","4.562472937085678","105","true","1879","4.630086159038683","115","true","1879","2.637292464307331","125","true","1879","5.009940559400958","135","true"
"1880","4.675669476667563","0","true","1880","2.380148823515912","85","true","1880","2.9024849028907904","55","true","1880","2.8458078572936847","15","true","1880","2.9795607562499193","5","true","1880","3.788519584049275","25","true","1880","3.0222591747811487","35","true","1880","4.99338883023511","45","true","1880","4.6951338959526385","65","true","1880","2.3702786072066497","75","true","1880","2.221250125855672","95","true","1880","4.560047379968673","105","true","1880","4.627624656561789","115","true","1880","2.635890394948316","125","true","1880","5.007277114127485","135","true"
"1881","4.673185061430227","0","true","1881","2.3788841323238206","85","true","1881","2.9009426686172035","55","true","1881","2.844295738347195","15","true","1881","2.977977567750318","5","true","1881","3.7865065555774104","25","true","1881","3.0206532984927423","35","true","1881","4.990735594937429","45","true","1881","4.692715837754886","65","true","1881","2.369019160550323","75","true","1881","2.220069865427481","95","true","1881","4.557624400489413","105","true","1881","4.625165769921745","115","true","1881","2.634489815567366","125","true","1881","5.004616499295324","135","true"
"1882","4.670703284976998","0","true","1882","2.3776207844043706","85","true","1882","2.8994020724044485","55","true","1882","2.842785225474998","15","true","1882","2.9763960608104614","5","true","1882","3.784495665213323","25","true","1882","3.0190491278615723","35","true","1882","4.988085177733533","45","true","1882","4.690223689142164","65","true","1882","2.3677610515962337","75","true","1882","2.218890858595071","95","true","1882","4.5552039945411975","105","true","1882","4.622709494950995","115","true","1882","2.633090723790644","125","true","1882","5.001958710395008","135","true"
"1883","4.668224143105991","0","true","1883","2.3763587776185937","85","true","1883","2.897863111644149","55","true","1883","2.8412763161196506","15","true","1883","2.974816232752706","5","true","1883","3.7824869095523814","25","true","1883","3.0174466601716246","35","true","1883","4.985437574136009","45","true","1883","4.6878108041520585","65","true","1883","2.366504278214282","75","true","1883","2.217713103362271","95","true","1883","4.5527861580260485","105","true","1883","4.620255827490831","115","true","1883","2.6316931172493536","125","true","1883","4.999303742926646","135","true"
"1884","4.665747631624237","0","true","1884","2.3750981098320585","85","true","1884","2.8963257837334626","55","true","1884","2.839769007729136","15","true","1884","2.9732380809050922","5","true","1884","3.7804802851971813","25","true","1884","3.015845892712648","35","true","1884","4.982792779666972","45","true","1884","4.6853239018686885","65","true","1884","2.36524883827889","75","true","1884","2.216536597737145","95","true","1884","4.550370886854681","105","true","1884","4.617804763391366","115","true","1884","2.6302969935797256","125","true","1884","4.9966515923998935","135","true"
"1885","4.66327374634766","0","true","1885","2.3738387789148625","85","true","1885","2.894790086075067","55","true","1885","2.838263297756851","15","true","1885","2.971661602601325","5","true","1885","3.778475788757522","25","true","1885","3.0142468227801382","35","true","1885","4.980150789858029","45","true","1885","4.682916173589745","65","true","1885","2.363994729668986","75","true","1885","2.2153613397319822","95","true","1885","4.547958176946487","105","true","1885","4.615356298511519","115","true","1885","2.6289023504230022","125","true","1885","4.994002254333934","135","true"
"1886","4.660802483101053","0","true","1886","2.3725807827416165","85","true","1886","2.893256016077147","55","true","1886","2.8367591836615906","15","true","1886","2.9700867951807624","5","true","1886","3.7764734168503904","25","true","1886","3.0126494476753263","35","true","1886","4.977511600250261","45","true","1886","4.680434501001727","65","true","1886","2.3627419502679956","75","true","1886","2.214187327363285","95","true","1886","4.545548024229505","105","true","1886","4.612910428718985","115","true","1886","2.6275091854254278","125","true","1886","4.991355724257446","135","true"
"1887","4.658333837718055","0","true","1887","2.3713241191914354","85","true","1887","2.8917235711533777","55","true","1887","2.8352566629075326","15","true","1887","2.9685136559884","5","true","1887","3.77447316609994","25","true","1887","3.0110537647051596","35","true","1887","4.974875206394196","45","true","1887","4.6780319130074375","65","true","1887","2.3614904979638283","75","true","1887","2.213014558651758","95","true","1887","4.5431404246403995","105","true","1887","4.610467149890215","115","true","1887","2.626117496238232","125","true","1887","4.98871199770858","135","true"
"1888","4.655867806041126","0","true","1888","2.370068786147925","85","true","1888","2.8901927487229098","55","true","1888","2.8337557329642253","15","true","1888","2.966942182374854","5","true","1888","3.7724750331374732","25","true","1888","3.0094597711822875","35","true","1888","4.972241603849784","45","true","1888","4.675555453551107","65","true","1888","2.360240370648866","75","true","1888","2.211843031622297","95","true","1888","4.540735374124444","105","true","1888","4.608026457910389","115","true","1888","2.624727280517619","125","true","1888","4.986071070234939","135","true"
"1889","4.6534043839215276","0","true","1889","2.3688147814991694","85","true","1889","2.888663546210358","55","true","1889","2.832256391306572","15","true","1889","2.9653723716963483","5","true","1889","3.7704790146014218","25","true","1889","3.0078674644250483","35","true","1889","4.969610788186372","45","true","1889","4.673081614686795","65","true","1889","2.3589915662199514","75","true","1889","2.210672744303978","95","true","1889","4.538332868635489","105","true","1889","4.6055883486733995","115","true","1889","2.6233385359247525","125","true","1889","4.983432937393545","135","true"
"1890","4.650943567219295","0","true","1890","2.367562103137721","85","true","1890","2.8871359610457836","55","true","1890","2.8307586354148184","15","true","1890","2.9638042213147004","5","true","1890","3.768485107137328","25","true","1890","3.0062768417574515","35","true","1890","4.966982754982677","45","true","1890","4.670610392257029","65","true","1890","2.3577440825783755","75","true","1890","2.209503694730047","95","true","1890","4.535932904135946","105","true","1890","4.6031528180818215","115","true","1890","2.621951260125744","125","true","1890","4.98079759475082","135","true"
"1891","4.648485351803218","0","true","1891","2.366310748960587","85","true","1891","2.885609990664681","55","true","1891","2.8292624627745355","15","true","1891","2.962237728597304","5","true","1891","3.766493307397826","25","true","1891","3.0046879005091656","35","true","1891","4.964357499826766","45","true","1891","4.66814178211313","65","true","1891","2.356497917629867","75","true","1891","2.2083358809379066","95","true","1891","4.533535476596763","105","true","1891","4.600719862046895","115","true","1891","2.6205654507916396","125","true","1891","4.978165037882558","135","true"
"1892","4.646029733550812","0","true","1892","2.3650607168692184","85","true","1892","2.8840856325079645","55","true","1892","2.827767870876609","15","true","1892","2.960672890917115","5","true","1892","3.7645036120426236","25","true","1892","3.0031006380155","35","true","1892","4.961735018316029","45","true","1892","4.665675780115183","65","true","1892","2.3552530692845792","75","true","1892","2.2071693009691065","95","true","1892","4.531140581997398","105","true","1892","4.598289476488497","115","true","1892","2.619181105598406","125","true","1892","4.975535262373904","135","true"
"1893","4.643576708348304","0","true","1893","2.3638120047694984","85","true","1893","2.8825628840219517","55","true","1893","2.8262748572172236","15","true","1893","2.959109705652639","5","true","1893","3.762516017738483","25","true","1893","3.001515051617392","35","true","1893","4.95911530605715","45","true","1893","4.663212382132017","65","true","1893","2.354009535457079","75","true","1893","2.206003952869334","95","true","1893","4.5287482163258055","105","true","1893","4.595861657335124","115","true","1893","2.617798222226918","125","true","1893","4.972908263819324","135","true"
"1894","4.6411262720906","0","true","1894","2.362564610571731","85","true","1894","2.881041742658352","55","true","1894","2.8247834192978476","15","true","1894","2.957548170187915","5","true","1894","3.7605305211592017","25","true","1894","2.9999311386613936","35","true","1894","4.9564983586660905","45","true","1894","4.660751584041183","65","true","1894","2.3527673140663365","75","true","1894","2.2048398346884004","95","true","1894","4.526358375578404","105","true","1894","4.593436400523865","115","true","1894","2.6164167983629456","125","true","1894","4.970284037822585","135","true"
"1895","4.63867842068127","0","true","1895","2.361318532190628","85","true","1895","2.8795222058742493","55","true","1895","2.8232935546252222","15","true","1895","2.955988281912499","5","true","1895","3.7585471189855943","25","true","1895","2.9983488964996523","35","true","1895","4.95388417176806","45","true","1895","4.6582933817289245","65","true","1895","2.351526403035711","75","true","1895","2.2036769444802315","95","true","1895","4.523971055760061","105","true","1895","4.5910137020003825","115","true","1895","2.6150368316971426","125","true","1895","4.9676625799967296","135","true"
"1896","4.636233150032519","0","true","1896","2.360073767545298","85","true","1896","2.8780042711320912","55","true","1896","2.821805260711345","15","true","1896","2.9544300382214543","5","true","1896","3.7565658079054756","25","true","1896","2.9967683224899004","35","true","1896","4.951272740997492","45","true","1896","4.655837771090164","65","true","1896","2.3502868002929405","75","true","1896","2.2025152803028565","95","true","1896","4.521586252884067","105","true","1896","4.588593557718885","115","true","1896","2.61365831992503","125","true","1896","4.965043885964048","135","true"
"1897","4.633790456065167","0","true","1897","2.358830314559236","85","true","1897","2.8764879358996716","55","true","1897","2.820318535073457","15","true","1897","2.9528734365153313","5","true","1897","3.754586584613639","25","true","1897","2.995189413995438","35","true","1897","4.94866406199802","45","true","1897","4.653384748028473","65","true","1897","2.3490485037701307","75","true","1897","2.201354840218398","95","true","1897","4.5192039629721155","105","true","1897","4.58617596364211","115","true","1897","2.6122812607469874","125","true","1897","4.962427951356059","135","true"
"1898","4.631350334708629","0","true","1898","2.357588171160311","85","true","1898","2.8749731976501196","55","true","1898","2.8188333752340293","15","true","1898","2.951318474200157","5","true","1898","3.7526094458118413","25","true","1898","2.993612168385119","35","true","1898","4.946058130422455","45","true","1898","4.650934308456051","65","true","1898","2.347811511403743","75","true","1898","2.2001956222930588","95","true","1898","4.516824182054279","105","true","1898","4.583760915741298","115","true","1898","2.610905651868237","125","true","1898","4.95981477181348","135","true"
"1899","4.628912781900888","0","true","1899","2.356347335280753","85","true","1899","2.8734600538618826","55","true","1899","2.817349778720748","15","true","1899","2.9497651486874203","5","true","1899","3.7506343882087827","25","true","1899","2.9920365830333373","35","true","1899","4.9434549419327585","45","true","1899","4.648486448293706","65","true","1899","2.346575821134583","75","true","1899","2.199037624597115","95","true","1899","4.5144469061689865","105","true","1899","4.5813484099961705","115","true","1899","2.6095314909988327","125","true","1899","4.957204342986211","135","true"
"1900","4.626477793588473","0","true","1900","2.355107804857144","85","true","1900","2.8719485020187148","55","true","1900","2.8158677430665024","15","true","1900","2.948213457394055","5","true","1900","3.748661408520088","25","true","1900","2.990462655320011","35","true","1900","4.940854492200022","45","true","1900","4.6460411634708265","65","true","1900","2.34534143090779","75","true","1900","2.197880845204902","95","true","1900","4.5120721313630066","105","true","1900","4.57893844239491","115","true","1900","2.6081587758536466","125","true","1900","4.954596660533298","135","true"
"1901","4.624045365726439","0","true","1901","2.353869577830405","85","true","1901","2.870438539609662","55","true","1901","2.8143872658093696","15","true","1901","2.9466633977424284","5","true","1901","3.74669050346829","25","true","1901","2.988890382630568","35","true","1901","4.9382567769044385","45","true","1901","4.6435984499253635","65","true","1901","2.3441083386728225","75","true","1901","2.1967252821948047","95","true","1901","4.509699853691417","105","true","1901","4.576531008934135","115","true","1901","2.6067875041523565","125","true","1901","4.9519917201229235","135","true"
"1902","4.621615494278343","0","true","1902","2.3526326521457857","85","true","1902","2.868930164129047","55","true","1902","2.8129083444926017","15","true","1902","2.945114967160325","5","true","1902","3.74472166978281","25","true","1902","2.9873197623559333","35","true","1902","4.935661791735282","45","true","1902","4.641158303603805","65","true","1902","2.3428765423834514","75","true","1902","2.1955709336492477","95","true","1902","4.50733006921759","105","true","1902","4.574126105618878","115","true","1902","2.6054176736194337","125","true","1902","4.94938951743237","135","true"
"1903","4.619188175216222","0","true","1903","2.3513970257528523","85","true","1903","2.8674233730764582","55","true","1903","2.811430976664612","15","true","1903","2.943568163080934","5","true","1903","3.7427549041999404","25","true","1903","2.985750791892511","35","true","1903","4.933069532390883","45","true","1903","4.638720720461156","65","true","1903","2.341646039997746","75","true","1903","2.194417797654684","95","true","1903","4.50496277401317","105","true","1903","4.571723728462565","115","true","1903","2.604049281984129","125","true","1903","4.946790048148004","135","true"
"1904","4.6167634045205705","0","true","1904","2.350162696605475","85","true","1904","2.8659181639567333","55","true","1904","2.809955159878961","15","true","1904","2.942022982942834","5","true","1904","3.7407902034628275","25","true","1904","2.9841834686421738","35","true","1904","4.930479994578604","45","true","1904","4.636285696460914","65","true","1904","2.340416829478062","75","true","1904","2.1932658723015845","95","true","1904","4.502597964158045","105","true","1904","4.5693238734869945","115","true","1904","2.6026823269804633","125","true","1904","4.944193307965249","135","true"
"1905","4.614341178180319","0","true","1905","2.3489296626618206","85","true","1905","2.8644145342799456","55","true","1905","2.808480891694345","15","true","1905","2.940479424189978","5","true","1905","3.7388275643214515","25","true","1905","2.982617790012246","35","true","1905","4.927893174014818","45","true","1905","4.633853227575048","65","true","1905","2.3391889087910327","75","true","1905","2.1921151556844274","95","true","1905","4.500235635740333","105","true","1905","4.566926536722311","115","true","1905","2.60131680634721","125","true","1905","4.941599292588562","135","true"
"1906","4.611921492192809","0","true","1906","2.347697921884337","85","true","1906","2.862912481561393","55","true","1906","2.8070081696745786","15","true","1906","2.9389374842716824","5","true","1906","3.7368669835326096","25","true","1906","2.9810537534154906","35","true","1906","4.9253090664248775","45","true","1906","4.631423309783975","65","true","1906","2.3379622759075556","75","true","1906","2.190965645901688","95","true","1906","4.497875784856358","105","true","1906","4.5645317142069874","115","true","1906","2.599952717827888","125","true","1906","4.9390079977314105","135","true"
"1907","4.609504342563778","0","true","1907","2.3464674722397434","85","true","1907","2.8614120033215813","55","true","1907","2.8055369913885855","15","true","1907","2.9373971606426093","5","true","1907","3.734908457859899","25","true","1907","2.9794913562700946","35","true","1907","4.9227276675431035","45","true","1907","4.628995939076542","65","true","1907","2.336736928802782","75","true","1907","2.1898173410558273","95","true","1907","4.495518407610627","105","true","1907","4.562139401987801","115","true","1907","2.5985900591707454","125","true","1907","4.936419419116247","135","true"
"1908","4.607089725307327","0","true","1908","2.3452383116990205","85","true","1908","2.8599130970862108","55","true","1908","2.804067354410383","15","true","1908","2.9358584507627548","5","true","1908","3.7329519840736967","25","true","1908","2.9779305959996547","35","true","1908","4.9201489731127515","45","true","1908","4.626571111449995","65","true","1908","2.335512865456107","75","true","1908","2.188670239253284","95","true","1908","4.493163500115807","105","true","1908","4.559749596119814","115","true","1908","2.5972288281287494","125","true","1908","4.933833552474489","135","true"
"1909","4.60467763644591","0","true","1909","2.344010438237398","85","true","1909","2.858415760386166","55","true","1909","2.802599256319069","15","true","1909","2.9343213520974336","5","true","1909","3.730997558951145","25","true","1909","2.976371470033163","35","true","1909","4.917572978885991","45","true","1909","4.624148822909969","65","true","1909","2.334290083851156","75","true","1909","2.1875243386044603","95","true","1909","4.490811058492709","105","true","1909","4.557362292666348","115","true","1909","2.595869022459572","125","true","1909","4.931250393546492","135","true"
"1910","4.602268072010302","0","true","1910","2.3427838498343436","85","true","1910","2.856919990757497","55","true","1910","2.8011326946988078","15","true","1910","2.9327858621172678","5","true","1910","3.7290451792761314","25","true","1910","2.9748139758049925","35","true","1910","4.914999680623883","45","true","1910","4.621729069470456","65","true","1910","2.333068581975776","75","true","1910","2.1863796372237148","95","true","1910","4.488461078870264","105","true","1910","4.554977487698967","115","true","1910","2.5945106399255793","125","true","1910","4.928669938081528","135","true"
"1911","4.5998610280395855","0","true","1911","2.3415585444735516","85","true","1911","2.8554257857414105","55","true","1911","2.7996676671388188","15","true","1911","2.9312519782981687","5","true","1911","3.7270948418392713","25","true","1911","2.9732581107548857","35","true","1911","4.9124290740963605","45","true","1911","4.619311847153788","65","true","1911","2.331848357822023","75","true","1911","2.185236133229351","95","true","1911","4.486113557385499","105","true","1911","4.55259517729745","115","true","1911","2.5931536782938194","125","true","1911","4.926092181837761","135","true"
"1912","4.5974565005811225","0","true","1912","2.3403345201429326","85","true","1912","2.8539331428842534","55","true","1912","2.798204171233362","15","true","1912","2.929719698121327","5","true","1912","3.7251465434378916","25","true","1912","2.971703872327936","35","true","1912","4.909861155082196","45","true","1912","4.616897151990612","65","true","1912","2.3306294093861517","75","true","1912","2.184093824743606","95","true","1912","4.483768490183521","105","true","1912","4.550215357549778","115","true","1912","2.5917981353360076","125","true","1912","4.923517120582227","135","true"
"1913","4.595054485690537","0","true","1913","2.339111774834603","85","true","1913","2.852442059737501","55","true","1913","2.796742204581725","15","true","1913","2.928189019073197","5","true","1913","3.723200280876012","25","true","1913","2.9701512579745772","35","true","1913","4.907295919368988","45","true","1913","4.614484980019875","65","true","1913","2.329411734668604","75","true","1913","2.182952709892643","95","true","1913","4.481425873417489","105","true","1913","4.547838024552103","115","true","1913","2.590444008828517","125","true","1913","4.920944750090804","135","true"
"1914","4.59265497943169","0","true","1914","2.3378903065448724","85","true","1914","2.8509525338577424","55","true","1914","2.7952817647882093","15","true","1914","2.926659938645482","5","true","1914","3.7212560509643273","25","true","1914","2.96860026515057","35","true","1914","4.904733362753129","45","true","1914","4.612075327288794","65","true","1914","2.328195331673999","75","true","1914","2.181812786806537","95","true","1914","4.479085703248603","105","true","1914","4.5454631744087335","115","true","1914","2.589091296552367","125","true","1914","4.918375066148198","135","true"
"1915","4.5902579778766635","0","true","1915","2.336670113274233","85","true","1915","2.8494645628066686","55","true","1915","2.79382284946212","15","true","1915","2.9251324543351247","5","true","1915","3.7193138505201913","25","true","1915","2.9670508913169837","35","true","1915","4.902173481039792","45","true","1915","4.60966818985284","65","true","1915","2.326980198411121","75","true","1915","2.180674053619269","95","true","1915","4.476747975846073","105","true","1915","4.543090803232111","115","true","1915","2.5877399962932057","125","true","1915","4.915808064547912","135","true"
"1916","4.587863477105731","0","true","1916","2.33545119302735","85","true","1916","2.847978144151057","55","true","1916","2.7923654562177473","15","true","1916","2.923606563644287","5","true","1916","3.7173736763675986","25","true","1916","2.9655031339401883","35","true","1916","4.899616270042901","45","true","1916","4.607263563775713","65","true","1916","2.32576633289291","75","true","1916","2.179536508468711","95","true","1916","4.474412687387102","105","true","1916","4.540720907142788","115","true","1916","2.5863901058413052","125","true","1916","4.913243741092227","135","true"
"1917","4.5854714732073445","0","true","1917","2.3342335438130504","85","true","1917","2.8464932754627617","55","true","1917","2.7909095826743595","15","true","1917","2.9220822640803434","5","true","1917","3.7154355253371674","25","true","1917","2.9639569904918357","35","true","1917","4.89706172558511","45","true","1917","4.604861445129323","65","true","1917","2.3245537331364483","75","true","1917","2.1784001494966208","95","true","1917","4.472079834056869","105","true","1917","4.538353482269408","115","true","1917","2.5850416229915445","125","true","1917","4.91068209159218","135","true"
"1918","4.583081962278107","0","true","1918","2.3330171636443096","85","true","1918","2.8450099543186957","55","true","1918","2.789455226456186","15","true","1918","2.9205595531558615","5","true","1918","3.713499394266121","25","true","1918","2.9624124584488487","35","true","1918","4.894509843497781","45","true","1918","4.602461829993769","65","true","1918","2.323342397162954","75","true","1918","2.177264974848629","95","true","1918","4.469749412048502","105","true","1918","4.535988524748684","115","true","1918","2.583694545543399","125","true","1918","4.9081231118675355","135","true"
"1919","4.580694940422754","0","true","1919","2.331802050538245","85","true","1919","2.8435281783008213","55","true","1919","2.788002385192407","15","true","1919","2.919038428388593","5","true","1919","3.7115652799982746","25","true","1919","2.9608695352934067","35","true","1919","4.891960619620959","45","true","1919","4.6000647144573135","65","true","1919","2.322132322997765","75","true","1919","2.1761309826742283","95","true","1919","4.4674214175630595","105","true","1919","4.533626030725378","115","true","1919","2.5823488713009284","125","true","1919","4.905566797746771","135","true"
"1920","4.578310403754132","0","true","1920","2.3305882025161013","85","true","1920","2.8420479449961356","55","true","1920","2.7865510565171374","15","true","1920","2.917518887301457","5","true","1920","3.709633179384012","25","true","1920","2.9593282185129315","35","true","1920","4.889414049803354","45","true","1920","4.597670094616367","65","true","1920","2.320923508670332","75","true","1920","2.1749981711267665","95","true","1920","4.465095846809513","105","true","1920","4.5312659963522774","115","true","1920","2.5810045980727656","125","true","1920","4.903013145067049","135","true"
"1921","4.575928348393178","0","true","1921","2.3293756176032416","85","true","1921","2.840569251996658","55","true","1921","2.785101238069418","15","true","1921","2.916000927422528","5","true","1921","3.7077030892802743","25","true","1921","2.9577885056000732","35","true","1921","4.886870129902311","45","true","1921","4.5952779665754635","65","true","1921","2.3197159522142083","75","true","1921","2.1738665383634332","95","true","1921","4.462772696004722","105","true","1921","4.52890841779018","115","true","1921","2.5796617236721033","125","true","1921","4.900462149674193","135","true"
"1922","4.573548770468896","0","true","1922","2.3281642938291367","85","true","1922","2.839092096899416","55","true","1922","2.7836529274931987","15","true","1922","2.914484546285023","5","true","1922","3.7057750065505393","25","true","1922","2.9562503940526996","35","true","1922","4.884328855783797","45","true","1922","4.592888326447239","65","true","1922","2.3185096516670347","75","true","1922","2.1727360825452515","95","true","1922","4.460451961373414","105","true","1922","4.526553291207865","115","true","1922","2.5783202459166836","125","true","1922","4.897913807422673","135","true"
"1923","4.571171666118341","0","true","1923","2.3269542292273546","85","true","1923","2.8376164773064327","55","true","1923","2.782206122437329","15","true","1923","2.912969741427286","5","true","1923","3.703848928064806","25","true","1923","2.954713881373878","35","true","1923","4.881790223322371","45","true","1923","4.590501170352413","65","true","1923","2.317304605070534","75","true","1923","2.171606801837068","95","true","1923","4.458133639148168","105","true","1923","4.5242006127820815","115","true","1923","2.576980162628785","125","true","1923","4.895368114175572","135","true"
"1924","4.568797031486591","0","true","1924","2.325745421835548","85","true","1924","2.8361423908247154","55","true","1924","2.7807608205555434","15","true","1924","2.9114565103927785","5","true","1924","3.7019248506995774","25","true","1924","2.9531789650718654","35","true","1924","4.879254228401164","45","true","1924","4.588116494419761","65","true","1924","2.316100810470498","75","true","1924","2.1704786944075423","95","true","1924","4.45581772556939","105","true","1924","4.521850378697519","115","true","1924","2.5756414716352114","125","true","1924","4.892825065804572","135","true"
"1925","4.566424862726732","0","true","1925","2.3245378696954466","85","true","1925","2.834669835066239","55","true","1925","2.779317019506449","15","true","1925","2.9099448507300614","5","true","1925","3.700002771337844","25","true","1925","2.951645642660094","35","true","1925","4.876720866911859","45","true","1925","4.585734294786107","65","true","1925","2.3148982659167747","75","true","1925","2.1693517584291375","95","true","1925","4.453504216885293","105","true","1925","4.519502585146793","115","true","1925","2.5743041707672805","125","true","1925","4.890284658189927","135","true"
"1926","4.564055155999838","0","true","1926","2.323331570852844","85","true","1926","2.833198807647938","55","true","1926","2.777874716953514","15","true","1926","2.908434759992786","5","true","1926","3.698082686869064","25","true","1926","2.950113911657157","35","true","1926","4.874190134754667","45","true","1926","4.5833545675962855","65","true","1926","2.313696969463263","75","true","1926","2.1682259920781104","95","true","1926","4.451193109351881","105","true","1926","4.517157228330423","115","true","1926","2.572968257860811","125","true","1926","4.887746887220446","135","true"
"1927","4.5616879074749415","0","true","1927","2.3221265233575883","85","true","1927","2.831729306191689","55","true","1927","2.7764339105650526","15","true","1927","2.906926235739678","5","true","1927","3.696164594189153","25","true","1927","2.948583769586795","35","true","1927","4.871662027838299","45","true","1927","4.580977309003133","65","true","1927","2.3124969191678986","75","true","1927","2.1671013935345016","95","true","1927","4.448884399232923","105","true","1927","4.514814304456808","115","true","1927","2.571633730756111","125","true","1927","4.8852117487934645","135","true"
"1928","4.5593231133290235","0","true","1928","2.320922725263572","85","true","1928","2.830261328324301","55","true","1928","2.7749945980142154","15","true","1928","2.9054192755345247","5","true","1928","3.6942484902004598","25","true","1928","2.9470552139778854","35","true","1928","4.86913654207996","45","true","1928","4.578602515167466","65","true","1928","2.3112981130926427","75","true","1928","2.165977960982125","95","true","1928","4.4465780827999355","105","true","1928","4.512473809742211","115","true","1928","2.570300587297969","125","true","1928","4.882679238814826","135","true"
"1929","4.556960769746988","0","true","1929","2.31972017462872","85","true","1929","2.828794871677501","55","true","1929","2.7735567769789746","15","true","1929","2.903913876946165","5","true","1929","3.692334371811755","25","true","1929","2.9455282423644253","35","true","1929","4.866613673405307","45","true","1929","4.576230182258053","65","true","1929","2.310100549303476","75","true","1929","2.164855692608559","95","true","1929","4.444274156332163","105","true","1929","4.510135740410738","115","true","1929","2.5689688253356384","125","true","1929","4.88014935319886","135","true"
"1930","4.5546008729216405","0","true","1930","2.318518869514982","85","true","1930","2.827329933887922","55","true","1930","2.7721204451421135","15","true","1930","2.9024100375484716","5","true","1930","3.690422235938212","25","true","1930","2.944002852285521","35","true","1930","4.8640934177484425","45","true","1930","4.573860306451601","65","true","1930","2.308904225870382","75","true","1930","2.1637345866051367","95","true","1930","4.4419726161165585","105","true","1930","4.507800092694317","115","true","1930","2.5676384427228287","125","true","1930","4.8776220878683585","135","true"
"1931","4.552243419053668","0","true","1931","2.317318807988318","85","true","1931","2.8258665125970897","55","true","1931","2.7706856001912117","15","true","1931","2.900907754920341","5","true","1931","3.6885120795013906","25","true","1931","2.942479041285373","35","true","1931","4.861575771051885","45","true","1931","4.571492883932733","65","true","1931","2.3077091408673436","75","true","1931","2.162614641166935","95","true","1931","4.4396734584477615","105","true","1931","4.505466862832673","115","true","1931","2.5663094373176927","125","true","1931","4.875097438754555","135","true"
"1932","4.549888404351623","0","true","1932","2.3161199881186914","85","true","1932","2.8244046054514107","55","true","1932","2.769252239818635","15","true","1932","2.8994070266456795","5","true","1932","3.6866038994292225","25","true","1932","2.940956806913265","35","true","1932","4.859060729266551","45","true","1932","4.569127910893969","65","true","1932","2.306515292372327","75","true","1932","2.161495854492767","95","true","1932","4.437376679628078","105","true","1932","4.503136047073318","115","true","1932","2.5649818069828156","125","true","1932","4.872575401797103","135","true"
"1933","4.547535825031896","0","true","1933","2.314922407980057","85","true","1933","2.82294421010216","55","true","1933","2.7678203617215207","15","true","1933","2.8979078503133913","5","true","1933","3.684697692655991","25","true","1933","2.9394361467235477","35","true","1933","4.856548288351728","45","true","1933","4.5667653835356985","65","true","1933","2.3053226784672742","75","true","1933","2.16037822478517","95","true","1933","4.4350822759674635","105","true","1933","4.500807641671523","115","true","1933","2.563655549585203","125","true","1933","4.870055972944054","135","true"
"1934","4.545185677318702","0","true","1934","2.3137260656503518","85","true","1934","2.821485324205466","55","true","1934","2.766389963601768","15","true","1934","2.8964102235173637","5","true","1934","3.682793456122319","25","true","1934","2.9379170582756284","35","true","1934","4.85403844427506","45","true","1934","4.564405298066172","65","true","1934","2.304131297238092","75","true","1934","2.1592617502503972","95","true","1934","4.432790243783502","105","true","1934","4.498481642890297","115","true","1934","2.56233066299627","125","true","1934","4.867539148151835","135","true"
"1935","4.542837957444053","0","true","1935","2.3125309592114824","85","true","1935","2.820027945422302","55","true","1935","2.764961043166023","15","true","1935","2.894914143856456","5","true","1935","3.680891186775148","25","true","1935","2.9363995391339572","35","true","1935","4.851531193012522","45","true","1935","4.562047650701468","65","true","1935","2.302941146774643","75","true","1935","2.1581464290984083","95","true","1935","4.430500579401381","105","true","1935","4.496158047000375","115","true","1935","2.5610071450918297","125","true","1935","4.865024923385227","135","true"
"1936","4.540492661647748","0","true","1936","2.311337086749319","85","true","1936","2.8185720714184703","55","true","1936","2.7635335981256692","15","true","1936","2.8934196089344857","5","true","1936","3.678990881567727","25","true","1936","2.934883586868013","35","true","1936","4.849026530548396","45","true","1936","4.5596924376654835","65","true","1936","2.3017522251707323","75","true","1936","2.1570322595428593","95","true","1936","4.428213279153885","105","true","1936","4.493836850280188","115","true","1936","2.559684993752082","125","true","1936","4.862513294617346","135","true"
"1937","4.538149786177341","0","true","1937","2.310144446353679","85","true","1937","2.817117699864591","55","true","1937","2.7621076261968116","15","true","1937","2.891926616360216","5","true","1937","3.6770925374595906","25","true","1937","2.9333691990522914","35","true","1937","4.846524452875253","45","true","1937","4.5573396551899075","65","true","1937","2.300564530524101","75","true","1937","2.155919239801093","95","true","1937","4.425928339381359","105","true","1937","4.491518049015854","115","true","1937","2.558364206861601","125","true","1937","4.860004257829618","135","true"
"1938","4.535809327288131","0","true","1938","2.308953036118324","85","true","1938","2.815664828436089","55","true","1938","2.760683125100269","15","true","1938","2.8904351637473433","5","true","1938","3.6751961514165483","25","true","1938","2.9318563732662923","35","true","1938","4.844024955993936","45","true","1938","4.554989299514204","65","true","1938","2.2993780609364145","75","true","1938","2.15480736809413","95","true","1938","4.423645756431704","105","true","1938","4.489201639501148","115","true","1938","2.5570447823093256","125","true","1938","4.857497809011758","135","true"
"1939","4.533471281243138","0","true","1939","2.3077628541409436","85","true","1939","2.814213454813184","55","true","1939","2.7592600925615574","15","true","1939","2.8889452487144838","5","true","1939","3.6733017204106635","25","true","1939","2.9303451070945057","35","true","1939","4.841528035913527","45","true","1939","4.552641366885588","65","true","1939","2.2981928145132517","75","true","1939","2.153696642646659","95","true","1939","4.421365526660348","105","true","1939","4.486887618037487","115","true","1939","2.5557267179885477","125","true","1939","4.854993944161753","135","true"
"1940","4.531135644313079","0","true","1940","2.306573898523148","85","true","1940","2.812763576680874","55","true","1940","2.7578385263108816","15","true","1940","2.8874568688851614","5","true","1940","3.6714092414202404","25","true","1940","2.9288353981263993","35","true","1940","4.839033688651336","45","true","1940","4.550295853559011","65","true","1940","2.297008789364095","75","true","1940","2.1525870616870266","95","true","1940","4.4190876464302296","105","true","1940","4.484575980933913","115","true","1940","2.5544100117968997","125","true","1940","4.852492659285832","135","true"
"1941","4.528802412776358","0","true","1941","2.3053861673704583","85","true","1941","2.8113151917289274","55","true","1941","2.756418424083121","15","true","1941","2.8859700218877955","5","true","1941","3.669518711429808","25","true","1941","2.927327243956406","35","true","1941","4.836541910232874","45","true","1941","4.547952755797137","65","true","1941","2.295825983602321","75","true","1941","2.151478623447229","95","true","1941","4.416812112111779","105","true","1941","4.482266724507067","115","true","1941","2.553094661636345","125","true","1941","4.8499939503984555","135","true"
"1942","4.5264715829190365","0","true","1942","2.3041996587922955","85","true","1942","2.8098682976518665","55","true","1942","2.7549997836178184","15","true","1942","2.8844847053556864","5","true","1942","3.6676301274301015","25","true","1942","2.925820642183912","35","true","1942","4.834052696691838","45","true","1942","4.545612069870325","65","true","1942","2.294644395345192","75","true","1942","2.1503713261629023","95","true","1942","4.4145389200829","105","true","1942","4.479959845081176","115","true","1942","2.5517806654131663","125","true","1942","4.847497813522285","135","true"
"1943","4.524143151034819","0","true","1943","2.30301437090197","85","true","1943","2.8084228921489593","55","true","1943","2.753582602659167","15","true","1943","2.8830009169270054","5","true","1943","3.665743486418049","25","true","1943","2.9243155904132414","35","true","1943","4.831566044070083","45","true","1943","4.543273792056605","65","true","1943","2.2934640227138416","75","true","1943","2.149265168073312","95","true","1943","4.412268066728948","105","true","1943","4.477655338988027","115","true","1943","2.550468021037954","125","true","1943","4.845004244688169","135","true"
"1944","4.521817113425032","0","true","1944","2.3018303018166737","85","true","1944","2.806978972924204","55","true","1944","2.7521668789560008","15","true","1944","2.881518654244781","5","true","1944","3.663858785396754","25","true","1944","2.9228120862536455","35","true","1944","4.829081948417605","45","true","1944","4.540937918641666","65","true","1944","2.292284863833269","75","true","1944","2.1481601474213465","95","true","1944","4.409999548442712","105","true","1944","4.475353202566954","115","true","1944","2.549156726425595","125","true","1944","4.842513239935116","135","true"
"1945","4.519493466398606","0","true","1945","2.300647449657467","85","true","1945","2.805536537686319","55","true","1945","2.7507526102617788","15","true","1945","2.880037914956885","5","true","1945","3.6619760213754815","25","true","1945","2.921310127319291","35","true","1945","4.826600405792519","45","true","1945","4.538604445918829","65","true","1945","2.291106916832327","75","true","1945","2.147056262453504","95","true","1945","4.4077333616243966","105","true","1945","4.4730534321648125","115","true","1945","2.5478467794952633","125","true","1945","4.840024795310278","135","true"
"1946","4.517172206272053","0","true","1946","2.2994658125492706","85","true","1946","2.8040955841487296","55","true","1946","2.7493397943345768","15","true","1946","2.878558696716024","5","true","1946","3.660095191369639","25","true","1946","2.9198097112292456","35","true","1946","4.8241214122610385","45","true","1946","4.53627337018903","65","true","1946","2.2899301798437124","75","true","1946","2.1459535114198864","95","true","1946","4.4054695026815995","105","true","1946","4.470756024135966","115","true","1946","2.546538178170407","125","true","1946","4.837538906868927","135","true"
"1947","4.5148533293694495","0","true","1947","2.2982853886208576","85","true","1947","2.802656110029557","55","true","1947","2.7479284289370747","15","true","1947","2.877080997179722","5","true","1947","3.658216292400763","25","true","1947","2.9183108356074645","35","true","1947","4.821644963897454","45","true","1947","4.533944687760801","65","true","1947","2.288754651003957","75","true","1947","2.1448518925741884","95","true","1947","4.4032079680292995","105","true","1947","4.4684609748422615","115","true","1947","2.545230920378738","125","true","1947","4.835055570674435","135","true"
"1948","4.512536832022415","0","true","1948","2.2971061760048386","85","true","1948","2.8012181130516045","55","true","1948","2.7465185118365425","15","true","1948","2.875604814010312","5","true","1948","3.656339321496504","25","true","1948","2.9168134980827816","35","true","1948","4.819171056784116","45","true","1948","4.531618394950252","65","true","1948","2.287580328453416","75","true","1948","2.1437514041736883","95","true","1948","4.400948754089828","105","true","1948","4.466168280653014","115","true","1948","2.5439250040522228","125","true","1948","4.832574782798256","135","true"
"1949","4.510222710570096","0","true","1949","2.2959281728376566","85","true","1949","2.799781590942347","55","true","1949","2.7451100408048315","15","true","1949","2.8741301448749224","5","true","1949","3.6544642756906085","25","true","1949","2.9153176962888927","35","true","1949","4.816699687011406","45","true","1949","4.529294488081047","65","true","1949","2.2864072103362605","75","true","1949","2.1426520444792403","95","true","1949","4.398691857292859","105","true","1949","4.463877937944987","115","true","1949","2.542620427127068","125","true","1949","4.830096539319897","135","true"
"1950","4.507910961359142","0","true","1950","2.294751377259575","85","true","1950","2.7983465414339195","55","true","1950","2.7437030136183607","15","true","1950","2.8726569874454633","5","true","1950","3.6525911520229046","25","true","1950","2.913823427864347","35","true","1950","4.814230850677725","45","true","1950","4.526972963484388","65","true","1950","2.2852352948004655","75","true","1950","2.1415538117552635","95","true","1950","4.396437274075384","105","true","1950","4.4615899431023704","115","true","1950","2.541317187543712","125","true","1950","4.8276208363269095","135","true"
"1951","4.505601580743692","0","true","1951","2.293575787414667","85","true","1951","2.796912962263103","55","true","1951","2.742297428058105","15","true","1951","2.871185339398616","5","true","1951","3.650719947539286","25","true","1951","2.9123306904525315","35","true","1951","4.811764543889468","45","true","1951","4.524653817498996","65","true","1951","2.284064579997801","75","true","1951","2.140456704269733","95","true","1951","4.3941850008816985","105","true","1951","4.459304292516765","115","true","1951","2.540015283246815","125","true","1951","4.825147669914856","135","true"
"1952","4.5032945650853495","0","true","1952","2.292401401450809","85","true","1952","2.7954808511713143","55","true","1952","2.7408932819095857","15","true","1952","2.869715198415821","5","true","1952","3.6488506592916985","25","true","1952","2.9108394817016596","35","true","1952","4.809300762761005","45","true","1952","4.522337046471091","65","true","1952","2.282895064083824","75","true","1952","2.1393607202941722","95","true","1952","4.391935034163377","105","true","1952","4.457020982587161","115","true","1952","2.5387147121852442","125","true","1952","4.822677036187302","135","true"
"1953","4.500989910753167","0","true","1953","2.2912282175196674","85","true","1953","2.794050205904594","55","true","1953","2.7394905729628563","15","true","1953","2.8682465621832645","5","true","1953","3.6469832843381202","25","true","1953","2.90934979926476","35","true","1953","4.8068395034146585","45","true","1953","4.520022646754371","65","true","1953","2.281726745217865","75","true","1953","2.1382658581036433","95","true","1953","4.389687370379261","105","true","1953","4.45474000971992","115","true","1953","2.5374154723120688","125","true","1953","4.820208931255783","135","true"
"1954","4.498687614123625","0","true","1954","2.2900562337766908","85","true","1954","2.7926210242135943","55","true","1954","2.7380892990124917","15","true","1954","2.866779428391866","5","true","1954","3.6451178197425507","25","true","1954","2.9078616407996627","35","true","1954","4.804380761980687","45","true","1954","4.517710614709996","65","true","1954","2.280559621563022","75","true","1954","2.137172115976736","95","true","1954","4.387442005995434","105","true","1954","4.452461370328759","115","true","1954","2.5361175615845433","125","true","1954","4.817743351239796","135","true"
"1955","4.496387671580617","0","true","1955","2.2888854483810994","85","true","1955","2.791193303853567","55","true","1955","2.7366894578575773","15","true","1955","2.8653137947372693","5","true","1955","3.643254262574993","25","true","1955","2.9063750039689884","35","true","1955","4.80192453459726","45","true","1955","4.515400946706565","65","true","1955","2.2793936912861494","75","true","1955","2.1360794921955617","95","true","1955","4.385198937485212","105","true","1955","4.450185060834726","115","true","1955","2.5348209779641016","125","true","1955","4.815280292266769","135","true"
"1956","4.494090079515425","0","true","1956","2.2877158594958766","85","true","1956","2.789767042584352","55","true","1956","2.735291047301697","15","true","1956","2.8638496589198255","5","true","1956","3.6413926099114393","25","true","1956","2.9048898864401336","35","true","1956","4.7994708174104455","45","true","1956","4.513093639120103","65","true","1956","2.2782289525578476","75","true","1956","2.134987985045743","95","true","1956","4.382958161329113","105","true","1956","4.447911077666185","115","true","1956","2.5335257194163425","125","true","1956","4.812819750472049","135","true"
"1957","4.491794834326704","0","true","1957","2.286547465287758","85","true","1957","2.788342238170366","55","true","1957","2.733894065152922","15","true","1957","2.8623870186445854","5","true","1957","3.6395328588338542","25","true","1957","2.903406285885261","35","true","1957","4.797019606574179","45","true","1957","4.510788688334036","65","true","1957","2.277065403552456","75","true","1957","2.1338975928164037","95","true","1957","4.380719674014849","105","true","1957","4.445639417258797","115","true","1957","2.5322317839110227","125","true","1957","4.810361721998876","135","true"
"1958","4.489501932420463","0","true","1958","2.285380263927223","85","true","1958","2.7869188883805904","55","true","1958","2.7324985092237983","15","true","1958","2.8609258716212858","5","true","1958","3.637675006430162","25","true","1958","2.901924199981287","35","true","1958","4.794570898250251","45","true","1958","4.508486090739174","65","true","1958","2.275903042448039","75","true","1958","2.1328083138001626","95","true","1958","4.378483472037302","105","true","1958","4.4433700760555","115","true","1958","2.530939169422043","125","true","1958","4.807906202998367","135","true"
"1959","4.487211370210044","0","true","1959","2.284214253588485","85","true","1959","2.7854969909885594","55","true","1959","2.7311043773313375","15","true","1959","2.859466215564336","5","true","1959","3.635819049794228","25","true","1959","2.9004436264098676","35","true","1959","4.792124688608286","45","true","1959","4.506185842733695","65","true","1959","2.2747418674263815","75","true","1959","2.1317201462931217","95","true","1959","4.376249551898508","105","true","1959","4.441103050506492","115","true","1959","2.52964787392744","125","true","1959","4.80545318962949","135","true"
"1960","4.484923144116108","0","true","1960","2.28304943244948","85","true","1960","2.784076543772349","55","true","1960","2.729711667297002","15","true","1960","2.858008048192809","5","true","1960","3.6339649860258474","25","true","1960","2.8989645628573895","35","true","1960","4.789680973825723","45","true","1960","4.503887940723121","65","true","1960","2.273581876672977","75","true","1960","2.130633088594859","95","true","1960","4.374017910107637","105","true","1960","4.438838337069212","115","true","1960","2.528357895409374","125","true","1960","4.803002678059052","135","true"
"1961","4.482637250566609","0","true","1961","2.2818857986918606","85","true","1961","2.782657544514565","55","true","1961","2.728320376946698","15","true","1961","2.8565513672304275","5","true","1961","3.6321128122307274","25","true","1961","2.8974870070149548","35","true","1961","4.787239750087789","45","true","1961","4.5015923811203065","65","true","1961","2.2724230683770172","75","true","1961","2.1295471390084195","95","true","1961","4.371788543180976","105","true","1961","4.436575932208321","115","true","1961","2.5270692318541195","125","true","1961","4.8005546644616715","135","true"
"1962","4.480353685996784","0","true","1962","2.2807233505009834","85","true","1962","2.7812399910023315","55","true","1962","2.7269305041107597","15","true","1962","2.855096170405552","5","true","1962","3.630262525520472","25","true","1962","2.8960109565783703","35","true","1962","4.784801013587489","45","true","1962","4.49929916034541","65","true","1962","2.271265440731385","75","true","1962","2.128462295840305","95","true","1962","4.369561447641913","105","true","1962","4.434315832395683","115","true","1962","2.5257818812520543","125","true","1962","4.798109145019765","135","true"
"1963","4.4780724468491275","0","true","1963","2.2795620860659014","85","true","1963","2.7798238810272795","55","true","1963","2.7255420466239415","15","true","1963","2.8536424554511703","5","true","1963","3.6284141230125697","25","true","1963","2.894536409248137","35","true","1963","4.7823647605255815","45","true","1963","4.497008274825887","65","true","1963","2.270108991932642","75","true","1963","2.1273785574004678","95","true","1963","4.367336620020914","105","true","1963","4.432058034110349","115","true","1963","2.524495841597649","125","true","1963","4.795666115923523","135","true"
"1964","4.4757935295733775","0","true","1964","2.278402003579354","85","true","1964","2.7784092123855353","55","true","1964","2.7241550023254053","15","true","1964","2.8521902201048848","5","true","1964","3.626567601830375","25","true","1964","2.8930633627294355","35","true","1964","4.779930987110555","45","true","1964","4.494719720996459","65","true","1964","2.268953720181022","75","true","1964","2.1262959220022997","95","true","1964","4.365114056855509","105","true","1964","4.4298025338385365","115","true","1964","2.5232111108894566","125","true","1964","4.793225573370891","135","true"
"1965","4.473516930626494","0","true","1965","2.277243101237757","85","true","1965","2.7769959828777093","55","true","1965","2.7227693690587085","15","true","1965","2.8507394621089004","5","true","1965","3.6247229591030963","25","true","1965","2.8915918147321165","35","true","1965","4.777499689558617","45","true","1965","4.492433495299106","65","true","1965","2.267799623680421","75","true","1965","2.125214387962624","95","true","1965","4.362893754690272","105","true","1965","4.427549328073614","115","true","1965","2.521927687130103","125","true","1965","4.790787513567548","135","true"
"1966","4.471242646472642","0","true","1966","2.276085377241195","85","true","1966","2.775584190308885","55","true","1966","2.721385144671795","15","true","1966","2.8492901792100147","5","true","1966","3.6228801919657787","25","true","1966","2.890121762970687","35","true","1966","4.775070864093666","45","true","1966","4.490149594183041","65","true","1966","2.2666467006383875","75","true","1966","2.1241339536016874","95","true","1966","4.360675710076805","105","true","1966","4.425298413316078","115","true","1966","2.5206455683262745","125","true","1966","4.7883519327268935","135","true"
"1967","4.468970673583175","0","true","1967","2.2749288297934096","85","true","1967","2.7741738324886063","55","true","1967","2.7200023270169824","15","true","1967","2.847842369159603","5","true","1967","3.621039297559292","25","true","1967","2.8886532051642995","35","true","1967","4.772644506947278","45","true","1967","4.487868014104696","65","true","1967","2.265494949266112","75","true","1967","2.1230546172431497","95","true","1967","4.358459919573717","105","true","1967","4.423049786073539","115","true","1967","2.5193647524887104","125","true","1967","4.78591882707002","135","true"
"1968","4.466701008436611","0","true","1968","2.273773457101793","85","true","1968","2.772764907230867","55","true","1968","2.7186209139509505","15","true","1968","2.84639602971361","5","true","1968","3.619200273030313","25","true","1968","2.88718613903674","35","true","1968","4.7702206143586805","45","true","1968","4.4855887515277","65","true","1968","2.2643443677784196","75","true","1968","2.1219763772140774","95","true","1968","4.35624637974661","105","true","1968","4.420803442860703","115","true","1968","2.51808523763219","125","true","1968","4.783488192825699","135","true"
"1969","4.464433647518623","0","true","1969","2.2726192573773756","85","true","1969","2.7713574123541","55","true","1969","2.717240903334732","15","true","1969","2.8449511586325373","5","true","1969","3.617363115531313","25","true","1969","2.8857205623164166","35","true","1969","4.767799182574742","45","true","1969","4.483311802922864","65","true","1969","2.2631949543937604","75","true","1969","2.1208992318449336","95","true","1969","4.354035087168058","105","true","1969","4.418559380199353","115","true","1969","2.516807021775524","125","true","1969","4.781060026230355","135","true"
"1970","4.4621685873220125","0","true","1970","2.27146622883482","85","true","1970","2.7699513456811653","55","true","1970","2.715862293033699","15","true","1970","2.84350775368143","5","true","1970","3.615527822220541","25","true","1970","2.8842564727363476","35","true","1970","4.765380207849945","45","true","1970","4.481037164768159","65","true","1970","2.2620467073342","75","true","1970","2.1198231794695683","95","true","1970","4.351826038417593","105","true","1970","4.416317594618328","115","true","1970","2.5155301029415433","125","true","1970","4.778634323528057","135","true"
"1971","4.459905824346698","0","true","1971","2.270314369692409","85","true","1971","2.768546705039339","55","true","1971","2.7144850809175565","15","true","1971","2.8420658126298672","5","true","1971","3.613694390262012","25","true","1971","2.8827938680341485","35","true","1971","4.76296368644637","45","true","1971","4.478764833548703","65","true","1971","2.26089962482541","75","true","1971","2.118748218425212","95","true","1971","4.349619230081681","105","true","1971","4.4140780826535115","115","true","1971","2.51425447915709","125","true","1971","4.776211080970487","135","true"
"1972","4.4576453550996895","0","true","1972","2.2691636781720375","85","true","1972","2.7671434882603023","55","true","1972","2.713109264860325","15","true","1972","2.8406253332519507","5","true","1972","3.6118628168254876","25","true","1972","2.881332745952023","35","true","1972","4.760549614633676","45","true","1972","4.476494805756737","65","true","1972","2.2597537050966587","75","true","1972","2.1176743470524677","95","true","1972","4.347414658753713","105","true","1972","4.411840840847808","115","true","1972","2.5129801484530065","125","true","1972","4.773790294816928","135","true"
"1973","4.45538717609508","0","true","1973","2.268014152499205","85","true","1973","2.76574169318013","55","true","1973","2.711734842740335","15","true","1973","2.839186313326291","5","true","1973","3.6100330990864675","25","true","1973","2.879873104236748","35","true","1973","4.758137988689079","45","true","1973","4.474227077891611","65","true","1973","2.2586089463808046","75","true","1973","2.116601563695298","95","true","1973","4.345212321033979","105","true","1973","4.409605865751127","115","true","1973","2.5117071088641247","125","true","1973","4.771371961334245","135","true"
"1974","4.4531312838540185","0","true","1974","2.2668657909030028","85","true","1974","2.7643413176392793","55","true","1974","2.710361812440213","15","true","1974","2.837748750635999","5","true","1974","3.6082052342261703","25","true","1974","2.8784149406396664","35","true","1974","4.755728804897338","45","true","1974","4.471961646459768","65","true","1974","2.2574653469142825","75","true","1974","2.115529866701022","95","true","1974","4.343012213529658","105","true","1974","4.407373153920367","115","true","1974","2.5104353584292567","125","true","1974","4.768956076796861","135","true"
"1975","4.4508776749047","0","true","1975","2.2657185916161087","85","true","1975","2.7629423594825795","55","true","1975","2.708990171846873","15","true","1975","2.8363126429686734","5","true","1975","3.606379219431522","25","true","1975","2.8769582529166704","35","true","1975","4.7533220595507295","45","true","1975","4.469698507974718","65","true","1975","2.2563229049370994","75","true","1975","2.114459254420303","95","true","1975","4.340814332854795","105","true","1975","4.405142701919395","115","true","1975","2.5091648951911854","125","true","1975","4.766542637486741","135","true"
"1976","4.4486263457823405","0","true","1976","2.264572552874775","85","true","1976","2.7615448165592196","55","true","1976","2.707619918851503","15","true","1976","2.834877988116388","5","true","1976","3.6045550518951375","25","true","1976","2.8755030388281946","35","true","1976","4.750917748949035","45","true","1976","4.467437658957026","65","true","1976","2.2551816186928213","75","true","1976","2.1133897252071416","95","true","1976","4.338618675630285","105","true","1976","4.402914506319031","115","true","1976","2.5078957171966527","125","true","1976","4.764131639693374","135","true"
"1977","4.4463772930291645","0","true","1977","2.263427672918822","85","true","1977","2.7601486867227387","55","true","1977","2.7062510513495557","15","true","1977","2.8334447838756818","5","true","1977","3.6027327288153117","25","true","1977","2.874049296139202","35","true","1977","4.748515869399515","45","true","1977","4.465179095934298","65","true","1977","2.2540414864285685","75","true","1977","2.112321277418867","95","true","1977","4.3364252384838595","105","true","1977","4.40068856369703","115","true","1977","2.506627822496351","125","true","1977","4.761723079713751","135","true"
"1978","4.444130513194384","0","true","1978","2.262283949991627","85","true","1978","2.758753967831014","55","true","1978","2.7048835672407385","15","true","1978","2.8320130280475486","5","true","1978","3.6009122473960016","25","true","1978","2.8725970226191717","35","true","1978","4.746116417216898","45","true","1978","4.462922815441153","65","true","1978","2.2529025063950017","75","true","1978","2.1112539094161287","95","true","1978","4.334234018050063","105","true","1978","4.398464870638062","115","true","1978","2.5053612091449127","125","true","1978","4.759316953852349","135","true"
"1979","4.4418860028341856","0","true","1979","2.2611413823401163","85","true","1979","2.757360657746251","55","true","1979","2.7035174644290008","15","true","1979","2.8305827184374235","5","true","1979","3.5990936048468116","25","true","1979","2.8711462160420913","35","true","1979","4.743719388723354","45","true","1979","4.460668814019213","65","true","1979","2.2517646768463173","75","true","1979","2.1101876195628884","95","true","1979","4.33204501097024","105","true","1979","4.396243423733699","115","true","1979","2.5040958752009","125","true","1979","4.756913258421111","135","true"
"1980","4.439643758511704","0","true","1980","2.259999968214755","85","true","1980","2.7559687543349707","55","true","1980","2.7021527408225245","15","true","1980","2.8291538528551734","5","true","1980","3.597276798382982","25","true","1980","2.8696968741864417","35","true","1980","4.7413247802484815","45","true","1980","4.458417088217083","65","true","1980","2.2506279960402362","75","true","1980","2.1091224062264105","95","true","1980","4.329858213892517","105","true","1980","4.394024219582395","115","true","1980","2.5028318187267957","125","true","1980","4.754511989739425","135","true"
"1981","4.437403776797017","0","true","1981","2.258859705869541","85","true","1981","2.7545782554680005","55","true","1981","2.700789394333714","15","true","1981","2.827726429115085","5","true","1981","3.595461825225372","25","true","1981","2.868248994835187","35","true","1981","4.738932588129284","45","true","1981","4.456167634590334","65","true","1981","2.249492462237996","75","true","1981","2.108058267777255","95","true","1981","4.327673623471783","105","true","1981","4.391807254789468","115","true","1981","2.5015690377889923","125","true","1981","4.752113144134107","135","true"
"1982","4.435166054267114","0","true","1982","2.257720593561992","85","true","1982","2.7531891590204625","55","true","1982","2.6994274228791837","15","true","1982","2.826300445035854","5","true","1982","3.5936486826004472","25","true","1982","2.8668025757757647","35","true","1982","4.7365428087101575","45","true","1982","4.453920449701483","65","true","1982","2.248358073704341","75","true","1982","2.106995202589268","95","true","1982","4.32549123636968","105","true","1982","4.389592525967083","115","true","1982","2.5003075304577824","125","true","1982","4.749716717939385","135","true"
"1983","4.432930587505891","0","true","1983","2.25658262955314","85","true","1983","2.7518014628717626","55","true","1983","2.6980668243797488","15","true","1983","2.824875898440574","5","true","1983","3.5918373677402657","25","true","1983","2.8653576148000712","35","true","1983","4.734155438342864","45","true","1983","4.451675530119981","65","true","1983","2.2472248287075143","75","true","1983","2.105933209039576","95","true","1983","4.323311049254574","105","true","1983","4.387380029734236","115","true","1983","2.49904729480735","125","true","1983","4.747322707496875","135","true"
"1984","4.430697373104125","0","true","1984","2.2554458121075216","85","true","1984","2.75041516490558","55","true","1984","2.696707596760414","15","true","1984","2.8234527871567248","5","true","1984","3.590027877882462","25","true","1984","2.863914109704454","35","true","1984","4.73177047338652","45","true","1984","4.449432872422187","65","true","1984","2.246092725519248","75","true","1984","2.1048722855085735","95","true","1984","4.321133058801549","105","true","1984","4.385169762716738","115","true","1984","2.4977883289157594","125","true","1984","4.744931109155567","135","true"
"1985","4.42846640765946","0","true","1985","2.2543101394931675","85","true","1985","2.7490302630098573","55","true","1985","2.6953497379503633","15","true","1985","2.8220311090161623","5","true","1985","3.588220210270235","25","true","1985","2.8624720582896983","35","true","1985","4.729387910207574","45","true","1985","4.44719247319136","65","true","1985","2.2449617624147575","75","true","1985","2.103812430379919","95","true","1985","4.318957261692384","105","true","1985","4.3829617215471925","115","true","1985","2.496530630864946","125","true","1985","4.742541919271803","135","true"
"1986","4.42623768777639","0","true","1986","2.2531756099815956","85","true","1986","2.7476467550767874","55","true","1986","2.69399324588295","15","true","1986","2.8206108618551076","5","true","1986","3.5864143621523334","25","true","1986","2.8610314583610172","35","true","1986","4.727007745179789","45","true","1986","4.444954329017635","65","true","1986","2.2438319376727267","75","true","1986","2.102753642040523","95","true","1986","4.316783654615539","105","true","1986","4.380755902864985","115","true","1986","2.495274198740706","125","true","1986","4.74015513420926","135","true"
"1987","4.424011210066241","0","true","1987","2.252042221847802","85","true","1987","2.7462646390028054","55","true","1987","2.692638118495685","15","true","1987","2.819192043514134","5","true","1987","3.5846103307830415","25","true","1987","2.8595923077280387","35","true","1987","4.724629974684226","45","true","1987","4.442718436498009","65","true","1987","2.242703249575306","75","true","1987","2.1016959188805426","95","true","1987","4.314612234266134","105","true","1987","4.37855230331626","115","true","1987","2.4940190306326873","125","true","1987","4.7377707503389335","135","true"
"1988","4.421786971147153","0","true","1988","2.2509099733702516","85","true","1988","2.7448839126885756","55","true","1988","2.691284353730227","15","true","1988","2.817774651838159","5","true","1988","3.5828081134221654","25","true","1988","2.8581546042047967","35","true","1988","4.722254595109222","45","true","1988","4.440484792236321","65","true","1988","2.2415756964080984","75","true","1988","2.100639259293373","95","true","1988","4.31244299734594","105","true","1988","4.376350919553909","115","true","1988","2.49276512463438","125","true","1988","4.735388764039115","135","true"
"1989","4.419564967644064","0","true","1989","2.2497788628308695","85","true","1989","2.743504574038983","55","true","1989","2.6899319495323724","15","true","1989","2.8163586846764312","5","true","1989","3.5810077073350186","25","true","1989","2.856718345609719","35","true","1989","4.719881602850373","45","true","1989","4.438253392843237","65","true","1989","2.2404492764601547","75","true","1989","2.0995836616756374","95","true","1989","4.310275940563354","105","true","1989","4.3741517482375505","115","true","1989","2.4915124788431067","125","true","1989","4.733009171695377","135","true"
"1990","4.417345196188693","0","true","1990","2.248648888515033","85","true","1990","2.7421266209631225","55","true","1990","2.6885809038520447","15","true","1990","2.814944139882521","5","true","1990","3.5792091097924095","25","true","1990","2.855283529765616","35","true","1990","4.717510994310518","45","true","1990","4.436024234936234","65","true","1990","2.239323988023962","75","true","1990","2.0985291244271815","95","true","1990","4.3081110606333874","105","true","1990","4.3719547860335135","115","true","1990","2.4902610913600114","125","true","1990","4.7306319697005526","135","true"
"1991","4.415127653419522","0","true","1991","2.247520048711561","85","true","1991","2.7407500513742855","55","true","1991","2.6872312146432837","15","true","1991","2.8135310153143065","5","true","1991","3.577412318070626","25","true","1991","2.853850154499669","35","true","1991","4.71514276589972","45","true","1991","4.433797315139579","65","true","1991","2.2381998293954357","75","true","1991","2.0974756459510635","95","true","1991","4.305948354277648","105","true","1991","4.369760029614822","115","true","1991","2.4890109602900514","125","true","1991","4.7282571544547185","135","true"
"1992","4.41291233598178","0","true","1992","2.24639234171271","85","true","1992","2.739374863189953","55","true","1992","2.6858828798642356","15","true","1992","2.812119308833968","5","true","1992","3.5756173294514233","25","true","1992","2.8524182176434225","35","true","1992","4.712776914035245","45","true","1992","4.4315726300843155","65","true","1992","2.237076798873913","75","true","1992","2.096423224653547","95","true","1992","4.303787818224323","105","true","1992","4.367567475661176","115","true","1992","2.487762083741988","125","true","1992","4.725884722365178","135","true"
"1993","4.410699240527426","0","true","1993","2.2452657658141577","85","true","1993","2.7380010543317836","55","true","1993","2.6845358974771423","15","true","1993","2.810709018307973","5","true","1993","3.5738241412220093","25","true","1993","2.8509877170327687","35","true","1993","4.710413435141546","45","true","1993","4.429350176408246","65","true","1993","2.2359548947621404","75","true","1993","2.0953718589440915","95","true","1993","4.301629449208162","105","true","1993","4.365377120858939","115","true","1993","2.4865144598283764","125","true","1993","4.723514669846439","135","true"
"1994","4.408488363715131","0","true","1994","2.2441403193150027","85","true","1994","2.7366286227256023","55","true","1994","2.6831902654483315","15","true","1994","2.809300141607067","5","true","1994","3.572032750675031","25","true","1994","2.8495586505079404","35","true","1994","4.708052325650247","45","true","1994","4.42712995075591","65","true","1994","2.2348341153662696","75","true","1994","2.0943215472353476","95","true","1994","4.299473243970463","105","true","1994","4.363188961901115","115","true","1994","2.485268086665555","125","true","1994","4.7211469933202","135","true"
"1995","4.406279702210264","0","true","1995","2.2430160005177506","85","true","1995","2.7352575663013914","55","true","1995","2.681845981748207","15","true","1995","2.807892676606262","5","true","1995","3.5702431551085607","25","true","1995","2.8481310159134976","35","true","1995","4.705693582000121","45","true","1995","4.424911949778578","65","true","1995","2.2337144589958458","75","true","1995","2.0932722879431456","95","true","1995","4.297319199259055","105","true","1995","4.361002995487337","115","true","1995","2.4840229623736385","125","true","1995","4.718781689215331","135","true"
"1996","4.404073252684871","0","true","1996","2.241892807728308","85","true","1996","2.7338878829932782","55","true","1996","2.6805030443512377","15","true","1996","2.8064866211848267","5","true","1996","3.5684553518260826","25","true","1996","2.8467048110983177","35","true","1996","4.703337200637076","45","true","1996","4.4226961701342224","65","true","1996","2.2325959239637996","75","true","1996","2.0922240794864893","95","true","1996","4.29516731182828","105","true","1996","4.358819218323848","115","true","1996","2.482779085076506","125","true","1996","4.716418753967852","135","true"
"1997","4.401869011817661","0","true","1997","2.240770739255971","85","true","1997","2.732519570739528","55","true","1997","2.6791614512359465","15","true","1997","2.8050819732262755","5","true","1997","3.56666933813648","25","true","1997","2.845280033915586","35","true","1997","4.700983178014135","45","true","1997","4.420482608487508","65","true","1997","2.2314785085864406","75","true","1997","2.091176920287547","95","true","1997","4.293017578438977","105","true","1997","4.356637627123486","115","true","1997","2.481536452901793","125","true","1997","4.714058184020921","135","true"
"1998","4.39966697629399","0","true","1998","2.239649793413422","85","true","1998","2.7311526274825297","55","true","1998","2.677821200384903","15","true","1998","2.8036787306183584","5","true","1998","3.5648851113540205","25","true","1998","2.843856682222782","35","true","1998","4.698631510591417","45","true","1998","4.4182712615097754","65","true","1998","2.230362211183446","75","true","1998","2.090130808771645","95","true","1998","4.290869995858467","105","true","1998","4.354458218605665","115","true","1998","2.4802950639808814","125","true","1998","4.711699975824812","135","true"
"1999","4.397467142805843","0","true","1999","2.238529968516715","85","true","1999","2.7297870511687883","55","true","1999","2.6764822897847105","15","true","1999","2.802276891253049","5","true","1999","3.5631026687983436","25","true","1999","2.8424347538816703","35","true","1999","4.696282194836121","45","true","1999","4.41606212587902","65","true","1999","2.229247030077854","75","true","1999","2.0890857433672596","95","true","1999","4.288724560860538","105","true","1999","4.3522809894963626","115","true","1999","2.479054916448891","125","true","1999","4.7093441258369","135","true"

